113
50
100
200
600
700
1000
1500
1900
2000
2500
3000
4000
4500
5000
310
387
491
532
547
572
724
741
918
930
1163
1301
1485
1725
1853
1855
2137
2229
2241
2318
2330
2387
2481
2770
2810
2839
2930
3026
3478
3571
3692
3903
3976
4078
4083
4221
4268
4542
4597
4661
4767
4966
5070
5123
5158
5167
5301
5361
5516
5525
5640
5692
5696
5862
5934
6108
6133
6351
6371
6386
6414
6831
6838
6881
7011
7026
7073
7144
7169
7197
7203
7235
7236
7298
7490
7608
7838
8049
8071
8102
8272
8322
8504
8576
8708
8816
8907
8973
9001
9024
9037
9274
9408
9443
9540
9574
9684
9731
9779
9928