1 15
1 325
1 381
1 394
1 429
1 442
1 526
1 974
1 1331
1 1731
1 1761
1 1796
1 1867
1 2119
1 2131
1 2360
1 2542
1 2557
1 2661
1 2700
1 2726
1 2897
1 2942
1 3362
1 3548
1 3582
1 3767
1 3831
1 3850
1 3897
1 3909
1 4042
1 4161
1 4387
1 4692
1 4761
1 4928
2 41
2 402
2 472
2 663
2 685
2 692
2 698
2 1119
2 1366
2 1507
2 1610
2 1691
2 1695
2 1724
2 1748
2 1817
2 1901
2 1957
2 2000
2 2022
2 2316
2 2477
2 2561
2 3044
2 3106
2 3277
2 3527
2 3565
2 3619
2 3828
2 3908
2 3923
2 3930
2 3956
2 4179
2 4193
2 4320
2 4558
2 4613
2 4678
2 4832
2 4842
2 4846
3 7
3 321
3 327
3 423
3 538
3 909
3 1036
3 1158
3 1220
3 1248
3 1253
3 1385
3 1443
3 1534
3 1599
3 1670
3 1744
3 2002
3 2010
3 2128
3 2141
3 2157
3 2380
3 2637
3 2921
3 2964
3 3210
3 3232
3 3797
3 3975
3 3985
3 4018
3 4097
3 4161
3 4177
3 4326
3 4365
3 4518
3 4758
3 4986
3 4991
3 4996
4 286
4 370
4 445
4 613
4 624
4 856
4 946
4 1036
4 1210
4 1297
4 1336
4 1553
4 1897
4 2066
4 2101
4 2250
4 2297
4 2394
4 2460
4 2609
4 2657
4 2688
4 2748
4 2792
4 2984
4 3215
4 3268
4 3409
4 3733
4 3749
4 3849
4 3868
4 4173
4 4254
4 4727
4 4786
4 4874
5 72
5 326
5 380
5 428
5 559
5 658
5 797
5 821
5 869
5 1128
5 1217
5 1328
5 1462
5 1480
5 1635
5 1862
5 1913
5 1919
5 2106
5 2112
5 2267
5 2443
5 2480
5 2519
5 2520
5 2809
5 2896
5 3008
5 3064
5 3069
5 3121
5 3156
5 3417
5 3454
5 3602
5 3728
5 3768
5 3859
5 3864
5 4041
5 4073
5 4266
5 4313
5 4385
5 4680
5 4691
5 4899
5 4919
6 24
6 105
6 357
6 382
6 426
6 728
6 838
6 885
6 973
6 1111
6 1308
6 1335
6 1483
6 1529
6 1542
6 1616
6 1667
6 1817
6 1859
6 1973
6 2092
6 2140
6 2221
6 2237
6 2289
6 2381
6 2525
6 2599
6 2603
6 2634
6 2758
6 2917
6 2965
6 3078
6 3185
6 3376
6 3481
6 3503
6 3577
6 3895
6 4031
6 4102
6 4144
6 4257
6 4270
6 4277
6 4424
6 4501
6 4696
6 4857
7 618
7 870
7 1375
7 1474
7 1567
7 1659
7 1766
7 1833
7 1875
7 1878
7 2035
7 2069
7 2081
7 2202
7 2216
7 2238
7 2501
7 2545
7 2831
7 2873
7 2887
7 2903
7 2975
7 3020
7 3062
7 3069
7 3133
7 3255
7 3298
7 3366
7 3593
7 3648
7 3769
7 3951
7 4099
7 4341
7 4450
7 4569
7 4623
7 4687
7 4799
7 4805
7 4817
7 4841
7 4851
7 4857
8 297
8 311
8 395
8 617
8 624
8 726
8 1007
8 1166
8 1321
8 1360
8 1378
8 1423
8 1603
8 1604
8 1646
8 1652
8 1668
8 1818
8 1860
8 1922
8 2147
8 2283
8 2805
8 2879
8 2952
8 3257
8 3344
8 3448
8 3663
8 3669
8 3764
8 4154
8 4230
8 4593
8 4963
9 53
9 74
9 83
9 257
9 262
9 305
9 376
9 811
9 891
9 901
9 926
9 1006
9 1070
9 1106
9 1119
9 1424
9 1528
9 1605
9 1715
9 1738
9 1765
9 1936
9 2133
9 2354
9 2383
9 2430
9 2532
9 2711
9 2824
9 2865
9 2876
9 2960
9 3073
9 3222
9 3239
9 3336
9 3489
9 3508
9 3558
9 3670
9 3929
9 4103
9 4359
9 4427
9 4632
9 4722
9 4792
9 4992
10 79
10 98
10 140
10 282
10 342
10 399
10 435
10 442
10 696
10 720
10 778
10 904
10 984
10 1338
10 1398
10 1541
10 1558
10 1588
10 1681
10 1693
10 1861
10 1928
10 2195
10 2543
10 2547
10 2577
10 2578
10 2589
10 2646
10 2683
10 2702
10 2874
10 2893
10 2997
10 3122
10 3173
10 3307
10 3363
10 3439
10 3589
10 4010
10 4189
10 4199
10 4487
10 4951
10 4999
11 80
11 124
11 210
11 308
11 329
11 367
11 494
11 574
11 619
11 826
11 873
11 983
11 1054
11 1061
11 1088
11 1192
11 1398
11 1434
11 1496
11 1518
11 1712
11 1781
11 1849
11 1943
11 2096
11 2191
11 2449
11 2497
11 2528
11 2612
11 2647
11 2735
11 3016
11 3253
11 3313
11 3347
11 3609
11 3902
11 3925
11 3992
11 4063
11 4112
11 4164
11 4168
11 4248
11 4286
11 4306
11 4425
11 4616
11 4719
11 4735
11 4741
11 4747
11 4929
11 4970
12 21
12 241
12 257
12 280
12 518
12 567
12 580
12 600
12 623
12 642
12 679
12 841
12 900
12 919
12 1401
12 1415
12 1430
12 1578
12 1594
12 1822
12 1858
12 1946
12 2118
12 2177
12 2264
12 2462
12 2676
12 2694
12 2773
12 3162
12 3399
12 3412
12 3510
12 3614
12 3757
12 3794
12 3840
12 3914
12 4186
12 4394
12 4399
12 4474
12 4521
12 4594
12 4718
12 4797
12 4908
13 79
13 173
13 178
13 196
13 293
13 537
13 626
13 912
13 925
13 999
13 1063
13 1085
13 1492
13 1719
13 1820
13 1925
13 1954
13 2089
13 2172
13 2200
13 2287
13 2402
13 2448
13 2458
13 2565
13 2753
13 3058
13 3074
13 3242
13 3370
13 3492
13 3499
13 3621
13 3683
13 3773
13 3810
13 3878
13 3884
13 3991
13 4045
13 4171
13 4301
13 4456
13 4505
13 4675
13 4913
13 4938
13 5000
14 481
14 490
14 514
14 665
14 686
14 1038
14 1237
14 1569
14 1589
14 1666
14 1669
14 1779
14 1896
14 2055
14 2078
14 2394
14 2544
14 2546
14 2576
14 2600
14 2742
14 2772
14 2883
14 3006
14 3015
14 3135
14 3437
14 3533
14 3713
14 4184
14 4212
14 4292
14 4300
14 4304
14 4477
14 4507
14 4828
15 96
15 271
15 343
15 463
15 522
15 527
15 534
15 554
15 628
15 647
15 832
15 935
15 961
15 1017
15 1065
15 1079
15 1084
15 1329
15 1645
15 1653
15 1706
15 1729
15 1733
15 1795
15 1807
15 1831
15 2378
15 2386
15 2408
15 2533
15 2878
15 2935
15 3040
15 3047
15 3107
15 3392
15 3425
15 3599
15 3816
15 3903
15 3918
15 4167
15 4345
15 4608
15 4893
16 24
16 57
16 158
16 193
16 243
16 263
16 281
16 467
16 718
16 727
16 744
16 814
16 849
16 1090
16 1291
16 1478
16 1644
16 1798
16 1930
16 1933
16 2043
16 2091
16 2134
16 2292
16 2321
16 2395
16 2492
16 2900
16 3131
16 3216
16 3289
16 3322
16 3472
16 3830
16 3833
16 3856
16 4116
16 4170
16 4611
16 4865
16 4945
17 175
17 227
17 383
17 446
17 506
17 516
17 520
17 583
17 880
17 930
17 1149
17 1198
17 1313
17 1371
17 1514
17 1617
17 1631
17 1658
17 1754
17 1761
17 1915
17 1916
17 2286
17 2300
17 2326
17 2447
17 2614
17 2655
17 2856
17 2920
17 2927
17 2934
17 3265
17 4072
17 4314
17 4666
18 200
18 222
18 239
18 326
18 366
18 510
18 565
18 668
18 687
18 786
18 890
18 941
18 1011
18 1012
18 1048
18 1113
18 1240
18 1277
18 1302
18 1537
18 1554
18 1614
18 1769
18 1891
18 1906
18 2257
18 2556
18 2791
18 2996
18 3070
18 3357
18 3384
18 3418
18 3491
18 3649
18 3680
18 3963
18 4061
18 4117
18 4139
18 4155
18 4182
18 4446
18 4478
18 4529
18 4690
18 4784
18 4812
18 4926
18 4980
19 23
19 114
19 138
19 175
19 690
19 742
19 861
19 1031
19 1044
19 1118
19 1352
19 1633
19 1677
19 1872
19 1921
19 1966
19 2027
19 2030
19 2167
19 2317
19 2569
19 2740
19 2759
19 2793
19 2995
19 3192
19 3233
19 3317
19 3381
19 3498
19 3702
19 3788
19 3880
19 3946
19 4165
19 4206
19 4436
19 4628
19 4669
19 4821
19 4885
19 4889
20 26
20 194
20 595
20 677
20 714
20 789
20 848
20 1114
20 1295
20 1347
20 1403
20 1499
20 1509
20 1567
20 1741
20 1789
20 1870
20 2173
20 2467
20 2691
20 2721
20 2845
20 3321
20 3436
20 3505
20 3539
20 3573
20 3660
20 3685
20 3720
20 3781
20 4136
20 4169
20 4448
20 4689
20 4715
20 4725
20 4789
20 4790
20 4901
21 81
21 255
21 274
21 310
21 590
21 743
21 781
21 791
21 1141
21 1143
21 1288
21 1376
21 1444
21 1487
21 1723
21 1840
21 1857
21 2219
21 2239
21 2344
21 2379
21 2596
21 2604
21 2650
21 2670
21 2936
21 3055
21 3090
21 3111
21 3150
21 3309
21 3333
21 3352
21 3367
21 3451
21 3474
21 3640
21 3646
21 3705
21 3770
21 3952
21 4108
21 4156
21 4183
21 4366
21 4402
21 4439
21 4486
21 4525
21 4536
21 4545
21 4848
21 4872
21 4911
22 24
22 86
22 301
22 354
22 470
22 563
22 579
22 630
22 737
22 836
22 913
22 1258
22 1665
22 1746
22 1834
22 1963
22 2019
22 2049
22 2151
22 2209
22 2692
22 2765
22 2771
22 2947
22 2973
22 3161
22 3267
22 3476
22 3516
22 3624
22 3682
22 3800
22 3916
22 3993
22 4214
22 4371
22 4443
22 4677
22 4835
22 4914
23 167
23 385
23 560
23 654
23 769
23 968
23 1235
23 1322
23 1449
23 1570
23 1824
23 1873
23 1908
23 2045
23 2084
23 2285
23 2529
23 2924
23 3102
23 3488
23 3634
23 3722
23 3771
23 3783
23 3834
23 4113
23 4360
23 4468
23 4705
23 4804
24 109
24 416
24 544
24 627
24 657
24 783
24 945
24 992
24 1074
24 1252
24 1306
24 1445
24 1519
24 1837
24 2087
24 2116
24 2154
24 2229
24 2236
24 2373
24 2464
24 2554
24 2746
24 2767
24 2790
24 2798
24 2859
24 2871
24 2949
24 2971
24 3035
24 3093
24 3229
24 3327
24 4056
24 4076
24 4109
24 4278
24 4352
24 4391
24 4482
24 4590
24 4743
25 29
25 74
25 242
25 298
25 313
25 346
25 356
25 473
25 480
25 564
25 633
25 724
25 731
25 942
25 1105
25 1191
25 1256
25 1284
25 1344
25 1416
25 1488
25 1520
25 1566
25 1579
25 1992
25 2065
25 2083
25 2248
25 2363
25 2736
25 2972
25 3063
25 3089
25 3132
25 3176
25 3180
25 3627
25 3855
25 3922
25 4100
25 4107
25 4202
25 4256
25 4287
25 4347
25 4627
25 4994
26 216
26 419
26 543
26 570
26 655
26 915
26 1033
26 1179
26 1477
26 1540
26 1587
26 2015
26 2059
26 2168
26 2197
26 2306
26 2469
26 2553
26 2566
26 2582
26 2787
26 2884
26 2979
26 3088
26 3245
26 3328
26 3465
26 3581
26 3920
26 3973
26 4068
26 4247
26 4442
26 4660
26 4788
26 4892
27 217
27 222
27 735
27 812
27 990
27 1028
27 1173
27 1373
27 1456
27 1460
27 1486
27 1521
27 1598
27 1847
27 2064
27 2070
27 2107
27 2327
27 2940
27 2953
27 2957
27 3002
27 3311
27 3424
27 3429
27 3694
27 3704
27 3852
27 3966
27 4011
27 4052
27 4146
27 4271
27 4276
27 4451
27 4698
27 4744
27 4847
28 332
28 333
28 346
28 699
28 986
28 1043
28 1093
28 1304
28 1512
28 1524
28 1649
28 1694
28 2271
28 2314
28 2513
28 2560
28 2568
28 2601
28 2656
28 2755
28 3017
28 3129
28 3252
28 3306
28 3358
28 3696
28 3848
28 4115
28 4213
28 4273
28 4318
28 4609
28 4638
28 4655
28 4794
29 113
29 127
29 396
29 784
29 1035
29 1041
29 1159
29 1767
29 1794
29 2041
29 2249
29 2429
29 2756
29 2789
29 3045
29 3209
29 3552
29 3845
29 3906
29 3982
29 4311
29 4742
29 4810
29 4838
29 4868
29 4884
30 136
30 151
30 161
30 219
30 286
30 484
30 531
30 601
30 894
30 998
30 1026
30 1030
30 1058
30 1175
30 1286
30 1287
30 1538
30 1775
30 1899
30 1967
30 1989
30 2090
30 2170
30 2247
30 2290
30 2595
30 2836
30 3033
30 3198
30 3212
30 3460
30 3519
30 3554
30 3654
30 3851
30 4217
30 4331
30 4340
30 4445
30 4515
30 4555
30 4708
30 4879
31 456
31 458
31 475
31 524
31 570
31 793
31 929
31 954
31 1087
31 1095
31 1180
31 1186
31 1476
31 1602
31 1686
31 1868
31 1911
31 2139
31 2179
31 2275
31 2412
31 2420
31 2629
31 2770
31 2880
31 3144
31 3182
31 3430
31 3661
31 3662
31 3697
31 3765
31 3911
31 4143
31 4236
31 4441
31 4619
31 4648
31 4736
31 4778
31 4967
32 114
32 139
32 191
32 215
32 330
32 349
32 505
32 612
32 639
32 755
32 837
32 918
32 1298
32 1498
32 1544
32 1576
32 1637
32 1885
32 2088
32 2217
32 2706
32 2719
32 2724
32 2804
32 2872
32 2958
32 3077
32 3183
32 3458
32 3546
32 3610
32 3706
32 3731
32 4034
32 4354
32 4642
32 4830
33 78
33 234
33 456
33 536
33 652
33 775
33 807
33 985
33 1083
33 1117
33 1160
33 1197
33 1204
33 1243
33 1312
33 1369
33 1539
33 1561
33 1827
33 2478
33 2491
33 2611
33 2621
33 2713
33 2750
33 2962
33 3283
33 3426
33 3629
33 3715
33 3762
33 3989
33 4021
33 4219
33 4284
33 4309
33 4319
33 4485
33 4562
33 4703
33 4709
33 4750
33 4907
34 67
34 104
34 190
34 194
34 285
34 434
34 500
34 504
34 632
34 650
34 675
34 760
34 866
34 1171
34 1219
34 1305
34 1455
34 1523
34 1525
34 1568
34 1574
34 1886
34 2097
34 2298
34 2319
34 2950
34 3023
34 3084
34 3169
34 3282
34 3449
34 3468
34 3650
34 3666
34 4002
34 4190
34 4312
34 4426
34 4434
34 4502
34 4659
34 4700
34 4791
34 4960
35 246
35 323
35 357
35 605
35 641
35 723
35 850
35 877
35 966
35 1144
35 1393
35 1591
35 1608
35 1624
35 1714
35 1730
35 1752
35 1841
35 1968
35 2057
35 2060
35 2210
35 2510
35 2635
35 2673
35 2822
35 2854
35 2877
35 3009
35 3079
35 3671
35 3721
35 3907
35 4043
35 4237
35 4329
35 4459
35 4494
35 4500
35 4605
36 233
36 347
36 410
36 603
36 609
36 926
36 962
36 1059
36 1097
36 1265
36 1377
36 1502
36 1575
36 1732
36 1842
36 2024
36 2037
36 2114
36 2164
36 2226
36 2347
36 3066
36 3143
36 3260
36 3600
36 3651
36 3821
36 3931
36 4235
36 4260
36 4455
36 4568
36 4631
36 4695
36 4833
36 4895
36 4918
37 38
37 75
37 77
37 92
37 140
37 309
37 568
37 576
37 602
37 965
37 1687
37 1749
37 1784
37 1848
37 1920
37 1961
37 2230
37 2333
37 2335
37 2404
37 2716
37 3042
37 3246
37 3279
37 3522
37 3939
37 3964
37 4547
37 4726
37 4729
37 4944
38 141
38 207
38 498
38 555
38 610
38 666
38 688
38 693
38 757
38 932
38 995
38 1019
38 1151
38 1263
38 1309
38 1420
38 1485
38 1664
38 1727
38 1905
38 2162
38 2348
38 2597
38 2630
38 2652
38 2898
38 2983
38 3194
38 3238
38 3287
38 3480
38 3500
38 3760
38 3847
38 3968
38 3976
38 4085
38 4151
38 4752
38 4762
38 4798
38 4974
38 4983
39 74
39 142
39 377
39 512
39 548
39 552
39 585
39 751
39 772
39 847
39 908
39 1018
39 1023
39 1040
39 1102
39 1222
39 1247
39 1788
39 1864
39 2718
39 3034
39 3125
39 3303
39 3557
39 3578
39 3618
39 3969
39 4198
39 4844
40 70
40 78
40 84
40 287
40 404
40 407
40 427
40 432
40 449
40 864
40 1045
40 1236
40 1246
40 1359
40 1414
40 1704
40 1871
40 2124
40 2132
40 2305
40 2346
40 2444
40 2686
40 2802
40 2812
40 2855
40 2926
40 2991
40 3181
40 3493
40 3608
40 3807
40 3893
40 4225
40 4362
40 4587
40 4836
41 181
41 250
41 388
41 405
41 462
41 573
41 823
41 892
41 1010
41 1271
41 1301
41 1466
41 1564
41 2334
41 2384
41 2419
41 2450
41 2506
41 2534
41 2671
41 2689
41 2703
41 2763
41 2864
41 2869
41 2901
41 3028
41 3302
41 3615
41 3645
41 3754
41 3954
41 4106
41 4330
41 4337
41 4396
41 4406
41 4546
41 4602
41 4878
41 4915
41 4965
41 4982
42 131
42 270
42 279
42 478
42 561
42 627
42 835
42 896
42 1004
42 1066
42 1194
42 1689
42 1881
42 1990
42 2068
42 2109
42 2590
42 2613
42 2769
42 3030
42 3096
42 3140
42 3203
42 3235
42 3280
42 3466
42 3507
42 3543
42 3668
42 3744
42 3799
42 4017
42 4135
42 4203
42 4324
42 4617
42 4845
42 4860
42 4943
42 4964
43 145
43 163
43 256
43 304
43 338
43 523
43 526
43 683
43 788
43 809
43 842
43 1169
43 1226
43 1382
43 1584
43 1615
43 1894
43 1934
43 1977
43 1979
43 2036
43 2245
43 2299
43 2352
43 2364
43 2738
43 2939
43 3259
43 3356
43 3422
43 3712
43 3777
43 3978
43 4012
43 4092
43 4522
43 4548
43 4652
43 4949
44 80
44 361
44 569
44 638
44 824
44 989
44 1397
44 1660
44 1776
44 1854
44 1932
44 2001
44 2307
44 2376
44 2862
44 3218
44 3584
44 3686
44 3743
44 3967
44 4046
44 4526
44 4584
45 544
45 777
45 825
45 910
45 911
45 1051
45 1155
45 1273
45 1410
45 1479
45 1756
45 1772
45 1952
45 2617
45 2632
45 2636
45 2932
45 2956
45 2959
45 2961
45 3024
45 3139
45 3217
45 3555
45 3644
45 3677
45 3752
45 4051
45 4147
45 4204
45 4405
45 4444
45 4822
45 4852
45 4859
45 4923
46 57
46 73
46 89
46 541
46 725
46 767
46 1167
46 1648
46 1707
46 2082
46 2129
46 2296
46 2551
46 2581
46 2675
46 2710
46 2815
46 2906
46 3011
46 3388
46 3400
46 3504
46 3569
46 3714
46 3873
46 3979
46 4057
46 4181
46 4369
46 4527
46 4755
46 4896
47 87
47 151
47 414
47 813
47 1275
47 1412
47 1713
47 1716
47 1844
47 1869
47 2023
47 2062
47 2169
47 2203
47 2276
47 2695
47 3200
47 3567
47 3643
47 3732
47 3803
47 3866
47 3899
47 3990
47 4299
47 4411
47 4745
47 4898
48 111
48 153
48 184
48 207
48 209
48 212
48 790
48 1101
48 1122
48 1396
48 1473
48 1590
48 2180
48 2452
48 2570
48 2583
48 2987
48 2999
48 3103
48 3141
48 3337
48 3441
48 3446
48 3524
48 3529
48 3628
48 3804
48 3965
48 4019
48 4023
48 4037
48 4090
48 4363
48 4440
48 4493
49 277
49 299
49 313
49 392
49 1071
49 1131
49 1388
49 1628
49 2005
49 2153
49 2280
49 2313
49 2677
49 2919
49 2944
49 3329
49 3461
49 3470
49 3528
49 3819
49 4210
49 4528
49 4574
49 4653
49 4711
50 813
50 1146
50 1384
50 1390
50 1944
50 2256
50 2421
50 2432
50 2455
50 2693
50 2827
50 2838
50 2852
50 2974
50 3420
50 3479
50 3598
50 3724
50 3888
50 3928
50 3932
50 4022
50 4086
50 4089
50 4295
50 4519
50 4540
50 4566
50 4650
50 4702
50 4861
50 4950
50 4973
51 555
51 701
51 951
51 1257
51 1370
51 1774
51 1850
51 2017
51 2053
51 2206
51 2232
51 2343
51 2440
51 2666
51 2708
51 2891
51 3029
51 3806
51 3862
51 3959
51 4078
51 4098
51 4176
51 4315
51 4325
51 4346
51 4554
51 4739
51 4875
51 4955
52 56
52 82
52 108
52 135
52 225
52 233
52 275
52 289
52 307
52 469
52 492
52 582
52 636
52 819
52 874
52 1126
52 1129
52 1809
52 1900
52 1986
52 2093
52 2155
52 2260
52 2353
52 2665
52 2782
52 2813
52 2835
52 3026
52 3127
52 3189
52 3248
52 3338
52 4065
52 4239
52 4370
52 4383
52 4621
52 4764
52 4870
53 58
53 230
53 353
53 439
53 756
53 843
53 937
53 1092
53 1110
53 1300
53 1737
53 1988
53 2121
53 2228
53 2486
53 2587
53 2626
53 2682
53 2817
53 2820
53 2955
53 2992
53 3018
53 3051
53 3095
53 3258
53 3359
53 3822
53 3924
53 4471
53 4624
53 4883
53 4906
53 4989
54 202
54 271
54 314
54 773
54 884
54 1172
54 1517
54 1630
54 1830
54 1909
54 2562
54 2687
54 3191
54 3314
54 3374
54 3407
54 3452
54 3531
54 3595
54 3894
54 4192
54 4353
54 4372
54 4377
54 4575
54 4753
54 4757
55 76
55 94
55 174
55 362
55 366
55 763
55 902
55 1000
55 1213
55 1250
55 1700
55 1751
55 1778
55 1793
55 1855
55 2073
55 2259
55 2356
55 2362
55 2389
55 2640
55 2642
55 2913
55 3633
55 4001
55 4059
55 4367
55 4581
55 4759
55 4924
56 107
56 542
56 801
56 1096
56 1623
56 1803
56 2144
56 2263
56 2499
56 2623
56 2808
56 2938
56 2990
56 3108
56 3154
56 3413
56 3432
56 3537
56 3553
56 3638
56 3756
56 3846
56 3896
56 4004
56 4054
56 4110
56 4142
56 4191
56 4201
56 4222
56 4364
56 4386
57 148
57 211
57 244
57 694
57 707
57 1130
57 1353
57 1453
57 2026
57 2331
57 2411
57 2481
57 2537
57 2727
57 2888
57 2899
57 2928
57 2981
57 3597
57 3882
57 4488
57 4686
57 4749
57 4754
57 4796
58 341
58 611
58 996
58 1069
58 1077
58 1440
58 1467
58 1535
58 2102
58 2442
58 3005
58 3201
58 3360
58 3690
58 3709
58 3759
58 3997
58 4066
58 4141
58 4475
58 4553
58 4760
58 4942
59 179
59 236
59 312
59 423
59 437
59 450
59 486
59 539
59 620
59 676
59 782
59 840
59 1039
59 1233
59 1326
59 1763
59 1780
59 1797
59 2032
59 2187
59 2493
59 2559
59 2567
59 2681
59 2905
59 3109
59 3226
59 3343
59 3541
59 3632
59 3689
59 3872
59 3904
59 4153
59 4180
59 4416
59 4467
59 4470
60 352
60 574
60 672
60 898
60 981
60 1142
60 1282
60 1463
60 1643
60 1740
60 1813
60 1972
60 1984
60 2158
60 2325
60 2409
60 2538
60 2697
60 2774
60 3001
60 3263
60 3276
60 3394
60 3562
60 4218
60 4305
60 4342
60 4463
60 4654
60 4707
61 93
61 94
61 488
61 517
61 806
61 871
61 1201
61 1491
61 1634
61 1696
61 1940
61 2138
61 2174
61 2242
61 2295
61 2457
61 2886
61 2915
61 2969
61 3091
61 3369
61 3421
61 3511
61 4064
61 4194
61 4231
61 4275
61 4349
61 4559
61 4607
61 4773
61 4849
62 93
62 334
62 359
62 369
62 409
62 604
62 664
62 702
62 888
62 1657
62 1721
62 2182
62 2211
62 2387
62 2446
62 2641
62 3320
62 3431
62 3676
62 3691
62 3853
62 3854
62 4044
62 4200
62 4279
62 4280
62 4288
62 4565
62 4601
62 4748
62 4771
62 4776
62 4933
62 4976
63 83
63 228
63 296
63 436
63 643
63 721
63 1099
63 1245
63 1448
63 1663
63 1965
63 2003
63 2016
63 2038
63 2148
63 2223
63 2234
63 2494
63 2555
63 2912
63 3003
63 3795
63 3891
63 4243
63 4389
63 4393
63 4578
63 4684
63 4710
64 92
64 130
64 245
64 319
64 372
64 592
64 593
64 691
64 704
64 799
64 1116
64 1123
64 1174
64 1234
64 1261
64 1279
64 1441
64 1546
64 1641
64 2215
64 2370
64 2416
64 2925
64 3038
64 3204
64 3860
64 3865
64 4028
64 4188
64 4282
64 4321
64 4414
64 4480
64 4733
64 4881
64 4904
65 193
65 586
65 661
65 948
65 960
65 967
65 1002
65 1003
65 1189
65 1200
65 1294
65 1442
65 1640
65 1819
65 2349
65 2788
65 3075
65 3083
65 3099
65 3386
65 3434
65 3484
65 3495
65 3647
65 4048
65 4069
65 4185
65 4903
65 4972
65 4981
66 190
66 448
66 557
66 566
66 703
66 817
66 1020
66 1138
66 1239
66 1391
66 1622
66 1816
66 2511
66 2863
66 3274
66 3427
66 3438
66 3652
66 3785
66 3910
66 4033
66 4274
66 4281
66 4492
66 4661
67 168
67 284
67 339
67 482
67 591
67 768
67 857
67 1165
67 1177
67 1202
67 1490
67 1661
67 2428
67 2439
67 2967
67 3863
67 4241
67 4296
67 4368
67 4438
67 4604
67 4626
67 4900
68 87
68 120
68 197
68 205
68 669
68 771
68 905
68 1229
68 1367
68 1400
68 1835
68 2277
68 2345
68 2390
68 2418
68 2445
68 2508
68 2733
68 2986
68 2994
68 3221
68 3301
68 3934
68 4083
68 4138
68 4242
68 4244
68 4586
69 70
69 154
69 350
69 502
69 820
69 829
69 1103
69 1332
69 1356
69 2243
69 2425
69 2699
69 3027
69 3057
69 3136
69 3411
69 3960
69 4093
69 4539
69 4681
70 220
70 358
70 713
70 947
70 1139
70 1293
70 1333
70 1429
70 1592
70 1680
70 2176
70 2454
70 2615
70 2811
70 2977
70 3098
70 3295
70 3414
70 3887
70 3994
70 4058
70 4127
70 4339
70 4381
70 4504
70 4557
70 4694
70 4802
70 4936
71 336
71 669
71 844
71 897
71 957
71 1959
71 2137
71 2241
71 2400
71 2512
71 2739
71 2910
71 3145
71 3155
71 3227
71 3653
71 3703
71 3970
71 4029
71 4398
71 4409
71 4429
71 4664
71 4734
72 223
72 229
72 503
72 651
72 710
72 739
72 758
72 958
72 970
72 1254
72 1267
72 1606
72 1783
72 1974
72 2052
72 2266
72 2482
72 2535
72 2797
72 2911
72 3163
72 3353
72 3594
72 3870
72 3886
72 4290
72 4355
72 4430
72 4816
72 4829
72 4876
73 95
73 187
73 237
73 477
73 629
73 1674
73 1708
73 1877
73 1918
73 2104
73 2159
73 2227
73 2251
73 2329
73 2575
73 3048
73 3118
73 3240
73 3256
73 3269
73 3457
73 3482
73 4119
73 4175
73 4238
73 4421
73 4651
74 133
74 171
74 722
74 845
74 924
74 1133
74 1178
74 1552
74 1586
74 1926
74 2208
74 2365
74 2933
74 3606
74 3739
74 4618
74 4714
75 183
75 226
75 235
75 278
75 441
75 496
75 1364
75 1381
75 1515
75 1975
75 2204
75 2766
75 2778
75 2786
75 2914
75 3247
75 3305
75 3659
75 3735
75 3898
75 3984
75 4024
75 4166
75 4211
75 4246
75 4629
75 4985
76 337
76 509
76 865
76 878
76 994
76 1154
76 1526
76 1580
76 1971
76 2008
76 2095
76 2279
76 2281
76 2593
76 2776
76 3835
76 3948
76 4350
76 4403
76 4772
76 4961
77 213
77 920
77 987
77 1722
77 1787
77 2063
77 2375
77 2870
77 2923
77 3053
77 3236
77 3291
77 3502
77 3550
77 4050
77 4252
77 4693
78 122
78 206
78 260
78 575
78 588
78 622
78 753
78 1135
78 1458
78 1639
78 1757
78 2033
78 2108
78 2310
78 2451
78 2584
78 2850
78 3294
78 3308
78 3515
78 3631
78 3814
78 3936
78 4704
79 403
79 853
79 863
79 982
79 1082
79 1181
79 1504
79 2224
79 2388
79 2453
79 2847
79 3351
79 3428
79 3525
79 3560
79 3622
79 3623
79 3787
79 3881
79 4322
79 4472
79 4549
80 218
80 363
80 379
80 466
80 907
80 1939
80 2330
80 2414
80 2540
80 3031
80 3228
80 3391
80 3753
80 3805
80 4038
81 1015
81 1342
81 1345
81 1673
81 1829
81 1851
81 2094
81 2531
81 3290
81 3518
81 3915
81 4016
81 4418
81 4713
82 673
82 689
82 747
82 794
82 1062
82 1426
82 1739
82 1856
82 1876
82 1937
82 1964
82 2233
82 3157
82 3158
82 3410
82 3587
82 3811
82 3961
82 3962
82 4077
82 4404
82 4476
82 4787
83 121
83 859
83 1134
83 1324
83 1372
83 1582
83 1678
83 1790
83 1838
83 1892
83 2288
83 2367
83 2461
83 2608
83 2754
83 3147
83 3213
83 3393
83 3419
83 3711
83 3955
83 4265
83 4390
83 4524
83 4600
83 4767
84 798
84 1341
84 1421
84 1777
84 1924
84 2113
84 2253
84 2433
84 2488
84 3224
84 3380
84 3433
84 3517
84 4187
84 4205
84 4255
84 4348
84 4407
84 4712
84 4948
85 208
85 238
85 318
85 364
85 654
85 879
85 1098
85 1163
85 1211
85 1238
85 1465
85 1903
85 1912
85 2149
85 2265
85 2424
85 2644
85 3230
85 3349
85 3401
85 3681
85 3748
85 4000
85 4039
85 4495
85 4517
85 4570
85 4630
86 169
86 170
86 203
86 317
86 815
86 833
86 944
86 1654
86 2268
86 2768
86 2781
86 3186
86 3405
86 3523
86 3538
86 4316
86 4853
87 438
87 916
87 934
87 1413
87 1593
87 1618
87 1785
87 1945
87 2541
87 2558
87 2777
87 3477
87 3512
87 3626
87 3790
87 3941
87 4595
87 4731
87 4958
88 135
88 273
88 571
88 745
88 1330
88 1374
88 1672
88 2080
88 2111
88 2252
88 2255
88 2563
88 3039
88 3142
88 3167
88 3199
88 3254
88 3442
88 4009
88 4062
88 4357
88 4497
88 4815
88 4931
89 491
89 631
89 732
89 764
89 1299
89 2503
89 2816
89 2849
89 3012
89 3071
89 3120
89 3225
89 3443
89 3766
89 3801
89 3808
89 3829
89 3832
89 4178
89 4272
89 4639
90 375
90 780
90 804
90 944
90 1218
90 1435
90 2165
90 2193
90 3241
90 3361
90 3463
90 3540
90 3657
90 4408
90 4530
90 4533
90 4683
91 183
91 355
91 378
91 440
91 443
91 454
91 616
91 621
91 678
91 858
91 875
91 1209
91 1285
91 1685
91 2192
91 2516
91 2685
91 2698
91 2783
91 3152
91 3673
91 3741
91 3857
91 3998
91 4310
91 4449
91 4479
91 4679
91 4775
91 4818
92 156
92 508
92 1057
92 1314
92 1419
92 1557
92 1625
92 1810
92 2058
92 2485
92 2674
92 2712
92 2743
92 3375
92 3462
92 3755
92 3825
92 4025
92 4040
92 4088
92 4264
92 4490
92 4513
92 4777
92 4934
93 106
93 457
93 635
93 803
93 980
93 1075
93 1439
93 1612
93 1929
93 1991
93 2752
93 3284
93 3530
93 3913
93 4379
93 4939
94 556
94 851
94 1255
94 1340
94 1392
94 1611
94 1638
94 1927
94 2014
94 2517
94 2680
94 2866
94 3175
94 3297
94 3496
94 3535
94 3658
94 4258
94 4454
94 4550
94 4930
95 177
95 189
95 398
95 770
95 1014
95 1555
95 1962
95 2076
95 2799
95 3101
95 3710
95 3838
95 3944
95 4995
96 373
96 408
96 748
96 1268
96 1747
96 1792
96 2123
96 2323
96 2437
96 2978
96 3007
96 3123
96 3378
96 3403
96 3809
96 3885
96 3950
96 4114
96 4376
96 4395
96 4428
96 4523
97 99
97 159
97 207
97 479
97 762
97 816
97 1195
97 1276
97 1531
97 1690
97 1760
97 1863
97 2312
97 2438
97 3288
97 4333
97 4413
97 4510
97 4672
97 4843
97 4886
98 921
98 1053
98 1212
98 1241
98 1251
98 1621
98 1955
98 1999
98 2048
98 2103
98 2278
98 2496
98 2586
98 3611
98 3791
98 4003
98 4026
98 4216
98 4499
98 4591
98 4894
98 4953
99 115
99 155
99 324
99 1115
99 1225
99 1320
99 1609
99 2515
99 2606
99 2948
99 3326
99 3630
99 3900
99 4067
99 4104
99 4196
99 4226
99 4766
100 586
100 648
100 738
100 752
100 765
100 952
100 1024
100 1037
100 1327
100 1804
100 1980
100 2998
100 3784
100 3789
100 3938
100 3987
100 4074
100 4145
100 4285
101 117
101 141
101 261
101 292
101 684
101 1078
101 1379
101 1705
101 1801
101 1812
101 2185
101 2205
101 3406
101 3561
101 3607
101 3687
101 3815
101 3836
101 3937
101 4670
101 4887
102 128
102 374
102 437
102 830
102 977
102 978
102 1072
102 1081
102 1224
102 1343
102 1993
102 2042
102 2214
102 2231
102 2484
102 2502
102 3286
102 3506
102 3549
102 3912
102 4267
102 4294
102 4561
103 213
103 895
103 988
103 1228
103 1278
103 1503
103 1880
103 2145
103 3379
103 3974
103 4481
103 4937
104 166
104 594
104 697
104 1029
104 1107
104 1982
104 2085
104 2293
104 2715
104 3171
104 3299
104 3341
104 3883
104 4122
104 4157
104 4420
104 4491
104 4571
105 149
105 195
105 348
105 417
105 1008
105 1260
105 1315
105 1536
105 2122
105 3266
105 4118
106 164
106 351
106 485
106 589
106 1720
106 1773
106 2160
106 2392
106 2619
106 3046
106 3219
106 3786
106 3876
106 4551
106 4634
107 198
107 365
107 959
107 1042
107 1112
107 1187
107 1325
107 1464
107 1642
107 1735
107 2422
107 2709
107 2980
107 3637
107 3763
107 4990
108 637
108 796
108 1368
108 2079
108 2175
108 2625
108 2731
108 2785
108 2795
108 3094
108 3170
108 3467
108 3532
108 3568
108 4049
108 4080
108 4253
108 4701
109 1269
109 1355
109 2262
109 2342
109 2371
109 2828
109 2988
109 3043
109 3056
109 3346
109 3398
109 3440
109 3456
109 3526
109 3942
109 4084
109 4508
109 4573
110 216
110 489
110 645
110 734
110 1089
110 1094
110 1461
110 2707
110 3693
110 4008
110 4291
110 4332
110 4717
111 118
111 160
111 412
111 511
111 680
111 711
111 1768
111 2181
111 2368
111 2377
111 2507
111 2720
111 2734
111 2832
111 3128
111 3547
111 3977
111 4128
111 4152
111 4864
111 4952
112 160
112 608
112 1207
112 1317
112 2396
112 2407
112 2415
112 3126
112 3588
112 4514
112 4827
112 4854
113 253
113 1052
113 1150
113 1607
113 1978
113 2729
113 3065
113 3100
113 3601
113 3812
113 4075
113 4232
113 4751
114 132
114 389
114 406
114 459
114 476
114 719
114 1127
114 1387
114 1469
114 1471
114 1846
114 2196
114 2728
114 2807
114 3032
114 3036
114 3300
114 3717
114 3761
114 3875
114 3877
114 3921
114 4101
114 4720
114 4730
114 4820
115 1091
115 1164
115 1274
115 1675
115 1679
115 1701
115 1935
115 2311
115 2470
115 3148
115 3383
115 3396
115 3820
115 4303
115 4373
115 4543
115 4662
116 220
116 597
116 1184
116 1808
116 1815
116 2004
116 2105
116 2351
116 2649
116 2968
116 3604
116 4374
116 4813
117 252
117 656
117 759
117 867
117 1845
117 2025
117 2188
117 2435
117 2463
117 2717
117 2829
117 3195
117 3364
117 3459
117 3545
117 3858
117 4172
117 4724
117 4825
118 525
118 662
118 1056
118 1532
118 1702
118 2190
118 2374
118 2431
118 2775
118 3021
118 4130
118 4437
119 213
119 267
119 431
119 547
119 889
119 1064
119 1193
119 1482
119 1583
119 2826
119 3174
119 3342
119 3390
119 3453
119 4585
119 4993
120 300
120 345
120 1108
120 1470
120 1725
120 1981
120 2472
120 2722
120 3402
120 3665
120 3725
120 4123
120 4220
120 4302
120 4358
120 4397
121 180
121 340
121 802
121 834
121 1688
121 1866
121 2269
121 2509
121 2741
121 3082
121 3124
121 3285
121 3509
121 3596
121 3933
121 4579
121 4768
121 4837
121 4940
122 152
122 172
122 368
122 963
122 1215
122 2011
122 2072
122 2171
122 2579
122 3350
122 4111
122 4489
122 4721
123 154
123 971
123 1161
123 1270
123 1710
123 1823
123 1839
123 1931
123 2574
123 2751
123 3068
123 4053
123 4163
123 4793
124 550
124 854
124 927
124 1049
124 2075
124 2198
124 2199
124 2823
124 2902
124 3563
124 3701
124 3745
124 3953
124 4005
124 4215
124 4356
125 376
125 471
125 1080
125 1408
125 2867
125 3085
125 3377
125 3879
125 4620
126 187
126 335
126 460
126 493
126 640
126 1047
126 1468
126 1802
126 2833
126 2943
126 3544
126 3957
126 4577
126 4888
127 468
127 671
127 1365
127 1960
127 2550
127 3119
127 3371
127 3501
127 3641
127 3945
127 4149
127 4250
127 4537
128 247
128 291
128 360
128 581
128 649
128 1417
128 1759
128 1923
128 2034
128 2705
128 3603
128 3792
128 3802
128 3935
128 4082
128 4599
128 4663
128 4902
129 163
129 186
129 839
129 1650
129 1762
129 2894
129 3050
129 3572
129 3983
129 4384
129 4563
130 483
130 530
130 709
130 810
130 975
130 1262
130 2954
130 3000
130 3444
130 3571
130 4124
130 4640
130 4649
131 1183
131 1227
131 1571
131 2012
131 2549
131 2598
131 2658
131 2784
131 4419
132 288
132 577
132 881
132 1489
132 2039
132 2522
132 2732
133 147
133 754
133 1068
133 2861
133 3092
133 3331
133 4233
133 4412
134 140
134 344
134 393
134 730
134 1216
134 2616
134 2618
134 2714
134 2764
134 3534
134 4511
135 283
135 501
135 733
135 923
135 1597
135 4259
135 4668
135 4803
136 461
136 507
136 800
136 955
136 1162
136 1406
136 1548
136 2572
136 4466
137 155
137 331
137 855
137 1310
137 2120
137 2465
137 3695
137 4140
137 4328
137 4946
138 143
138 1157
138 1522
138 1995
138 2009
138 2338
138 2489
138 2573
138 2667
138 2908
138 3159
138 3490
138 3559
138 3564
138 4978
139 251
139 386
139 708
139 860
139 1655
139 1786
139 1811
139 2282
139 3223
139 3843
139 4808
140 584
140 599
140 1889
140 2904
140 3207
140 3404
140 3551
140 4261
140 4283
140 4598
141 606
141 1109
141 1147
141 1354
141 1427
141 1879
141 1895
141 2806
141 2830
141 3620
141 3716
141 3793
141 4137
142 674
142 715
142 1136
142 2318
142 2417
142 2487
142 2945
142 3105
142 3981
142 4015
142 4531
142 4956
142 4979
143 328
143 893
143 1742
143 2152
143 2382
144 160
144 572
144 644
144 1481
144 1852
144 3304
144 3674
144 4589
144 4597
144 4657
144 4807
144 4824
144 4910
144 4998
145 316
145 831
145 1395
145 1806
145 2258
145 2524
145 2607
145 2848
145 2930
145 2985
145 3165
145 3166
145 3423
145 3514
145 3718
145 4162
145 4224
145 4228
145 4338
146 170
146 938
146 1153
146 2399
146 2918
146 3471
146 3842
146 4552
146 4740
147 430
147 1073
147 1214
147 2393
147 2504
147 3014
147 3231
147 3249
147 3926
147 3940
147 4221
147 4293
147 4453
148 447
148 1596
148 2527
148 3464
148 3708
148 3999
148 4800
148 4855
149 176
149 822
149 1407
149 1914
149 2077
149 2605
149 2622
149 2628
149 3097
149 3206
149 3758
149 3775
149 4035
149 4795
149 4862
150 275
150 615
150 1337
150 2125
150 2304
150 2372
150 2747
150 3447
150 3730
150 4685
151 1363
151 2659
151 3293
151 3576
151 3699
151 4401
151 4458
151 4535
151 4925
152 421
152 1001
152 1728
152 3112
152 4988
153 1121
153 1266
153 1718
153 2320
153 3707
153 3726
153 3824
153 4125
154 201
154 306
154 529
154 598
154 712
154 882
154 1104
154 1185
154 1290
154 1890
154 2110
154 2156
154 2875
154 3278
154 3698
154 4120
154 4433
154 4469
154 4819
155 1027
155 1032
155 1755
155 3237
155 3949
155 4392
156 766
156 1562
156 2679
156 3110
156 3178
156 3271
156 3323
156 3869
156 3890
156 4432
156 4947
157 545
157 696
157 1495
157 1620
157 1703
157 1996
157 3262
157 3486
157 4462
157 4484
157 4588
157 4782
157 4932
158 1182
158 1203
158 2514
158 2536
158 2757
158 3179
158 3315
158 3583
158 3818
158 3905
158 4806
159 224
159 535
159 1283
159 1508
159 2951
159 4682
159 4826
159 4877
160 1904
160 2357
160 2796
160 3513
161 495
161 1577
161 2291
161 2761
161 3354
161 4133
161 4785
161 4814
162 337
162 540
162 670
162 933
162 1021
162 1563
162 2098
162 2490
162 2610
162 2638
162 4079
162 4520
162 4997
163 192
163 1422
163 2309
163 2475
163 3494
163 3747
163 4208
163 4636
164 700
164 868
164 1244
164 1411
164 2654
164 4556
164 4811
165 370
165 614
165 828
165 1152
165 1339
165 1734
165 2361
165 2639
165 2801
165 3385
165 3579
165 3675
165 4461
165 4920
166 1170
166 1771
166 1969
166 2355
166 2580
166 3113
166 3149
166 3778
166 4460
167 453
167 667
167 2029
167 2423
167 2844
167 3397
167 4323
167 4473
167 4498
168 499
168 607
168 1034
168 2150
168 2218
168 2588
168 2696
168 2779
168 3184
168 3339
168 3355
168 4834
169 231
169 746
169 776
169 1383
169 1560
169 1994
169 2235
169 3871
169 4351
169 4375
169 4503
169 4922
170 681
170 792
170 1009
170 1176
170 1307
170 2051
170 2426
170 2495
170 3117
170 4957
170 4975
171 922
171 969
171 1647
171 3450
171 4263
171 4959
171 4962
172 387
172 1692
172 1736
172 2207
172 2413
172 3310
172 4496
173 1022
173 1399
173 2322
173 3067
173 3086
173 3190
173 4121
173 4516
173 4783
173 4954
174 1230
174 1272
174 1432
174 1459
174 3988
174 3995
174 4572
174 4635
175 272
175 660
175 943
175 1100
175 1956
175 2456
175 2860
175 3197
175 4674
175 4688
175 4897
176 1697
176 2020
176 2539
176 2839
176 3844
176 4452
177 315
177 1120
177 1436
177 2308
177 2434
177 3037
177 3986
177 4457
177 4977
178 634
178 827
178 1124
178 1319
178 2403
178 2762
178 3958
178 4667
178 4732
178 4746
178 4873
179 391
179 883
179 1826
179 2564
179 2895
179 4207
179 4831
179 4941
180 1055
180 1156
180 1350
180 1998
180 2046
180 2127
180 3625
180 4728
180 4968
181 433
181 872
181 993
181 1452
181 2466
181 2468
181 2479
181 3205
182 585
182 976
182 1323
182 1454
182 1953
182 3861
182 4148
182 4538
183 562
183 1050
183 2498
183 3087
183 3177
184 400
184 931
184 1510
184 1636
184 2963
184 3013
184 3234
184 4014
184 4801
185 272
185 2303
185 2405
185 4646
185 4706
185 4770
186 1145
186 2294
186 2684
186 3116
186 3330
186 3585
186 4435
186 4671
186 4716
187 1516
187 1550
187 2086
187 3487
187 4676
187 4863
188 613
188 1386
188 1493
188 1505
188 2183
188 2261
188 3168
188 3211
188 3679
189 264
189 302
189 533
189 1221
189 1296
189 1361
189 2067
189 2201
189 3151
189 3187
189 3478
190 906
190 1190
190 3586
190 3772
190 4327
191 1764
191 1821
191 1941
191 1948
191 3072
191 3520
191 4047
192 384
192 956
192 1402
192 1446
192 3826
192 4055
192 4159
192 4307
193 1753
193 1985
193 2837
193 3193
193 3325
193 3780
193 4251
193 4622
194 1316
194 4567
195 411
195 2385
195 2760
195 3025
195 4132
195 4542
196 1076
196 2627
196 2819
196 3335
196 4871
197 779
197 1148
197 1843
197 3130
197 3134
198 519
198 2222
198 3281
198 4289
199 201
199 1853
199 1907
199 2184
199 2633
199 3172
199 3243
200 322
200 1987
200 3208
200 3655
200 3827
200 4423
201 487
201 886
201 2040
201 2117
201 2391
201 2749
201 3264
201 3678
201 3839
201 4091
201 4223
202 1651
202 1726
202 1947
202 2518
202 3114
202 4625
202 4987
203 474
203 741
203 940
203 1717
203 2821
203 2885
203 3580
203 3590
203 3796
203 4209
203 4576
204 377
204 420
204 1242
204 4779
205 785
205 1475
205 2115
205 2136
205 2737
205 2989
205 3389
205 3734
205 3841
205 4699
206 265
206 1711
206 2050
206 2397
206 2530
206 3782
206 3971
206 4912
207 1208
207 1770
207 1950
207 3244
207 4382
207 4415
207 4927
208 295
208 1005
208 1800
208 2398
208 4197
209 1137
209 1303
209 1551
209 1699
209 3727
209 4131
209 4839
209 4905
209 4917
210 749
210 1656
210 2843
210 3324
210 4308
210 4644
211 2631
211 2651
211 4269
212 464
212 521
212 1404
212 1501
212 1543
212 1814
212 3917
212 4150
213 2441
213 3272
213 3345
213 4431
213 4582
214 258
214 524
214 1958
214 2220
215 1425
215 2624
215 2916
215 3642
215 4060
215 4095
215 4866
216 232
216 259
216 551
216 646
216 1709
216 2369
216 2814
216 3485
216 4249
216 4380
216 4506
216 4809
217 546
217 903
217 2135
217 2401
217 3483
217 4027
217 4560
217 4769
218 413
218 761
218 2585
218 2976
218 4756
219 444
219 729
219 1585
219 3837
220 1500
220 2459
220 2842
221 308
221 2301
221 2406
221 2643
221 2648
221 2946
221 4036
221 4227
222 549
222 1533
222 1613
222 1983
222 3275
222 3605
222 4081
222 4658
222 4916
223 787
223 1405
223 2130
223 3774
223 4447
224 950
224 2213
224 3138
224 3574
224 3776
224 4336
225 1223
225 1888
225 2890
225 4160
225 4262
226 424
226 1280
226 2857
227 1910
227 3684
227 4030
227 4614
227 4647
227 4665
227 4850
227 4966
228 682
228 717
228 1016
228 1232
228 4765
228 4969
229 4343
229 4606
230 887
230 1060
230 2143
230 3059
231 991
231 1832
231 2526
231 3736
231 4096
231 4867
232 2056
232 2336
232 2523
232 3613
232 4297
232 4637
233 1348
233 1389
233 1942
233 2178
233 2818
233 2882
234 418
234 1494
234 2166
234 3382
235 1196
235 1346
235 2099
235 4596
236 397
236 1289
236 1745
236 3415
237 303
237 979
237 1898
237 2246
237 2841
237 3927
237 4869
238 268
238 740
238 1893
238 2186
238 2474
238 3340
238 4105
239 254
239 1549
239 1565
239 1627
239 1698
239 2254
239 2350
239 3061
239 3542
239 4603
240 250
240 553
240 2929
241 818
241 2337
241 2982
241 3566
242 1682
242 3019
242 3334
242 4738
243 1619
243 2274
243 2366
243 3667
243 4268
243 4583
244 953
244 1433
244 2669
244 2970
244 4417
245 415
245 2868
245 4641
246 401
246 2031
246 2054
246 2744
246 4229
247 3080
247 3469
247 3779
248 350
248 805
248 1600
248 2212
248 2272
249 253
249 914
249 1334
249 1559
249 2071
249 2436
249 2725
249 2858
249 3750
249 3892
249 4013
249 4334
250 695
250 1805
250 2892
250 2937
251 1394
251 2602
251 2966
252 3617
252 4388
253 451
253 3612
253 3874
254 1249
254 2324
254 3296
254 3751
254 4882
255 625
255 2074
255 2794
255 2993
255 3416
255 3719
256 2483
256 3261
257 1513
257 1572
257 2100
257 2427
257 2723
258 2745
258 3251
258 4006
258 4094
259 1380
259 2473
259 4532
259 4610
260 1349
261 1205
261 1450
261 1573
261 3692
261 4020
261 4512
262 269
262 1431
262 4697
262 4763
263 2189
263 4858
264 1938
264 3556
265 422
265 1825
265 3052
265 3319
266 593
266 1259
266 1318
266 1782
266 4564
267 1556
267 3656
269 876
269 1311
269 1970
269 3160
269 3316
269 4781
270 4400
271 1545
271 1887
271 4541
271 4856
271 4909
272 3312
272 4509
273 1437
273 2161
273 3497
273 4158
274 320
274 653
274 1791
275 2941
276 298
276 390
276 2592
277 1530
277 2358
277 4298
278 1206
278 1547
278 1882
278 1949
278 2028
278 2678
278 3996
279 2021
279 2521
279 4580
280 3188
280 4007
281 2594
281 2853
282 596
282 2476
283 3475
284 1828
285 846
285 1883
285 2315
286 928
286 1067
286 1683
286 2591
286 3348
286 4643
287 3115
287 4464
288 852
288 3740
289 1527
289 2328
290 538
290 3947
291 1140
291 2284
292 1917
293 1629
293 2645
294 400
294 2471
294 4410
295 1506
295 2653
295 3591
296 964
296 1662
296 2340
296 3372
297 3368
297 3387
297 3943
298 1451
298 1601
298 3104
298 4971
299 705
300 1976
301 452
301 2840
302 515
302 1086
302 2851
304 1671
304 1865
304 2044
305 2163
305 2273
305 2341
305 3214
305 4921
306 4612
307 1132
308 936
308 2889
308 2909
309 3636
309 3729
310 1357
310 1484
310 1511
310 3664
310 3672
311 3435
312 1758
312 2359
312 2701
312 3076
312 3164
316 2146
318 862
318 3639
319 1799
321 3570
322 3723
323 1362
323 4840
324 3798
324 4129
325 2690
326 465
326 1231
326 3455
327 455
328 1168
328 3004
329 795
329 4465
329 4544
330 3137
330 4483
330 4723
331 1472
331 2660
332 2410
333 2672
334 1581
334 1632
334 1997
334 2668
334 4032
335 3688
335 3700
337 2225
338 750
339 716
339 972
339 3292
342 1902
342 2907
342 4592
343 4880
345 2834
345 2931
347 1188
349 3273
350 2194
351 774
351 1292
351 3318
352 2061
352 4534
352 4984
353 425
353 1836
354 4234
355 1676
355 2810
355 4344
355 4737
356 2126
356 4774
358 3250
359 1595
360 587
360 2662
362 1457
363 3867
363 3889
366 1874
368 1418
370 2664
370 2780
371 402
371 3270
372 1626
372 3473
372 3592
373 3395
374 4378
379 2500
380 3041
380 3746
380 3813
381 1025
381 2704
381 3980
381 4615
382 4071
383 2505
383 4673
386 2571
387 1884
387 4361
388 1199
389 2013
392 1264
392 2339
392 3445
392 3737
393 3901
395 2142
396 1046
396 4087
397 808
398 2548
399 1281
400 3153
404 2018
404 4070
405 4823
407 1013
409 3081
409 4935
414 997
416 2240
416 4422
418 1684
418 4126
419 558
420 2803
422 1497
424 2881
429 4633
431 3817
432 4195
433 2332
434 4134
436 2007
437 706
437 3521
441 1428
442 578
443 1351
443 4656
447 1409
448 899
448 3146
449 1358
450 3536
450 4335
452 736
454 2663
454 3220
457 949
457 2302
458 3972
460 497
460 2825
471 3010
472 3332
473 2552
476 3049
477 2800
477 3022
479 917
481 1951
483 3060
488 1743
488 4891
497 3742
498 3575
503 3616
509 2730
513 566
526 2846
528 689
532 714
541 3196
544 3202
547 2270
557 4174
558 3373
562 1750
567 3919
570 4645
573 4780
577 4245
585 2047
589 659
592 3408
596 1438
596 3823
610 1447
621 2922
631 3635
634 2244
635 3738
640 2006
667 3054
678 1125
689 2620
703 3365
733 4240
771 4890
936 4317
939 1021
