1 28
1 55
1 292
1 321
1 334
1 453
1 603
1 682
1 687
1 704
1 787
1 789
1 853
1 889
1 891
1 951
1 1070
2 101
2 213
2 232
2 264
2 311
2 323
2 383
2 432
2 551
2 583
2 609
2 725
2 732
2 735
2 806
2 809
2 901
2 957
2 979
2 1032
3 146
3 178
3 183
3 287
3 373
3 377
3 417
3 467
3 501
3 520
3 622
3 795
3 851
3 990
4 35
4 37
4 68
4 82
4 98
4 117
4 142
4 158
4 160
4 267
4 296
4 307
4 354
4 391
4 498
4 505
4 512
4 674
4 685
4 802
4 876
4 930
4 988
4 1023
4 1039
4 1069
5 213
5 241
5 268
5 532
5 535
5 562
5 579
5 590
5 692
5 710
5 726
5 750
5 757
5 771
5 782
5 813
5 905
5 927
5 1033
6 25
6 111
6 281
6 321
6 325
6 360
6 418
6 426
6 434
6 497
6 563
6 651
6 711
6 717
6 743
6 749
6 762
6 818
6 995
6 1031
6 1032
6 1069
7 54
7 134
7 187
7 217
7 243
7 250
7 273
7 278
7 366
7 396
7 415
7 450
7 452
7 696
7 879
7 920
7 958
7 962
7 973
7 1015
7 1064
8 37
8 51
8 58
8 81
8 95
8 133
8 162
8 175
8 196
8 199
8 266
8 298
8 308
8 332
8 355
8 371
8 494
8 501
8 577
8 600
8 669
8 672
8 701
8 716
8 815
8 816
8 926
8 1008
8 1025
8 1027
8 1051
9 60
9 61
9 63
9 91
9 94
9 119
9 135
9 153
9 156
9 215
9 232
9 237
9 246
9 305
9 322
9 387
9 394
9 425
9 437
9 471
9 529
9 581
9 636
9 835
9 1013
9 1063
10 124
10 174
10 175
10 200
10 235
10 270
10 288
10 290
10 299
10 303
10 335
10 359
10 411
10 511
10 537
10 694
10 736
10 754
10 808
10 860
10 888
10 955
11 44
11 128
11 133
11 244
11 250
11 330
11 337
11 424
11 448
11 478
11 479
11 507
11 663
11 709
11 742
11 912
11 1006
12 16
12 149
12 162
12 271
12 363
12 534
12 608
12 650
12 653
12 963
12 1003
13 133
13 173
13 253
13 275
13 413
13 419
13 500
13 523
13 576
13 598
13 633
13 640
13 731
13 745
13 792
13 803
13 886
13 971
14 210
14 262
14 332
14 477
14 607
14 617
14 723
14 783
14 834
14 1014
15 68
15 375
15 473
15 646
15 655
15 849
15 996
15 1047
16 214
16 231
16 430
16 483
16 489
16 541
16 619
16 641
16 758
16 790
16 867
16 890
16 968
16 1029
17 110
17 116
17 121
17 170
17 192
17 201
17 257
17 310
17 405
17 406
17 415
17 416
17 439
17 449
17 463
17 493
17 702
17 739
17 814
17 850
17 854
17 909
17 911
17 976
17 1041
18 47
18 71
18 122
18 148
18 189
18 320
18 528
18 573
18 623
18 654
18 698
18 700
18 715
18 736
18 793
18 861
18 906
18 952
19 52
19 71
19 99
19 233
19 248
19 283
19 451
19 504
19 570
19 626
19 752
19 759
19 797
19 827
19 975
19 1002
19 1004
19 1055
20 229
20 383
20 454
20 509
20 540
20 578
20 621
20 720
20 741
20 770
20 804
20 931
20 984
21 23
21 71
21 312
21 408
21 522
21 582
21 589
21 629
21 665
21 712
21 825
21 864
21 868
21 869
21 977
21 1017
21 1021
21 1049
21 1058
22 85
22 182
22 211
22 262
22 280
22 345
22 436
22 526
22 565
22 591
22 880
22 935
22 974
22 1037
22 1048
23 42
23 304
23 341
23 351
23 442
23 466
23 470
23 556
23 587
23 832
23 899
23 943
23 1061
23 1072
24 77
24 92
24 142
24 166
24 169
24 198
24 255
24 340
24 369
24 464
24 502
24 592
24 760
24 776
24 855
24 858
24 871
24 872
25 218
25 240
25 274
25 333
25 475
25 485
25 613
25 781
25 875
25 960
25 1043
25 1050
25 1065
26 42
26 53
26 76
26 154
26 223
26 398
26 491
26 546
26 605
26 1000
27 149
27 171
27 186
27 197
27 327
27 329
27 399
27 400
27 487
27 552
27 666
27 768
27 794
27 917
27 918
27 1001
28 45
28 139
28 206
28 222
28 277
28 284
28 348
28 357
28 367
28 671
28 774
28 784
28 839
28 846
28 893
29 85
29 131
29 252
29 300
29 358
29 380
29 433
29 553
29 569
29 632
29 744
29 837
29 941
29 970
29 997
30 81
30 102
30 379
30 422
30 460
30 482
30 488
30 561
30 753
30 913
30 972
30 981
31 85
31 410
31 533
31 648
31 679
31 840
31 895
31 910
31 985
31 993
32 60
32 285
32 402
32 469
32 545
32 595
32 686
32 778
32 857
32 902
32 982
32 986
33 84
33 196
33 204
33 207
33 216
33 441
33 455
33 611
33 616
33 645
33 690
33 724
33 897
34 58
34 123
34 234
34 256
34 403
34 407
34 423
34 572
34 706
34 761
34 820
34 862
34 878
34 915
35 245
35 324
35 389
35 421
35 459
35 544
35 668
35 693
35 980
36 114
36 154
36 155
36 259
36 427
36 542
36 634
36 842
37 78
37 118
37 168
37 179
37 239
37 328
37 414
37 567
37 822
37 831
37 892
37 903
38 39
38 117
38 176
38 524
38 763
38 772
38 887
38 1067
39 43
39 64
39 70
39 140
39 151
39 456
39 865
39 939
39 948
39 1028
40 106
40 125
40 189
40 193
40 346
40 370
40 492
40 585
40 719
40 730
40 747
40 766
40 821
40 923
40 945
41 67
41 116
41 130
41 254
41 372
41 468
41 606
41 1038
42 93
42 120
42 810
42 924
42 1010
42 1059
43 177
43 263
43 289
43 343
43 775
43 999
43 1009
44 261
44 503
44 543
44 549
44 599
44 737
45 226
45 390
45 458
45 707
45 748
46 97
46 133
46 521
46 571
46 691
46 919
46 928
46 1045
47 395
47 506
47 513
47 539
47 627
47 841
47 1024
47 1046
47 1056
48 80
48 99
48 195
48 476
48 481
48 574
48 659
48 796
48 852
49 96
49 217
49 227
49 228
49 282
49 557
49 885
49 1036
50 71
50 136
50 191
50 315
50 350
50 519
50 637
50 953
51 219
51 496
51 788
52 1012
53 126
53 291
53 313
53 338
53 631
53 786
53 824
53 848
54 159
54 316
54 362
54 555
54 586
54 647
54 844
54 937
54 1071
55 208
55 319
55 660
55 678
55 817
55 843
56 88
56 139
56 163
56 344
56 518
56 620
56 934
56 949
56 1062
57 126
57 386
57 575
57 597
57 635
57 675
57 755
57 798
57 799
58 132
58 145
58 286
58 356
58 515
58 699
58 785
58 1035
59 82
59 443
59 601
59 602
59 612
59 618
59 628
60 141
60 392
60 1018
61 109
61 301
61 548
61 638
61 823
62 90
62 95
62 238
62 306
62 527
62 642
62 812
62 884
62 947
63 115
63 376
63 446
63 474
63 531
63 584
63 596
63 714
63 722
63 746
63 756
63 961
63 966
64 129
64 472
64 681
64 859
64 989
65 83
65 140
65 150
65 251
65 336
65 517
65 550
65 916
66 89
66 118
66 184
66 203
66 247
66 349
66 381
66 938
67 113
67 314
67 705
67 1019
67 1022
68 276
68 404
69 158
69 260
69 769
70 72
70 194
70 202
70 342
70 495
70 652
70 929
70 1005
71 138
71 588
71 900
71 1057
71 1068
72 490
72 661
72 765
72 922
72 956
73 74
73 191
73 689
73 978
73 1034
74 209
74 429
74 447
74 1053
75 122
75 639
75 946
76 185
76 777
77 397
77 658
77 882
77 883
77 965
78 127
78 368
78 486
78 734
78 877
79 136
79 147
79 438
79 680
79 684
79 703
79 780
79 1030
80 105
80 205
80 236
80 265
80 461
80 830
80 833
80 940
81 297
81 664
81 896
82 465
82 662
82 904
83 221
83 378
84 157
84 220
84 242
85 445
85 729
85 773
85 819
85 1007
86 99
86 152
86 649
86 727
86 738
86 907
86 925
87 174
87 388
87 412
87 740
87 991
88 165
89 161
89 272
89 457
89 721
90 249
90 309
90 559
90 836
90 914
91 181
91 347
92 143
92 188
92 361
92 656
92 713
92 908
93 845
94 554
94 805
94 828
95 998
96 317
96 610
96 866
96 932
96 992
97 374
97 688
98 764
98 1052
99 269
99 294
99 331
99 593
99 1044
100 140
100 728
101 435
101 708
102 364
102 420
102 921
102 983
103 162
103 847
104 129
104 339
104 560
105 933
105 969
105 1020
106 384
106 604
107 127
107 614
108 152
108 856
109 440
109 480
110 538
111 838
111 1016
112 271
112 353
112 670
114 510
115 1011
116 547
116 779
116 967
117 352
117 863
117 873
119 318
119 393
119 462
120 516
120 564
120 683
120 881
121 508
121 954
122 365
122 936
123 594
123 630
123 1060
124 643
125 279
127 385
127 870
128 401
128 431
128 1054
129 382
130 624
131 530
131 697
131 807
132 190
132 499
133 167
134 212
134 258
134 444
134 964
137 176
138 667
140 536
140 950
141 894
143 428
143 676
143 791
144 183
145 484
146 566
149 677
149 733
150 767
151 409
151 826
152 898
154 558
156 568
156 580
156 944
158 644
159 1026
162 1066
163 987
164 270
164 994
165 942
167 224
167 829
168 525
170 959
171 326
171 673
172 177
172 293
172 800
173 302
176 811
180 187
180 657
181 225
183 1073
184 295
185 230
188 718
188 874
197 514
202 615
206 625
224 695
242 1040
254 751
258 1042
279 801
