1 10
1 20
1 21
1 70
1 87
1 220
1 240
1 410
1 444
1 626
1 633
1 770
1 783
1 791
1 812
1 932
1 940
1 955
1 972
2 18
2 77
2 258
2 294
2 398
2 564
2 580
2 588
2 596
2 635
2 720
2 771
2 843
2 916
2 1022
3 17
3 32
3 48
3 82
3 87
3 102
3 127
3 128
3 150
3 161
3 174
3 376
3 457
3 581
3 819
3 866
3 933
3 936
3 1008
3 1042
3 1067
4 101
4 109
4 204
4 222
4 295
4 311
4 507
4 743
4 757
4 778
4 805
4 886
4 889
4 929
4 950
4 1021
4 1034
5 13
5 27
5 31
5 103
5 129
5 150
5 167
5 170
5 186
5 476
5 513
5 589
5 634
5 648
5 650
5 707
5 778
5 793
5 851
5 860
5 907
5 923
5 931
5 962
5 1032
5 1059
5 1061
6 41
6 113
6 131
6 145
6 277
6 302
6 313
6 314
6 331
6 336
6 357
6 383
6 388
6 391
6 464
6 562
6 579
6 613
6 674
6 715
6 752
6 802
6 827
6 850
6 872
6 945
6 1004
6 1006
6 1013
7 29
7 40
7 66
7 69
7 73
7 158
7 259
7 282
7 478
7 548
7 578
7 595
7 626
7 727
7 800
7 846
7 883
8 17
8 96
8 169
8 201
8 235
8 260
8 275
8 335
8 349
8 437
8 451
8 526
8 711
8 722
8 751
8 755
8 760
8 772
8 784
8 937
8 941
8 956
8 1058
9 13
9 85
9 258
9 299
9 345
9 352
9 359
9 392
9 397
9 466
9 487
9 522
9 540
9 610
9 616
9 629
9 700
9 946
10 26
10 36
10 271
10 285
10 287
10 302
10 308
10 332
10 371
10 492
10 529
10 543
10 600
10 737
10 870
10 880
10 918
10 964
10 965
10 993
10 1016
10 1055
11 14
11 35
11 101
11 274
11 305
11 319
11 396
11 425
11 517
11 530
11 549
11 584
11 585
11 601
11 625
11 666
11 721
11 731
11 741
11 820
11 853
11 924
11 982
12 26
12 160
12 173
12 179
12 231
12 268
12 300
12 325
12 327
12 364
12 491
12 525
12 735
12 930
12 935
13 42
13 65
13 130
13 157
13 245
13 306
13 312
13 348
13 372
13 430
13 490
13 611
13 673
13 822
13 854
13 971
13 987
13 996
13 1072
14 254
14 297
14 361
14 702
14 856
14 919
14 984
14 1017
15 79
15 95
15 107
15 204
15 217
15 337
15 378
15 379
15 417
15 461
15 652
15 894
16 28
16 58
16 76
16 81
16 93
16 140
16 171
16 321
16 431
16 466
16 479
16 502
16 516
16 519
16 667
16 679
16 695
16 718
16 799
16 803
16 858
16 873
16 926
16 970
17 78
17 292
17 350
17 375
17 426
17 508
17 561
17 571
17 572
17 642
17 645
17 694
17 719
17 855
17 988
17 1012
18 72
18 92
18 193
18 213
18 266
18 394
18 404
18 506
18 587
18 590
18 649
18 697
18 825
18 869
18 876
18 1030
18 1044
19 21
19 126
19 215
19 246
19 296
19 393
19 414
19 418
19 434
19 555
19 678
19 689
19 753
19 774
19 1027
20 68
20 84
20 125
20 135
20 229
20 270
20 341
20 358
20 377
20 627
20 646
20 814
20 837
20 1011
20 1014
20 1015
20 1037
21 62
21 112
21 120
21 139
21 154
21 180
21 338
21 343
21 406
21 421
21 439
21 448
21 474
21 503
21 732
21 776
21 912
22 55
22 172
22 173
22 183
22 249
22 416
22 498
22 554
22 597
22 676
22 708
22 723
22 795
22 824
22 900
22 997
22 1047
23 27
23 61
23 94
23 111
23 493
23 558
23 640
23 677
23 796
23 815
23 895
23 966
23 1007
24 159
24 228
24 279
24 373
24 473
24 503
24 514
24 604
24 714
24 746
24 906
24 943
24 1056
25 41
25 104
25 151
25 202
25 208
25 230
25 253
25 363
25 419
25 468
25 576
25 582
25 680
25 703
25 738
25 761
26 88
26 367
26 436
26 467
26 705
26 709
26 758
26 898
27 290
27 344
27 429
27 612
27 779
27 905
27 921
27 978
27 979
27 1040
27 1070
28 52
28 241
28 261
28 301
28 446
28 460
28 636
28 865
28 968
28 1049
29 80
29 105
29 119
29 149
29 165
29 197
29 355
29 427
29 509
29 536
29 539
29 658
29 782
29 852
29 887
29 920
29 952
29 1019
30 125
30 132
30 143
30 163
30 225
30 459
30 538
30 570
30 619
30 959
30 961
31 134
31 212
31 449
31 532
31 573
31 661
31 662
31 716
31 736
31 806
31 925
31 1071
32 49
32 328
32 422
32 438
32 489
32 565
32 790
33 76
33 89
33 117
33 316
33 387
33 484
33 583
33 609
33 816
33 848
33 875
33 981
34 106
34 148
34 174
34 216
34 227
34 269
34 402
34 435
34 621
34 653
34 977
34 980
35 86
35 91
35 124
35 192
35 255
35 369
35 458
35 500
35 983
35 1065
36 56
36 224
36 284
36 362
36 386
36 628
36 682
36 780
36 834
36 839
36 859
37 38
37 76
37 90
37 166
37 187
37 354
37 390
37 407
37 462
37 594
37 603
37 622
37 730
37 794
37 871
37 1035
38 118
38 136
38 168
38 175
38 195
38 226
38 234
38 247
38 263
38 264
38 276
38 323
38 412
38 567
38 841
38 884
38 917
38 1023
39 129
39 243
39 257
39 280
39 326
39 447
39 624
39 861
40 75
40 182
40 291
40 365
40 864
40 1025
40 1033
41 44
41 64
41 219
41 317
41 318
41 441
41 483
41 669
41 686
41 725
41 829
41 840
41 903
41 911
41 949
42 237
42 693
42 823
42 901
42 915
42 957
42 1001
43 112
43 141
43 262
43 329
43 413
43 496
43 534
43 654
43 804
43 809
43 1052
44 403
44 512
44 614
44 691
44 1068
45 89
45 223
45 272
45 309
45 501
45 544
45 575
45 638
45 729
45 985
46 99
46 114
46 179
46 239
46 250
46 293
46 527
46 756
46 766
46 914
46 942
46 1000
46 1060
47 49
47 152
47 347
47 401
47 592
47 896
47 973
47 1057
48 452
48 531
48 688
48 989
49 214
49 469
49 528
49 623
49 637
49 647
49 818
49 830
50 117
50 178
50 424
50 504
50 556
50 608
50 699
51 93
51 251
51 265
51 333
51 495
51 559
51 690
51 706
51 742
51 986
52 209
52 303
52 395
52 399
52 433
52 547
52 607
52 810
52 975
53 97
53 99
53 233
53 374
53 615
53 675
53 696
53 734
53 877
53 1063
54 61
54 334
54 385
54 405
54 497
54 533
54 928
54 999
55 199
55 289
55 472
55 683
55 765
55 786
56 67
56 100
56 238
56 286
56 541
57 165
57 415
57 505
57 826
57 947
57 1031
58 153
58 342
58 420
58 471
58 568
58 745
59 90
59 110
59 442
59 710
59 754
59 994
60 192
60 330
60 360
60 748
60 788
60 1003
60 1064
61 553
61 569
61 769
61 967
61 998
61 1005
62 203
62 248
62 351
62 750
63 104
63 190
63 481
63 542
63 724
63 1062
64 116
64 380
64 599
64 660
64 704
64 762
64 763
64 888
64 904
65 577
65 836
65 910
65 927
65 1073
66 550
66 953
66 1048
67 283
67 560
67 1029
68 133
68 477
68 485
68 557
68 849
68 868
68 974
68 1054
69 205
69 298
69 701
69 832
70 188
70 423
70 494
70 641
71 180
71 632
71 811
71 1053
72 144
72 339
72 797
72 801
72 835
72 1039
73 98
73 278
73 389
73 475
73 546
73 639
73 740
74 130
74 456
74 857
74 963
74 991
75 176
75 552
75 698
75 821
75 828
75 969
76 155
76 273
76 759
76 1041
77 356
77 618
77 713
77 1010
78 808
78 939
79 122
79 164
79 232
79 520
79 1036
80 162
80 185
80 368
80 938
80 976
81 121
81 384
81 524
81 657
81 990
82 382
82 663
83 104
83 307
83 408
83 521
83 665
84 304
84 400
84 510
84 668
85 244
85 644
86 1046
87 488
87 566
87 749
87 775
87 1020
88 177
88 411
88 747
88 992
89 236
89 242
89 320
89 537
89 593
90 198
90 465
90 511
90 605
90 787
90 844
91 346
91 902
92 189
92 789
92 833
92 878
92 1045
93 1051
94 440
94 879
95 893
96 381
96 620
96 651
97 515
97 672
98 655
98 798
98 1069
99 147
99 156
99 256
99 322
99 353
100 267
101 443
102 340
102 659
102 785
102 831
103 598
104 480
105 450
105 681
105 1009
106 463
106 545
106 882
107 455
107 499
107 885
108 116
108 184
108 432
108 728
109 643
109 890
110 664
111 252
111 428
111 656
111 726
111 764
112 1050
113 200
115 146
115 174
115 792
117 586
117 777
117 899
117 960
118 470
119 631
120 453
120 847
121 310
122 733
122 744
123 130
123 692
123 767
127 207
128 1018
129 768
129 862
129 922
130 630
131 881
132 288
132 1024
133 739
133 813
133 995
134 142
134 1043
136 684
137 159
138 148
139 324
140 781
141 602
142 523
144 486
146 897
147 845
148 181
149 210
149 211
149 535
149 867
150 518
150 807
150 954
151 366
151 551
152 908
153 838
156 1002
157 1066
159 842
159 1026
160 370
160 563
160 717
160 773
162 206
162 606
163 948
163 1038
164 817
164 934
176 194
178 218
180 671
182 687
183 617
184 909
186 191
186 574
186 1028
193 591
196 201
196 445
209 221
213 892
213 958
215 315
215 874
220 913
228 281
232 891
243 685
260 951
261 670
265 409
270 863
274 482
274 712
288 454
308 944
