1 81
1 107
1 273
1 305
1 331
1 350
1 664
1 731
1 842
1 978
1 997
1 998
1 1002
1 1005
1 1077
1 1091
1 1160
1 1174
1 1196
1 1286
1 1338
1 1364
1 1707
1 1725
1 1744
1 1946
1 2098
1 2312
1 2507
1 2581
1 2591
1 2654
1 2709
1 2712
1 2732
1 2874
1 2981
1 3033
1 3201
1 3241
1 3357
1 3418
1 3537
1 3626
1 3647
1 3801
1 3858
1 3901
1 4183
1 4236
1 4326
1 4507
1 4748
1 4754
1 4829
1 4932
2 18
2 56
2 61
2 169
2 326
2 486
2 554
2 853
2 888
2 934
2 1017
2 1136
2 1139
2 1263
2 1303
2 1346
2 1489
2 1683
2 1684
2 1787
2 1822
2 1953
2 1979
2 2065
2 2098
2 2108
2 2132
2 2151
2 2194
2 2316
2 2319
2 2845
2 2868
2 2910
2 2972
2 2985
2 3047
2 3200
2 3202
2 3211
2 3267
2 3274
2 3371
2 3379
2 3504
2 3641
2 3660
2 3743
2 3794
2 4037
2 4098
2 4136
2 4176
2 4474
2 4590
2 4922
3 552
3 740
3 940
3 998
3 1003
3 1097
3 1165
3 1216
3 1276
3 1382
3 1485
3 1728
3 1748
3 1758
3 1815
3 2273
3 2362
3 2363
3 2409
3 2672
3 2692
3 2840
3 2915
3 2971
3 2998
3 3029
3 3032
3 3037
3 3056
3 3113
3 3191
3 3280
3 3484
3 3563
3 3589
3 3624
3 3672
3 3796
3 3920
3 3933
3 3984
3 4362
3 4437
3 4448
3 4533
3 4645
3 4692
3 4917
3 4950
4 261
4 306
4 319
4 386
4 591
4 601
4 603
4 869
4 1048
4 1161
4 1655
4 1717
4 1760
4 1803
4 2029
4 2097
4 2200
4 2223
4 2299
4 2451
4 2476
4 2629
4 2739
4 2859
4 3030
4 3034
4 3120
4 3142
4 3196
4 3284
4 3784
4 3947
4 4004
4 4254
4 4258
4 4266
4 4291
4 4395
4 4408
4 4441
4 4512
4 4681
4 4699
4 4708
4 4756
4 4942
4 4999
5 173
5 200
5 295
5 358
5 478
5 555
5 758
5 774
5 1024
5 1066
5 1293
5 1318
5 1560
5 1587
5 1634
5 1636
5 1646
5 1712
5 1809
5 1827
5 1885
5 2000
5 2069
5 2110
5 2175
5 2187
5 2203
5 2241
5 2337
5 2364
5 2407
5 2440
5 2443
5 2537
5 2565
5 2648
5 2749
5 2806
5 2829
5 3305
5 3615
5 3751
5 3811
5 4280
5 4298
5 4534
5 4606
5 4823
5 4920
5 4961
6 42
6 97
6 175
6 258
6 388
6 570
6 574
6 605
6 738
6 758
6 812
6 821
6 825
6 975
6 1075
6 1465
6 1513
6 1607
6 1803
6 1807
6 1843
6 2130
6 2133
6 2245
6 2252
6 2429
6 2628
6 2657
6 2726
6 2967
6 3113
6 3718
6 3720
6 3800
6 3848
6 3877
6 3991
6 4050
6 4344
6 4443
6 4494
6 4526
6 4661
6 4755
6 4870
6 4883
7 94
7 110
7 292
7 312
7 667
7 925
7 1106
7 1144
7 1161
7 1184
7 1264
7 1294
7 1358
7 1482
7 1750
7 1778
7 2174
7 2213
7 2238
7 2293
7 2307
7 2488
7 2834
7 2838
7 2856
7 3067
7 3170
7 3310
7 3386
7 3406
7 3480
7 3668
7 3814
7 3881
7 3899
7 4163
7 4197
7 4295
7 4340
7 4458
7 4531
7 4667
7 4695
7 4716
7 4977
8 11
8 50
8 95
8 146
8 302
8 634
8 809
8 904
8 939
8 1126
8 1165
8 1175
8 1295
8 1310
8 1351
8 1647
8 2483
8 2499
8 2589
8 2636
8 2700
8 2937
8 2955
8 3027
8 3111
8 3296
8 3376
8 3445
8 3467
8 3491
8 3521
8 3547
8 3640
8 3782
8 3884
8 3912
8 3960
8 3980
8 4238
8 4409
8 4612
8 4641
8 4654
8 4663
8 4986
9 97
9 98
9 289
9 487
9 566
9 608
9 790
9 913
9 977
9 1030
9 1384
9 1440
9 1509
9 1714
9 1781
9 2408
9 2855
9 2987
9 3190
9 3255
9 3401
9 3476
9 3493
9 3662
9 3676
9 3688
9 3810
9 3929
9 4040
9 4067
9 4302
9 4550
9 4772
9 4773
9 4784
9 4933
9 4936
9 4965
10 392
10 494
10 499
10 606
10 791
10 842
10 1001
10 1311
10 1328
10 1360
10 1387
10 1394
10 1483
10 1608
10 1660
10 1719
10 1792
10 1801
10 1907
10 2154
10 2271
10 2305
10 2399
10 2501
10 2603
10 2641
10 2664
10 2820
10 3043
10 3321
10 3372
10 3449
10 3610
10 3753
10 3842
10 3868
10 3888
10 3942
10 4001
10 4028
10 4202
10 4262
10 4316
10 4379
10 4642
10 4713
10 4817
10 4885
10 4912
10 4964
11 71
11 174
11 541
11 653
11 691
11 747
11 765
11 1010
11 1345
11 1466
11 1474
11 1480
11 1507
11 1676
11 2195
11 2212
11 2340
11 2369
11 2380
11 2454
11 2473
11 2480
11 2620
11 2665
11 2852
11 2935
11 3060
11 3072
11 3114
11 3288
11 3752
11 3757
11 3790
11 3802
11 3958
11 3990
11 4041
11 4044
11 4065
11 4150
11 4172
11 4225
11 4361
11 4402
11 4468
11 4792
11 4840
12 44
12 339
12 423
12 570
12 779
12 786
12 794
12 905
12 1056
12 1133
12 1526
12 1538
12 1658
12 1738
12 1986
12 2020
12 2042
12 2222
12 2257
12 2276
12 2310
12 2315
12 2850
12 3018
12 3479
12 3726
12 3931
12 4138
12 4404
12 4430
12 4432
12 4444
12 4539
12 4599
12 4690
12 4812
12 4926
13 17
13 232
13 241
13 422
13 706
13 907
13 910
13 1023
13 1105
13 1148
13 1797
13 1845
13 2023
13 2026
13 2096
13 2163
13 2252
13 2402
13 2406
13 2417
13 2418
13 2511
13 2552
13 2614
13 2708
13 3080
13 3174
13 3224
13 3576
13 3616
13 3673
13 3685
13 3738
13 3808
13 3815
13 3979
13 4243
13 4450
13 4513
13 4611
13 4704
13 4758
13 4819
13 4849
14 78
14 282
14 296
14 326
14 459
14 682
14 701
14 730
14 749
14 891
14 1172
14 1306
14 1329
14 1390
14 1417
14 1459
14 1517
14 1589
14 1857
14 1879
14 1944
14 2085
14 2136
14 2341
14 2347
14 2503
14 2669
14 2685
14 2798
14 2982
14 3066
14 3147
14 3159
14 3331
14 3529
14 3606
14 3910
14 4097
14 4372
14 4484
14 4815
14 4831
14 4944
14 4972
15 221
15 258
15 421
15 428
15 430
15 576
15 845
15 848
15 889
15 959
15 1171
15 1205
15 1534
15 1860
15 1871
15 1896
15 1927
15 1930
15 1963
15 2113
15 2137
15 2320
15 2391
15 2523
15 2653
15 2866
15 3140
15 3152
15 3155
15 3157
15 3160
15 3365
15 3428
15 3584
15 3905
15 4095
15 4123
15 4127
15 4224
15 4338
15 4388
15 4418
15 4472
15 4485
15 4492
15 4498
15 4563
15 4657
15 4685
15 4734
15 4786
15 4913
16 122
16 131
16 305
16 684
16 800
16 1050
16 1208
16 1423
16 1490
16 1633
16 1835
16 1837
16 1872
16 2044
16 2054
16 2082
16 2210
16 2583
16 2661
16 2851
16 2895
16 3071
16 3150
16 3175
16 3217
16 3543
16 3636
16 3715
16 3928
16 3989
16 4005
16 4140
16 4191
16 4315
16 4572
16 4878
17 93
17 104
17 150
17 516
17 569
17 685
17 899
17 1065
17 1137
17 1150
17 1446
17 1451
17 1681
17 1875
17 1914
17 1973
17 2018
17 2040
17 2474
17 2557
17 2715
17 3118
17 3153
17 3226
17 3422
17 3510
17 3657
17 3865
17 3891
17 4034
17 4060
17 4096
17 4257
17 4453
17 4536
17 4647
17 4712
18 194
18 477
18 556
18 807
18 912
18 1103
18 1251
18 1257
18 1340
18 1365
18 1373
18 1406
18 1804
18 1902
18 2164
18 2209
18 2236
18 2670
18 2901
18 2992
18 3070
18 3339
18 3648
18 3712
18 4287
18 4490
18 4761
18 4776
18 4842
18 4877
18 4982
18 4991
19 227
19 253
19 397
19 442
19 815
19 878
19 1078
19 1081
19 1164
19 1233
19 1286
19 1413
19 1415
19 1779
19 1780
19 1991
19 2005
19 2141
19 2232
19 2390
19 2404
19 2477
19 2530
19 2748
19 2752
19 2753
19 2997
19 3036
19 3085
19 3441
19 3457
19 3619
19 3664
19 3737
19 3845
19 4085
19 4179
19 4208
19 4314
19 4353
19 4454
19 4666
20 88
20 115
20 119
20 210
20 299
20 318
20 400
20 484
20 513
20 704
20 867
20 953
20 1049
20 1254
20 1563
20 1603
20 1661
20 1725
20 1735
20 1910
20 1941
20 1970
20 2016
20 2190
20 2481
20 2504
20 2857
20 2893
20 3369
20 3557
20 3587
20 3599
20 3714
20 4080
20 4157
20 4249
20 4617
20 4631
20 4820
20 4887
20 4898
21 144
21 204
21 276
21 290
21 390
21 427
21 488
21 554
21 612
21 841
21 921
21 971
21 1132
21 1266
21 1561
21 1670
21 1685
21 2140
21 2239
21 2300
21 2322
21 2561
21 2728
21 2810
21 2832
21 2956
21 2961
21 3073
21 3079
21 3207
21 3258
21 3522
21 3574
21 3675
21 4166
21 4232
21 4292
21 4310
21 4350
21 4366
21 4471
21 4630
21 4635
21 4650
21 4680
21 4918
22 87
22 164
22 205
22 352
22 565
22 622
22 680
22 734
22 1338
22 1355
22 1372
22 1404
22 1427
22 1519
22 1998
22 2147
22 2374
22 2449
22 2494
22 2707
22 2954
22 3012
22 3238
22 3410
22 3490
22 3705
22 3798
22 3852
22 4339
22 4565
22 4865
23 37
23 111
23 134
23 209
23 292
23 403
23 615
23 617
23 828
23 990
23 1191
23 1238
23 1278
23 1403
23 1511
23 1536
23 1631
23 1731
23 1774
23 1934
23 1937
23 2008
23 2072
23 2392
23 2419
23 2441
23 2609
23 2666
23 3317
23 3571
23 3939
23 3967
23 3968
23 3988
23 4058
23 4146
23 4161
23 4370
23 4382
23 4726
23 4775
23 4833
23 4962
24 146
24 153
24 249
24 384
24 558
24 864
24 928
24 1016
24 1042
24 1115
24 1275
24 1315
24 1359
24 1739
24 1766
24 1995
24 2189
24 2243
24 2327
24 2356
24 2446
24 2493
24 2574
24 2645
24 2736
24 3316
24 3604
24 3754
24 3779
24 3795
24 3821
24 3840
24 3886
24 3999
24 4069
24 4329
24 4391
24 4616
24 4619
24 4802
24 4973
25 88
25 213
25 234
25 504
25 778
25 875
25 995
25 1085
25 1128
25 1204
25 1237
25 1418
25 1629
25 1789
25 1878
25 1938
25 1957
25 2233
25 2778
25 3008
25 3256
25 3266
25 3396
25 3535
25 3550
25 3885
25 4134
25 4327
25 4569
25 4753
25 4906
26 38
26 98
26 141
26 220
26 354
26 391
26 510
26 531
26 549
26 594
26 609
26 849
26 877
26 882
26 1209
26 1214
26 1431
26 1545
26 1638
26 1710
26 1933
26 2074
26 2088
26 2135
26 2468
26 2495
26 2898
26 3194
26 3269
26 3527
26 3994
26 3996
26 4002
26 4092
26 4206
26 4235
26 4421
26 4576
26 4623
26 4780
27 43
27 56
27 148
27 271
27 438
27 468
27 593
27 636
27 764
27 862
27 911
27 1648
27 1687
27 1849
27 1922
27 2128
27 2152
27 2324
27 2350
27 2430
27 2559
27 2562
27 2600
27 2917
27 2939
27 3063
27 3096
27 3132
27 3272
27 3301
27 3439
27 3497
27 3727
27 3734
27 3952
27 4239
27 4256
27 4401
27 4416
27 4628
27 4742
27 4925
28 315
28 491
28 527
28 728
28 795
28 829
28 881
28 882
28 955
28 1245
28 1313
28 1324
28 1565
28 1691
28 2328
28 2329
28 2371
28 2455
28 2570
28 2640
28 2698
28 2828
28 2830
28 3001
28 3146
28 3452
28 3540
28 3592
28 3711
28 3749
28 3921
28 4117
28 4324
28 4658
28 4687
28 4735
28 4928
29 54
29 176
29 191
29 255
29 257
29 325
29 412
29 427
29 920
29 976
29 1274
29 1600
29 1716
29 1747
29 1783
29 1883
29 1886
29 2207
29 2318
29 2663
29 2976
29 2988
29 3154
29 3329
29 3594
29 3721
29 3823
29 3839
29 3857
29 3953
29 4007
29 4061
29 4242
29 4349
29 4356
29 4407
29 4593
29 4605
29 4927
30 138
30 289
30 353
30 467
30 525
30 589
30 986
30 1022
30 1203
30 1262
30 1326
30 1327
30 1386
30 1559
30 1751
30 2068
30 2168
30 2332
30 2366
30 2578
30 2618
30 2853
30 3014
30 3022
30 3091
30 3198
30 3315
30 3340
30 3565
30 3573
30 3665
30 3690
30 3735
30 4014
30 4169
30 4259
30 4284
30 4364
30 4589
30 4662
30 4697
30 4855
30 4873
30 4975
30 4976
31 68
31 154
31 199
31 387
31 535
31 622
31 710
31 922
31 984
31 1093
31 1223
31 1525
31 1790
31 1842
31 1854
31 2050
31 2052
31 2078
31 2093
31 2231
31 2424
31 2566
31 2646
31 2863
31 2911
31 2926
31 2927
31 2978
31 3148
31 3173
31 3348
31 3359
31 3375
31 3385
31 3577
31 3622
31 3709
31 3775
31 3878
31 4054
31 4132
31 4148
31 4278
31 4378
31 4722
31 4850
31 4916
31 4934
32 41
32 380
32 475
32 574
32 607
32 719
32 856
32 1044
32 1186
32 1515
32 1524
32 1569
32 1616
32 1645
32 2073
32 2090
32 2269
32 2278
32 2584
32 2769
32 2876
32 3078
32 3413
32 3625
32 3631
32 3644
32 3789
32 3892
32 3937
32 3995
32 4368
32 4529
32 4546
32 4564
32 4679
32 4766
32 4876
32 4886
33 147
33 161
33 480
33 575
33 632
33 660
33 679
33 1099
33 1359
33 1419
33 2246
33 2781
33 3183
33 3203
33 3307
33 3539
33 3559
33 3579
33 3949
33 4393
33 4521
33 4540
33 4783
33 4851
33 4931
34 122
34 189
34 206
34 262
34 293
34 737
34 785
34 1140
34 1215
34 1320
34 1405
34 1514
34 1651
34 1777
34 1884
34 2115
34 2177
34 2179
34 3041
34 3050
34 3380
34 3634
34 3722
34 3799
34 4093
34 4141
34 4194
34 4575
34 4993
35 72
35 234
35 242
35 454
35 482
35 767
35 855
35 879
35 1114
35 1145
35 1256
35 2011
35 2181
35 2279
35 2425
35 2541
35 2580
35 2694
35 2794
35 2903
35 2974
35 3180
35 3306
35 3458
35 3485
35 3788
35 3793
35 3809
35 3827
35 3864
35 4012
35 4046
35 4553
35 4570
35 4598
35 4668
35 4718
36 37
36 112
36 172
36 228
36 286
36 344
36 415
36 562
36 661
36 726
36 1468
36 1594
36 2059
36 2109
36 2306
36 2411
36 2542
36 2861
36 3125
36 3130
36 3347
36 3350
36 3477
36 3635
36 3723
36 3903
36 4094
36 4411
36 4481
36 4871
36 4987
37 166
37 356
37 365
37 441
37 651
37 735
37 890
37 892
37 1283
37 1737
37 1791
37 1888
37 1897
37 1947
37 1972
37 2017
37 2121
37 2421
37 2989
37 3495
37 3807
37 4320
37 4376
37 4396
37 4627
37 4816
37 4960
37 4968
38 377
38 663
38 835
38 926
38 1038
38 1054
38 1308
38 1343
38 1368
38 1434
38 1543
38 1621
38 1916
38 1964
38 2262
38 2298
38 2442
38 2489
38 2526
38 2816
38 2865
38 2880
38 2908
38 3517
38 3582
38 3732
38 3825
38 3909
38 3948
38 4006
38 4281
38 4475
38 4520
38 4747
38 4915
39 167
39 260
39 344
39 371
39 389
39 611
39 683
39 757
39 887
39 895
39 989
39 1086
39 1095
39 1374
39 1454
39 1505
39 1640
39 1718
39 1723
39 1732
39 1770
39 1904
39 1948
39 2010
39 2038
39 2183
39 2333
39 2453
39 2482
39 2560
39 2617
39 2783
39 2918
39 3707
39 3763
39 3945
39 4105
39 4268
39 4367
39 4488
39 4702
39 4769
39 4801
39 4832
39 4980
40 64
40 184
40 326
40 417
40 448
40 490
40 592
40 948
40 1000
40 1052
40 1062
40 1388
40 1442
40 1772
40 1966
40 2002
40 2284
40 2464
40 2502
40 2579
40 2632
40 2710
40 3104
40 3151
40 3392
40 3429
40 3500
40 3598
40 3600
40 3617
40 3729
40 3828
40 4170
40 4346
40 4467
40 4524
40 4601
40 4868
40 4919
40 4956
40 4990
41 217
41 534
41 624
41 744
41 999
41 1082
41 1549
41 1606
41 1682
41 1761
41 1795
41 1868
41 1994
41 2129
41 2234
41 2251
41 2259
41 2544
41 2718
41 2731
41 2879
41 3124
41 3136
41 3228
41 3769
41 3787
41 3896
41 3965
41 4071
41 4119
41 4331
41 4422
41 4465
41 4694
41 4799
41 4979
42 195
42 202
42 470
42 669
42 1080
42 1189
42 1242
42 1284
42 1317
42 1566
42 1662
42 1743
42 1763
42 2220
42 2248
42 2395
42 2848
42 2894
42 3250
42 3343
42 3446
42 3450
42 3837
42 4047
42 4116
42 4483
42 4501
42 4578
42 4729
42 4879
43 60
43 252
43 266
43 379
43 440
43 1058
43 1312
43 1696
43 1697
43 1924
43 1959
43 2326
43 2334
43 2543
43 2601
43 3143
43 3393
43 3630
43 3817
43 3830
43 3863
43 3872
43 3983
43 4075
43 4089
43 4660
43 4671
43 4938
44 343
44 398
44 681
44 834
44 991
44 1363
44 1457
44 1553
44 2022
44 2041
44 2226
44 2403
44 2801
44 2802
44 2872
44 2877
44 2973
44 3512
44 3530
44 3681
44 3695
44 3944
44 3971
44 4177
44 4470
44 4584
44 4731
44 4821
44 4857
44 4858
45 130
45 145
45 150
45 263
45 270
45 540
45 754
45 768
45 893
45 1131
45 1138
45 1556
45 1613
45 1667
45 1720
45 1945
45 1955
45 1978
45 2138
45 2242
45 2378
45 2891
45 2944
45 3095
45 3212
45 4023
45 4026
45 4087
45 4359
45 4440
45 4449
45 4594
45 4798
45 4862
45 4893
45 4952
46 124
46 322
46 454
46 707
46 723
46 756
46 938
46 1270
46 1433
46 1453
46 1491
46 2006
46 2021
46 2157
46 2173
46 2191
46 2274
46 2323
46 2755
46 2837
46 3138
46 3427
46 3538
46 3708
46 3710
46 3717
46 3907
46 4077
46 4457
46 4476
46 4516
46 4554
47 123
47 124
47 338
47 369
47 521
47 1192
47 1469
47 1733
47 1820
47 2019
47 2188
47 2355
47 2359
47 2577
47 2652
47 2766
47 2862
47 2957
47 3024
47 3156
47 3335
47 3360
47 3591
47 3655
47 4301
47 4412
47 4477
48 159
48 251
48 530
48 577
48 589
48 818
48 871
48 1063
48 1176
48 1249
48 1557
48 1581
48 1605
48 1786
48 1899
48 1971
48 2089
48 2158
48 2615
48 2655
48 2668
48 2822
48 3225
48 3252
48 3586
48 3691
48 3783
48 3913
48 4118
48 4143
48 4495
48 4675
48 4676
48 4732
48 4810
48 4889
49 74
49 117
49 165
49 249
49 328
49 334
49 648
49 924
49 1153
49 1273
49 1291
49 1342
49 1422
49 2028
49 2124
49 2370
49 2745
49 2809
49 2844
49 2969
49 3004
49 3081
49 3309
49 3398
49 3503
49 3632
49 3645
49 3986
49 4063
49 4115
49 4354
49 4963
50 418
50 567
50 588
50 670
50 1020
50 1119
50 1211
50 1334
50 1477
50 1580
50 1649
50 1727
50 1962
50 1974
50 1992
50 2182
50 2201
50 2330
50 2509
50 3011
50 3048
50 3057
50 3215
50 3327
50 3356
50 3502
50 3785
50 3838
50 3856
50 4122
50 4156
50 4251
50 4358
50 4518
50 4519
51 114
51 310
51 368
51 486
51 712
51 793
51 914
51 1076
51 1123
51 1869
51 2475
51 2659
51 2775
51 3075
51 3463
51 3605
51 3643
51 3874
51 4000
51 4248
51 4424
51 4670
51 4959
52 75
52 190
52 294
52 638
52 694
52 727
52 862
52 965
52 1031
52 1401
52 1726
52 1794
52 2349
52 2435
52 2462
52 2612
52 2907
52 3099
52 3126
52 3181
52 3322
52 3384
52 3468
52 3581
52 3792
52 3829
52 3927
52 4508
52 4514
52 4638
52 4839
52 5000
53 181
53 408
53 609
53 780
53 1090
53 1142
53 1410
53 1412
53 1429
53 1708
53 1852
53 2205
53 2302
53 2308
53 2415
53 2427
53 2742
53 3337
53 3854
53 4426
53 4852
54 102
54 197
54 229
54 357
54 981
54 1292
54 1393
54 1398
54 1520
54 1552
54 1900
54 2025
54 2035
54 2057
54 2184
54 2295
54 2343
54 2448
54 2533
54 2675
54 2688
54 2703
54 2934
54 2962
54 3015
54 3561
54 4114
54 4203
54 4237
54 4442
54 4463
54 4720
54 4724
54 4804
54 4835
55 63
55 65
55 393
55 445
55 653
55 1290
55 1304
55 1610
55 1940
55 2036
55 2122
55 2218
55 2457
55 2638
55 2644
55 3107
55 3231
55 3283
55 3291
55 3333
55 3471
55 3513
55 3560
55 3590
55 3618
55 3835
55 3841
55 4017
55 4020
55 4072
55 4078
55 4189
55 4252
55 4543
55 4715
55 4763
55 4814
55 4983
55 4998
56 698
56 776
56 909
56 2171
56 2196
56 2373
56 2431
56 2889
56 2995
56 3090
56 3496
56 3580
56 3694
56 3904
56 4045
56 4201
56 4300
56 4491
56 4496
56 4585
56 4664
56 4948
57 209
57 278
57 462
57 492
57 641
57 874
57 1146
57 1218
57 1234
57 1571
57 1623
57 1901
57 1911
57 2046
57 2166
57 2586
57 2803
57 2825
57 2860
57 2864
57 3068
57 3089
57 3282
57 3354
57 3426
57 3692
57 3818
57 4015
57 4021
57 4173
57 4399
57 4434
57 4646
57 4778
57 4807
57 4880
58 81
58 420
58 637
58 639
58 813
58 1029
58 1130
58 1570
58 2240
58 2691
58 2713
58 2724
58 2746
58 2777
58 2936
58 3166
58 3251
58 3355
58 3702
58 3847
58 3898
58 4499
58 4728
58 4985
59 97
59 108
59 264
59 316
59 465
59 526
59 578
59 688
59 766
59 781
59 804
59 808
59 915
59 941
59 1187
59 1207
59 1369
59 1558
59 1609
59 1952
59 2228
59 2461
59 2479
59 2500
59 2604
59 2616
59 2764
59 2807
59 2873
59 2875
59 3178
59 3728
59 3914
59 4103
59 4439
60 129
60 236
60 314
60 320
60 616
60 1530
60 1541
60 1564
60 2080
60 2204
60 2227
60 2702
60 2704
60 2719
60 3244
60 3262
60 3287
60 3568
60 3658
60 4153
60 4199
60 4214
60 4403
60 4420
60 4774
60 4811
61 160
61 230
61 752
61 1100
61 1217
61 1354
61 1626
61 1654
61 1706
61 1709
61 2014
61 2105
61 2198
61 2465
61 2478
61 2621
61 2622
61 2836
61 3122
61 3249
61 3298
61 3682
61 3760
61 3935
61 3941
61 4070
61 4178
61 4427
61 4615
61 4838
61 4900
62 100
62 104
62 274
62 284
62 713
62 773
62 806
62 857
62 952
62 1152
62 1179
62 1181
62 1285
62 1300
62 1432
62 1548
62 1905
62 1917
62 1990
62 2009
62 2045
62 2225
62 2286
62 2914
62 2919
62 3330
62 3432
62 3759
62 4135
62 4410
62 4759
62 4827
62 4882
62 4904
63 182
63 281
63 695
63 906
63 1118
63 1163
63 1288
63 1362
63 1656
63 1736
63 1741
63 1989
63 2292
63 2826
63 3110
63 3390
63 3620
63 3671
63 4088
63 4286
63 4462
63 4567
63 4790
63 4863
63 4901
64 198
64 402
64 547
64 729
64 931
64 1034
64 1039
64 1244
64 1665
64 1873
64 1983
64 2346
64 2360
64 2375
64 2459
64 2849
64 2970
64 3145
64 3169
64 3210
64 3338
64 3959
64 4038
64 4100
64 4321
64 4417
64 4542
64 4548
64 4602
65 152
65 219
65 285
65 827
65 954
65 1149
65 1512
65 1516
65 2051
65 2067
65 2161
65 2301
65 2336
65 2651
65 2656
65 3128
65 3187
65 3417
65 3747
65 3765
65 3940
65 4151
65 4446
65 4581
65 4586
65 4903
66 113
66 482
66 533
66 748
66 960
66 1236
66 1650
66 1730
66 1887
66 1965
66 2086
66 2290
66 2467
66 2520
66 2553
66 2592
66 2635
66 2722
66 2795
66 2871
66 2896
66 3257
66 3562
66 3578
66 3704
66 3716
66 3895
66 4363
66 4469
66 4538
66 4579
66 4582
66 4988
67 132
67 190
67 544
67 687
67 745
67 898
67 1059
67 1127
67 1562
67 1663
67 1784
67 2003
67 2092
67 2126
67 3058
67 3092
67 3106
67 3171
67 3414
67 3869
67 4174
67 4215
67 4767
67 4881
68 452
68 456
68 1402
68 1573
68 1866
68 2416
68 2729
68 2814
68 2924
68 2949
68 3053
68 3185
68 3240
68 3412
68 3475
68 3548
68 3629
68 4459
68 4556
68 4966
69 216
69 381
69 538
69 601
69 676
69 945
69 1159
69 1202
69 1250
69 1486
69 1487
69 1547
69 1568
69 1906
69 2338
69 2514
69 2678
69 2720
69 3039
69 3261
69 3363
69 3367
69 3596
69 3651
69 3652
69 3678
69 3750
69 4108
69 4124
69 4234
69 4357
69 4648
69 4655
70 238
70 313
70 539
70 639
70 668
70 699
70 956
70 1674
70 1956
70 2456
70 2506
70 2590
70 2639
70 3040
70 3239
70 3687
70 3860
70 3926
70 4185
70 4386
70 4435
70 4436
70 4452
70 4497
70 4806
71 133
71 203
71 497
71 528
71 722
71 884
71 897
71 966
71 1019
71 1154
71 1796
71 2458
71 2472
71 2649
71 3097
71 3514
71 3820
71 3897
71 3998
71 4186
71 4187
71 4272
71 4345
71 4380
72 650
72 896
72 963
72 1025
72 1753
72 1913
72 1926
72 2357
72 2531
72 2912
72 3383
72 3436
72 3889
72 4383
73 378
73 462
73 980
73 983
73 1344
73 1428
73 1532
73 1664
73 1713
73 1799
73 2004
73 2420
73 2751
73 3137
73 3237
73 3374
73 4102
73 4121
73 4305
73 4330
73 4447
73 4869
74 170
74 267
74 272
74 673
74 946
74 949
74 1193
74 1467
74 1478
74 1861
74 1876
74 2263
74 2386
74 2398
74 3381
74 3786
74 3867
74 3917
74 4130
74 4160
74 4473
74 4693
74 4899
75 89
75 149
75 178
75 192
75 1220
75 1381
75 1499
75 1679
75 1752
75 1793
75 1915
75 1976
75 2119
75 2471
75 2624
75 2790
75 2799
75 2913
75 3167
75 3275
75 3399
75 3416
75 3663
75 3697
75 4147
75 4673
75 4709
76 104
76 647
76 1012
76 1157
76 1400
76 1695
76 1700
76 1912
76 2049
76 2053
76 2249
76 2277
76 2372
76 2388
76 2643
76 2695
76 2787
76 3218
76 3366
76 3670
76 3894
76 3973
76 4588
76 4624
76 4678
76 4689
76 4861
76 4937
77 367
77 407
77 440
77 803
77 1089
77 1182
77 1185
77 1268
77 2043
77 2176
77 2197
77 2297
77 2547
77 2563
77 2569
77 2780
77 2805
77 2925
77 2958
77 3116
77 3546
77 3649
77 3781
77 3834
77 4325
77 4996
78 163
78 361
78 550
78 1073
78 1098
78 1441
78 1776
78 1823
78 2131
78 2206
78 2368
78 2683
78 2782
78 2938
78 3045
78 3127
78 3179
78 3373
78 3542
78 3954
78 4059
78 4587
78 4701
78 4760
78 4770
79 89
79 240
79 247
79 515
79 523
79 630
79 709
79 1006
79 1027
79 1265
79 1391
79 1495
79 1572
79 1590
79 1614
79 1881
79 2107
79 2229
79 2597
79 2631
79 2711
79 2922
79 3019
79 3059
79 3382
79 4607
79 4620
79 4992
80 93
80 362
80 613
80 642
80 696
80 1255
80 1421
80 1630
80 1764
80 2250
80 2567
80 3038
80 3260
80 3332
80 3532
80 3572
80 3684
80 4218
81 345
81 645
81 1230
81 1322
81 1350
81 1539
81 1583
81 1666
81 1688
81 2689
81 2737
81 2813
81 3246
81 3276
81 3304
81 3812
81 4029
81 4371
81 4487
82 178
82 225
82 429
82 714
82 868
82 1004
82 1047
82 1116
82 1447
82 1622
82 1694
82 1864
82 2091
82 2118
82 2167
82 2354
82 3162
82 3583
82 3768
82 3855
82 3906
82 4159
82 4244
82 4596
82 4908
83 310
83 557
83 628
83 686
83 799
83 802
83 873
83 1125
83 1501
83 1722
83 2100
83 2160
83 2186
83 2771
83 2984
83 3121
83 3311
83 3328
83 3438
83 3724
83 3777
83 3816
83 3851
83 3859
83 4746
83 4989
84 226
84 251
84 581
84 844
84 969
84 1235
84 1844
84 1919
84 2114
84 2125
84 2466
84 2517
84 2548
84 2785
84 3009
84 3134
84 3378
84 3409
84 3693
84 3890
84 4289
84 4374
84 4719
85 468
85 474
85 584
85 826
85 1475
85 1584
85 2015
85 2268
85 2365
85 2384
85 2587
85 3005
85 3006
85 3052
85 3478
85 3488
85 3638
85 4125
85 4523
85 4609
86 151
86 195
86 432
86 657
86 775
86 1155
86 1337
86 1464
86 1567
86 1773
86 1833
86 1931
86 2001
86 2055
86 2101
86 2854
86 3254
86 4634
86 4797
87 233
87 471
87 472
87 502
87 656
87 979
87 1352
87 1379
87 1542
87 1597
87 1825
87 2149
87 2680
87 3100
87 3259
87 3325
87 3346
87 4192
87 4299
88 553
88 644
88 1771
88 1802
88 1816
88 1839
88 1892
88 1918
88 1985
88 2959
88 3508
88 3516
88 3628
88 3659
88 3803
88 3966
88 4109
88 4210
88 4557
88 4771
88 4875
88 4896
89 464
89 919
89 950
89 1173
89 1617
89 1975
89 2064
89 2361
89 2792
89 3049
89 3076
89 3086
89 3232
89 3531
89 3767
89 4274
89 4322
89 4600
90 141
90 451
90 548
90 597
90 993
90 1213
90 1529
90 2215
90 2260
90 2490
90 2564
90 2568
90 3342
90 3353
90 3556
90 3758
90 4051
90 4997
91 318
91 1018
91 1046
91 1349
91 2275
91 2734
91 2812
91 2821
91 3364
91 3677
91 3679
91 3680
91 3938
91 4188
91 4317
91 4595
91 4924
92 151
92 304
92 396
92 951
92 1222
92 1281
92 1686
92 2902
92 3007
92 3165
92 3341
92 3744
92 3761
92 4139
92 4216
92 4263
92 4294
92 4777
93 207
93 817
93 1092
93 1853
93 1909
93 2081
93 2412
93 3161
93 3882
93 3976
93 4013
93 4043
93 4052
93 4064
93 4076
93 4184
93 4205
93 4221
93 4493
93 4614
94 231
94 239
94 519
94 1008
94 1070
94 1331
94 1356
94 1366
94 1461
94 1612
94 2153
94 2519
94 2740
94 2929
94 3208
94 3234
94 3264
94 3397
94 3746
94 3943
94 4213
94 4222
94 4733
95 116
95 672
95 689
95 854
95 1096
95 1124
95 1241
95 1618
95 2847
95 2999
95 3377
95 3791
95 3956
95 3972
95 4039
96 256
96 311
96 717
96 826
96 1112
96 1197
96 1353
96 1471
96 1493
96 1497
96 1576
96 1591
96 1599
96 1830
96 2116
96 2397
96 2401
96 2677
96 3172
96 3570
96 3846
96 4066
96 4111
96 4240
96 4455
96 4535
97 586
97 982
97 1253
97 1476
97 1484
97 1494
97 2797
97 3771
97 4158
97 4164
97 4626
98 214
98 443
98 1141
98 1279
98 1891
98 1895
98 2077
98 2627
98 3115
98 3293
98 3862
98 4010
98 4031
98 4082
99 188
99 268
99 327
99 526
99 1084
99 1134
99 1151
99 1481
99 1653
99 1672
99 1678
99 1850
99 2224
99 2281
99 2667
99 2721
99 3442
99 3719
99 3844
99 4019
99 4377
100 156
100 431
100 810
100 1757
100 1851
100 1961
100 2351
100 2818
100 3247
100 3248
100 3388
100 3740
100 4057
100 4226
100 4342
100 4785
101 265
101 367
101 761
101 918
101 1321
101 2144
101 2155
101 2410
101 3087
101 3204
101 3528
101 3593
101 4223
101 4522
101 4890
101 4910
102 674
102 1224
102 1323
102 1396
102 1775
102 1903
102 2079
102 2230
102 2244
102 2256
102 2650
102 2921
102 3042
102 4267
102 4528
102 4583
102 4894
103 228
103 863
103 894
103 1033
103 1575
103 1749
103 1954
103 2367
103 2550
103 2996
103 3826
103 4276
103 4414
104 582
104 678
104 927
104 1014
104 1200
104 1229
104 1448
104 1508
104 2037
104 2522
104 2634
104 2743
104 2943
104 3061
104 3119
104 3434
104 4168
104 4228
104 4282
104 4336
104 4805
105 160
105 185
105 373
105 741
105 753
105 1299
105 1301
105 1997
105 2265
105 3131
105 3699
105 3919
105 3969
105 4247
105 4394
105 4794
106 117
106 675
106 1247
106 1258
106 2031
106 2258
106 2358
106 2796
106 2819
106 3013
106 3520
106 3536
106 4175
106 4190
106 4577
106 4803
106 4914
107 201
107 399
107 461
107 511
107 568
107 1383
107 1439
107 1756
107 2779
107 2899
107 3168
107 3189
107 3351
107 3437
107 4084
107 4597
107 4796
107 4867
108 372
108 395
108 501
108 861
108 1079
108 1657
108 2094
108 2496
108 2538
108 3000
108 3031
108 3361
108 3597
108 3843
108 3918
108 4335
109 219
109 333
109 666
109 750
109 1206
109 1271
109 1392
109 1445
109 1715
109 1880
109 2529
109 3025
109 3219
109 3465
109 3588
109 4505
109 4730
109 4741
109 4837
110 139
110 444
110 536
110 1064
110 1671
110 2013
110 2484
110 2679
110 2846
110 2951
110 3102
110 3227
110 3554
110 4128
110 4995
111 126
111 128
111 157
111 254
111 760
111 1272
111 2134
111 2626
111 2788
111 3051
111 3349
111 3440
111 3674
111 3873
111 4200
112 196
112 360
112 500
112 1239
112 1319
112 1330
112 1407
112 1611
112 1812
112 2062
112 2235
112 2267
112 2536
112 2800
112 3281
112 3425
112 3558
112 3698
112 4107
112 4884
113 303
113 404
113 512
113 1158
113 2024
113 2608
113 3193
113 3273
113 3553
113 3608
113 3646
113 4025
113 4841
113 4846
114 177
114 635
114 733
114 742
114 789
114 1336
114 1846
114 2075
114 2444
114 2486
114 3164
114 3639
114 3656
114 3776
114 3861
114 4573
114 4603
114 4739
115 625
115 1240
115 1261
115 1341
115 1522
115 1533
115 1601
115 1811
115 2647
115 3871
115 4027
115 4207
115 4566
115 4698
116 237
116 275
116 385
116 598
116 732
116 846
116 1036
116 1982
116 2261
116 2414
116 3112
116 3265
116 4090
116 4686
117 215
117 308
117 506
117 957
117 967
117 996
117 1506
117 1858
117 2145
117 3804
117 4307
117 4669
117 4836
118 137
118 223
118 272
118 455
118 479
118 865
118 1228
118 1555
118 2066
118 2288
118 2793
118 3123
118 3762
118 4110
118 4456
118 4517
118 4656
119 850
119 1219
119 1335
119 1554
119 2084
119 2162
119 2381
119 2588
119 2599
119 2904
119 2966
119 2991
119 3020
119 3725
119 3822
119 4217
119 4241
119 4511
120 221
120 495
120 1074
120 1528
120 2928
120 3046
120 3661
120 4112
121 267
121 936
121 1113
121 2076
121 2516
121 2594
121 2762
121 3002
121 3292
121 3774
121 4131
121 4743
121 4826
122 703
122 772
122 1357
122 2585
122 2931
122 3245
122 3278
122 4288
122 4652
122 4859
122 4891
122 4967
123 419
123 702
123 771
123 839
123 1210
123 1458
123 1838
123 2382
123 2497
123 3300
123 4008
123 4086
123 4721
123 4736
123 4781
124 947
124 1836
124 2202
124 3093
124 3405
124 3443
124 3706
124 3831
124 4074
124 4255
124 4423
124 4653
124 4795
124 4825
125 172
125 559
125 831
125 885
125 1177
125 1226
125 2170
125 2283
125 2311
125 2339
125 2532
125 2534
125 2980
125 3149
125 3415
125 3472
125 3602
125 3612
125 3701
125 3993
125 4229
125 4348
125 4625
126 410
126 460
126 542
126 631
126 1768
126 2106
126 2344
126 2750
126 3423
126 4509
126 4649
126 4691
126 4751
127 211
127 580
127 598
127 633
127 692
127 836
127 870
127 1167
127 1252
127 1867
127 2428
127 2518
127 2623
127 2811
127 3233
127 4055
127 4438
127 4460
127 4703
128 212
128 662
128 883
128 935
128 1156
128 1492
128 1598
128 1951
128 1988
128 2123
128 2445
128 2660
128 2885
128 3320
128 4137
128 4337
128 4419
128 4706
128 4707
129 171
129 411
129 665
129 725
129 1430
129 1546
129 2513
129 2633
129 2906
129 3098
129 3235
129 3433
129 3464
129 3633
129 3916
129 4651
129 4951
130 483
130 629
130 796
130 2033
130 2087
130 3566
130 3893
130 4311
130 4347
130 4847
130 4949
131 1619
131 1652
131 1999
131 2099
131 2111
131 2180
131 2770
131 2881
131 3083
131 3220
131 3435
131 4056
131 4478
132 405
132 1111
132 1444
132 1620
132 1742
132 2127
132 2450
132 3055
132 3135
132 3402
132 3564
132 3849
132 4195
132 4212
133 489
133 1068
133 1314
133 1813
133 2178
133 2942
133 3997
133 4129
133 4872
133 4969
134 347
134 522
134 944
134 968
134 1122
134 1280
134 1371
134 1721
134 2007
134 2524
134 2817
134 3756
134 3870
134 3946
134 4211
135 329
135 682
135 700
135 792
135 1325
135 1496
135 1628
135 1932
135 1969
135 2765
135 2884
135 3069
135 3518
135 3585
135 3621
135 4018
135 4365
135 4559
135 4591
136 198
136 524
136 1221
136 1788
136 1870
136 2027
136 2211
136 2335
136 2422
136 2637
136 2789
136 3319
136 3324
136 3447
136 3741
136 3773
136 3950
136 4592
137 287
137 342
137 469
137 573
137 769
137 1121
137 1246
137 1943
137 2146
137 2192
137 2304
137 2610
137 3421
137 4275
138 498
138 1297
138 1437
138 1473
138 1847
138 1925
138 3077
138 3195
138 3297
138 3739
138 4106
138 4360
138 4613
139 833
139 1828
139 2508
139 2528
139 2888
139 3016
139 3133
139 3654
139 4788
140 274
140 376
140 425
140 545
140 1057
140 1102
140 1201
140 2102
140 2554
140 2776
140 3312
140 3567
140 4385
141 532
141 1361
141 1582
141 1637
141 2423
141 4231
141 4830
141 4845
142 151
142 1698
142 1950
142 2487
142 2491
142 2671
142 2990
142 3213
142 3742
142 4684
143 201
143 985
143 1500
143 1593
143 1929
143 2352
143 2892
143 3736
143 4808
144 508
144 762
144 908
144 1015
144 1072
144 1818
144 1923
144 2690
144 2699
144 3188
144 3459
144 4042
144 4506
145 973
145 1540
145 1762
145 1831
145 2512
145 2960
145 3177
145 3295
145 3770
145 4429
145 4856
145 4897
146 283
146 382
146 847
146 859
146 970
146 972
146 1101
146 2216
146 2492
146 3271
146 3474
146 3549
146 4273
147 224
147 1037
147 1040
147 1287
147 1307
147 1848
147 2575
147 2950
147 3197
147 3866
147 3908
147 4126
147 4318
147 4911
148 551
148 563
148 1711
148 2521
148 2786
148 2815
148 3206
148 3666
148 4387
148 4866
149 814
149 1088
149 1231
149 1596
149 1641
149 2214
149 2897
149 3044
150 406
150 496
150 1302
150 1502
150 1615
150 1625
150 1740
150 1805
150 1981
150 2400
150 3003
150 3268
150 3302
150 3501
150 3515
151 370
151 481
151 798
151 1420
151 2047
151 2434
151 2485
151 2761
151 2948
151 3403
151 4644
151 4744
151 4929
152 599
152 736
152 1232
152 1968
152 2117
152 2890
152 3481
152 3748
152 3923
152 4558
152 4710
153 244
153 332
153 349
153 697
153 1604
153 2596
153 2909
153 2947
153 4133
154 208
154 446
154 900
154 1026
154 2253
154 2905
154 3216
154 3486
154 3713
154 3963
154 3981
154 4271
154 4381
154 4633
154 4764
155 631
155 1745
155 3832
155 4120
155 4209
155 4227
155 4323
155 4392
156 269
156 596
156 777
156 1032
156 1462
156 2313
156 2345
156 2510
156 3934
156 4264
157 782
157 961
157 1067
157 1769
157 1856
157 2353
157 2437
157 3222
158 278
158 604
158 933
158 1087
158 1824
158 1894
158 3470
158 3730
159 243
159 466
159 708
159 2289
159 2294
159 2613
159 3448
159 3623
159 3642
159 4073
159 4608
160 168
160 505
160 518
160 1135
160 1754
160 2619
160 2706
160 2940
160 3062
160 3453
160 3836
160 4079
160 4639
161 823
161 1043
161 1503
161 1882
161 1890
161 2169
161 2686
161 2773
161 3368
161 3551
161 3650
161 4413
161 4525
161 4532
162 411
162 801
162 840
162 1060
162 1260
162 1602
162 2156
162 2527
162 2576
162 3021
162 3229
162 3614
163 187
163 450
163 537
163 618
163 917
163 1535
163 1544
163 1942
163 2760
163 3345
163 4373
163 4683
163 4864
164 2945
164 4154
164 4155
164 4233
164 4406
164 4809
164 4981
165 248
165 2061
165 2772
165 3129
165 3601
165 4568
165 4622
166 1704
166 2555
166 4260
167 507
167 583
167 619
167 1053
167 2433
167 2823
167 3462
167 3575
167 4049
167 4062
167 4940
167 4978
168 317
168 1227
168 2735
168 3082
168 4016
168 4204
168 4561
169 426
169 433
169 453
169 770
169 1472
169 2012
169 2103
169 2396
169 2693
169 3279
169 3523
169 4265
169 4415
169 4905
170 235
170 974
170 2303
170 2549
170 2882
170 3454
170 3541
170 4958
171 259
171 564
171 811
171 932
171 1147
171 1817
171 2727
171 3101
171 3653
171 4618
172 693
172 1013
172 1987
172 3017
172 3088
172 3394
172 3703
172 3911
172 4304
173 1104
173 2900
173 3900
173 4384
174 643
174 992
174 1642
174 2662
174 2842
174 3689
174 4003
174 4319
174 4853
175 359
175 1021
175 1120
175 1376
175 2573
175 2791
175 3499
175 3545
175 4389
175 4738
176 222
176 585
176 903
176 1395
176 1702
176 1877
176 2595
176 4727
176 4793
177 1397
177 1436
177 1677
177 2247
177 2611
177 2975
177 3683
177 4033
177 4309
177 4352
177 4503
177 4515
178 2546
178 2757
178 3466
178 3482
178 3498
178 3970
179 192
179 1169
179 2331
179 2682
179 3978
179 4032
179 4333
180 378
180 1041
180 1267
180 2540
181 297
181 1259
181 1443
181 1452
181 1669
181 1693
181 4636
182 375
182 1810
182 1935
182 1996
182 2705
182 3778
182 4665
183 625
183 1689
183 3880
183 4466
183 4892
184 788
184 1893
184 2413
184 4551
184 4757
185 401
185 509
185 1424
185 1862
185 2104
185 2758
185 3026
185 3962
186 525
186 620
186 880
186 2460
186 3243
186 4562
186 4659
187 1007
187 1178
187 1627
187 2139
187 2839
187 3326
187 3494
187 3609
187 4464
188 1550
188 1579
188 2143
188 4945
189 1414
189 1455
189 1531
189 2383
189 3483
189 3526
189 4930
189 4939
190 363
190 787
190 866
190 2841
190 3733
190 4923
191 193
191 830
191 1470
191 2572
191 2701
191 2869
191 4030
192 2150
192 2642
192 3400
192 4180
192 4431
193 218
193 1409
193 2447
194 602
194 819
194 860
194 2056
194 3074
194 3303
194 3308
194 3611
194 4081
195 520
195 579
195 1212
195 2993
195 3230
195 3424
195 3506
195 3700
195 3887
195 4303
195 4737
196 277
196 436
196 4009
196 4101
196 4167
196 4290
196 4369
197 346
197 1028
197 2112
197 2377
197 2744
197 2965
197 3925
197 4433
197 4486
198 291
198 374
198 435
198 824
198 1578
198 2060
198 2221
198 2843
198 2968
198 4502
199 943
199 2039
199 2405
199 2932
199 3065
199 3182
199 3205
199 3318
199 3336
199 4328
200 901
200 4219
200 4246
200 4632
200 4902
200 4970
201 337
201 711
201 1199
201 1282
201 1438
201 1586
202 529
202 3105
202 3552
202 3915
203 1977
203 3294
203 4279
204 718
204 1673
204 2034
204 2498
204 2952
204 3451
204 4261
204 4643
205 1479
205 2470
205 2963
205 2977
205 3199
205 4068
205 4682
206 1527
206 2321
206 2394
206 2933
206 2983
206 3875
207 610
207 4048
207 4510
207 4752
208 1225
208 3964
208 4182
208 4545
209 1109
209 2833
209 2835
209 4283
209 4537
210 300
210 323
210 958
210 1183
210 1333
210 1348
210 2716
210 2730
210 4152
210 4165
210 4198
210 4888
211 1051
211 1061
211 3819
211 3883
211 4181
212 413
212 1592
212 1908
212 2994
212 3184
212 3430
212 3509
212 3745
212 4400
212 4530
212 4994
213 250
213 543
213 1378
213 2148
213 3163
214 1009
214 1767
214 2237
214 2272
214 3853
215 383
215 1198
215 1958
215 2545
215 3419
215 4308
215 4351
215 4984
216 4640
216 4800
217 3813
217 4637
218 1188
218 1248
218 1632
219 1840
219 1928
219 2325
220 2071
220 2452
220 3028
220 4527
222 626
222 783
222 1399
222 2539
222 3473
222 3603
222 4621
223 705
223 1094
223 1635
223 2385
224 437
224 2309
224 2804
224 2883
224 4723
225 1498
225 1585
225 1806
225 2696
225 3974
225 4813
226 649
226 2270
226 3277
226 4036
226 4343
227 1855
227 3555
227 4843
228 1108
228 2784
228 2886
228 4504
228 4672
228 4844
229 280
229 832
229 988
229 1316
229 2930
229 4193
230 623
230 937
230 1551
230 3389
230 3955
230 4113
230 4745
231 572
231 655
231 2606
231 3805
231 3936
231 4142
232 627
232 1117
232 1898
232 2070
232 4834
232 4909
233 409
233 561
233 716
234 1518
234 2393
234 2714
234 3186
234 4787
235 1675
235 2535
235 2598
235 3932
236 942
236 2285
236 3290
236 3391
236 4104
236 4297
236 4750
237 355
237 2185
238 324
238 743
238 987
238 1339
238 1921
238 4555
239 1168
239 1463
239 1782
239 1889
239 1936
239 2941
239 3806
239 3924
239 4425
240 876
240 1166
241 751
241 1435
241 2282
241 2558
241 2687
241 3313
241 3637
242 517
242 1643
242 1939
242 4705
243 245
243 336
243 1859
243 2717
243 3992
243 4332
244 1162
244 2120
244 2438
244 2469
244 2676
245 2923
245 3214
245 3263
245 3344
245 4145
246 279
246 322
246 3669
246 4946
247 746
247 1521
247 4024
247 4971
248 301
248 424
248 3534
248 3977
249 307
249 3242
249 4306
250 1011
250 1705
250 1814
251 1746
251 2159
251 3407
251 3492
251 3772
251 4854
252 964
252 2878
252 3456
252 3460
252 3951
252 3982
253 1180
253 3286
253 3352
253 4489
254 1107
254 4765
255 614
255 3833
255 4711
256 514
256 2287
256 4053
256 4782
257 458
257 1195
257 1808
257 2095
257 3314
257 4740
258 843
258 1332
258 4677
259 366
259 1408
259 1874
259 2463
259 3285
260 755
260 858
260 930
260 1821
260 3035
260 4355
261 671
261 1347
261 3667
261 3975
262 340
262 677
262 724
262 1190
262 1668
262 2314
262 2697
262 3487
262 4196
263 851
263 1826
263 3766
263 4848
264 872
264 962
264 1385
264 1504
264 1800
265 652
265 2607
266 797
266 4011
266 4250
267 414
267 820
267 838
267 2172
267 2376
268 822
268 1194
268 2674
268 2738
268 3023
268 3192
268 3780
269 1129
269 1488
269 2916
269 3731
269 3879
270 759
270 1375
270 2858
270 3334
271 364
271 2733
271 3236
271 4725
272 816
272 1269
272 2032
272 2432
272 3613
272 4674
273 1460
273 1832
273 2208
274 658
274 2142
275 309
275 739
275 3103
275 4547
276 4022
276 4144
277 4390
277 4696
277 4935
278 4955
279 4860
280 654
280 1045
280 2684
281 1083
281 2217
281 2296
281 3411
281 3524
281 3533
281 3985
281 4895
282 621
282 1309
282 4220
282 4907
283 1035
283 2754
284 715
285 3253
285 3850
286 659
286 2280
287 416
287 595
287 3141
288 359
288 1588
288 3930
288 4552
289 1759
289 3362
290 4947
291 3223
291 4974
292 2986
292 4571
293 447
294 2870
295 3209
296 1449
296 1703
296 2291
296 2582
296 2763
296 4253
297 3461
297 4700
298 309
298 1993
298 2165
298 4943
299 2342
299 2551
299 4791
300 3489
301 2439
302 341
302 3755
302 4560
302 4822
303 560
303 852
303 4549
305 2767
306 2348
306 4921
307 1380
307 1411
307 1456
307 4149
308 1920
308 2964
308 4688
309 1537
309 3696
310 3370
311 4954
312 3404
314 2808
314 4541
315 1724
315 4824
316 720
316 1829
316 2953
316 3139
318 3054
319 1510
319 2593
319 4312
320 4405
320 4574
321 532
321 1055
321 2625
321 4334
322 394
322 1289
322 1296
322 3064
322 3420
323 3455
323 4083
323 4580
324 1305
324 3358
325 4957
326 1680
326 2556
326 2824
327 439
327 3395
328 640
329 1277
329 2681
329 3607
329 4296
330 452
330 1367
330 4398
331 2063
331 4461
332 3444
333 3094
334 2058
335 361
335 2255
335 2630
335 3876
336 1690
336 4714
337 1110
338 485
338 2946
338 3961
339 546
339 1734
342 3519
343 1416
343 1798
343 2747
343 2768
344 2759
345 2571
346 1644
346 4500
348 378
348 1577
348 3469
348 3595
351 362
351 1659
352 929
353 2831
353 4035
354 587
354 646
354 3569
354 4270
355 571
357 4479
358 1370
358 1834
358 3299
359 4341
359 4397
361 4482
362 2048
363 923
364 1170
364 1298
364 2030
365 4629
367 1425
367 4099
368 1980
369 1574
369 2219
371 2756
372 3158
373 503
373 4293
374 473
374 600
375 2515
376 1819
376 3289
377 457
377 2525
379 4245
381 886
381 2827
381 3987
381 4610
382 1523
382 2379
384 721
385 1426
385 2266
385 4480
387 3144
388 2673
389 2387
391 4941
392 805
393 2605
393 3387
395 4091
396 1729
396 2602
396 4828
397 476
397 3505
399 1960
399 4604
405 837
407 2193
409 1069
410 449
410 3010
410 4953
413 3117
413 3902
414 1785
415 2505
415 4428
416 2867
416 4762
418 4779
419 4277
420 902
420 1639
420 2254
421 2725
422 1143
422 1967
428 1450
429 4818
430 4313
434 471
434 2389
435 2658
436 3108
437 1949
438 763
438 4749
439 3084
439 3221
439 4874
443 3270
443 3507
444 4285
451 4162
453 1243
453 4375
457 2979
457 3797
459 2317
459 2426
462 2920
463 534
465 3686
469 3922
470 994
470 3824
471 2723
475 2199
476 4171
478 3323
479 2436
480 493
480 1624
482 4230
484 1389
485 3109
488 3176
488 4789
491 1755
492 590
492 3764
493 2083
496 2887
499 690
503 4451
509 4717
510 1699
510 1765
514 3544
525 3511
528 3408
532 1071
532 2264
535 1595
536 1701
547 3627
550 1692
558 1377
560 1863
569 3957
570 2741
576 4768
592 4269
593 3431
612 1865
614 3525
631 916
637 4544
660 784
703 4445
797 1841
890 2774
1018 1984
