1 58
1 88
1 183
1 212
1 214
1 264
1 338
1 355
1 371
1 403
1 444
1 463
1 536
1 616
1 617
1 668
1 713
1 735
1 839
1 853
1 890
1 905
1 907
1 923
1 989
1 1073
2 29
2 148
2 156
2 269
2 288
2 382
2 466
2 488
2 507
2 539
2 647
2 661
2 721
2 821
2 870
2 873
2 890
2 911
2 919
2 1061
3 21
3 73
3 89
3 155
3 335
3 427
3 430
3 477
3 501
3 706
3 709
3 774
3 792
3 800
3 897
3 901
3 975
3 1014
3 1030
3 1058
4 19
4 36
4 81
4 96
4 124
4 231
4 255
4 276
4 324
4 346
4 354
4 513
4 519
4 529
4 568
4 586
4 610
4 707
4 808
4 861
4 876
4 894
4 1049
5 8
5 12
5 25
5 93
5 144
5 201
5 212
5 280
5 433
5 439
5 487
5 490
5 527
5 604
5 702
5 796
5 833
5 840
5 861
5 896
5 976
5 979
5 1005
6 130
6 184
6 231
6 240
6 295
6 387
6 462
6 559
6 648
6 729
6 874
6 909
6 917
6 977
6 980
6 983
6 1008
7 17
7 53
7 61
7 77
7 95
7 178
7 196
7 336
7 381
7 406
7 407
7 472
7 473
7 495
7 524
7 545
7 549
7 560
7 603
7 782
7 881
7 897
7 934
7 949
7 962
7 983
7 1007
8 110
8 219
8 311
8 383
8 422
8 424
8 437
8 486
8 503
8 561
8 621
8 755
8 758
8 765
8 804
8 860
8 924
8 981
8 1011
8 1062
9 24
9 155
9 232
9 271
9 331
9 372
9 373
9 530
9 705
9 726
9 730
9 790
9 858
9 1036
10 11
10 64
10 77
10 90
10 122
10 157
10 174
10 194
10 237
10 272
10 393
10 465
10 504
10 683
10 759
10 767
10 775
10 859
11 54
11 76
11 181
11 261
11 268
11 283
11 284
11 361
11 365
11 443
11 449
11 458
11 543
11 628
11 667
11 671
11 830
11 885
11 887
11 891
11 899
11 947
11 951
11 973
12 55
12 66
12 135
12 230
12 327
12 333
12 432
12 485
12 720
12 740
12 741
12 749
12 799
12 822
12 880
12 1033
13 74
13 183
13 208
13 226
13 239
13 309
13 339
13 411
13 470
13 509
13 532
13 534
13 537
13 665
13 677
13 714
13 1027
13 1059
14 226
14 426
14 436
14 453
14 496
14 498
14 585
14 589
14 618
14 649
14 847
14 959
14 966
14 986
14 1072
15 22
15 37
15 50
15 72
15 110
15 170
15 185
15 217
15 258
15 291
15 301
15 332
15 526
15 571
15 584
15 699
15 733
15 737
15 750
15 837
15 941
15 991
15 994
15 1025
16 79
16 87
16 149
16 168
16 170
16 344
16 353
16 363
16 419
16 435
16 440
16 508
16 518
16 717
16 725
16 1041
16 1051
17 40
17 68
17 115
17 127
17 152
17 242
17 475
17 573
17 599
17 736
17 748
17 1012
18 24
18 75
18 117
18 119
18 270
18 314
18 364
18 405
18 408
18 482
18 531
18 566
18 587
18 731
18 944
19 28
19 41
19 106
19 107
19 193
19 211
19 234
19 289
19 421
19 425
19 492
19 505
19 510
19 595
19 622
19 662
19 928
19 930
19 964
19 1028
19 1044
19 1065
20 65
20 89
20 99
20 285
20 342
20 397
20 570
20 601
20 624
20 633
20 646
20 712
20 937
20 988
21 27
21 198
21 209
21 229
21 245
21 464
21 533
21 538
21 613
21 685
21 786
21 851
21 950
21 952
22 132
22 266
22 290
22 292
22 420
22 461
22 516
22 523
22 653
22 732
22 753
22 795
22 920
22 945
22 1013
22 1060
23 29
23 38
23 45
23 103
23 136
23 166
23 169
23 388
23 594
23 738
23 756
23 970
23 1039
23 1070
24 43
24 56
24 121
24 123
24 147
24 179
24 225
24 631
24 680
24 766
24 787
24 1031
24 1040
25 30
25 32
25 33
25 176
25 228
25 297
25 428
25 481
25 484
25 567
25 637
25 664
25 670
25 678
25 761
25 803
25 825
25 922
25 932
26 115
26 300
26 366
26 376
26 441
26 468
26 615
26 643
26 657
26 742
26 747
26 798
26 806
26 915
26 953
26 1064
27 78
27 112
27 162
27 187
27 385
27 389
27 542
27 552
27 674
27 710
27 818
27 819
28 222
28 302
28 308
28 630
28 768
28 794
28 925
29 151
29 287
29 447
29 448
29 452
29 497
29 520
29 620
29 627
29 908
29 910
29 961
29 1046
30 102
30 134
30 348
30 356
30 457
30 641
30 651
30 689
30 746
30 1068
31 136
31 267
31 277
31 535
31 598
31 605
31 826
31 836
31 916
32 91
32 341
32 375
32 469
32 517
32 553
32 634
32 903
32 1020
33 105
33 120
33 256
33 654
33 684
33 686
33 719
33 813
33 882
33 1045
33 1069
34 115
34 161
34 204
34 282
34 306
34 368
34 445
34 455
34 479
34 565
34 645
34 770
34 788
34 815
34 865
34 1001
34 1063
35 73
35 113
35 128
35 612
35 842
35 933
35 997
36 142
36 175
36 244
36 254
36 334
36 402
36 446
36 608
36 626
36 805
36 857
36 987
36 1057
37 220
37 238
37 540
37 675
37 769
37 781
37 900
37 1009
38 177
38 246
38 293
38 438
38 515
38 550
38 602
38 638
38 697
38 711
38 827
38 854
38 965
39 43
39 279
39 369
39 401
39 418
40 207
40 337
40 377
40 459
40 491
40 548
40 577
40 846
41 395
41 611
41 690
41 760
41 838
41 931
41 1037
42 48
42 129
42 151
42 243
42 316
42 362
42 450
42 597
42 691
42 696
42 867
42 912
43 97
43 307
43 743
43 807
43 844
43 848
43 963
43 998
44 87
44 202
44 358
44 386
44 399
44 483
44 554
44 564
44 943
44 972
45 158
45 340
45 374
45 591
45 926
46 87
46 206
46 299
46 687
46 832
46 898
46 921
46 960
47 74
47 80
47 322
47 442
47 521
47 578
47 588
47 625
47 855
47 856
47 948
48 506
48 789
48 824
48 1010
48 1021
48 1043
49 50
49 92
49 281
49 296
49 347
49 351
49 423
50 160
50 180
50 249
50 467
50 779
50 918
51 134
52 135
52 195
52 410
52 655
52 676
52 764
52 823
52 849
52 892
53 146
53 213
53 404
53 409
53 415
53 546
53 811
53 878
53 969
54 83
54 210
54 224
54 562
54 590
54 692
54 708
54 771
54 1017
55 131
55 574
56 140
56 154
56 511
56 688
56 816
56 1002
57 116
57 126
57 134
57 186
57 215
57 313
57 429
57 569
57 575
57 716
57 875
57 914
57 935
58 303
58 474
58 514
58 576
58 658
58 703
58 722
58 1055
59 87
59 323
59 434
59 547
59 656
59 791
59 850
59 1024
59 1056
59 1066
60 131
60 398
60 456
60 460
60 499
60 593
60 600
60 727
60 936
60 939
61 114
61 370
62 87
62 325
62 343
62 502
62 629
62 884
62 906
63 158
63 171
63 190
63 326
63 528
63 744
63 777
63 783
63 817
64 108
64 866
64 879
64 999
64 1053
65 248
65 286
65 493
65 563
65 886
65 1029
65 1048
66 86
66 413
66 642
66 864
66 996
66 1018
67 147
67 205
67 250
67 329
67 606
67 863
68 101
68 328
68 724
69 156
69 164
69 167
69 319
69 797
70 119
70 275
70 392
70 852
70 872
70 1003
70 1038
71 89
71 345
71 379
71 384
71 412
71 607
72 236
72 259
72 357
72 734
72 871
72 985
72 1052
73 141
73 253
73 391
73 431
73 635
73 700
73 728
73 762
73 763
73 785
73 895
73 913
74 476
74 862
74 927
75 522
75 579
75 773
75 1023
76 145
76 451
76 639
76 1032
77 98
77 118
77 172
77 544
77 739
77 888
78 109
78 298
78 352
78 828
78 835
78 889
78 1006
78 1050
79 227
79 247
79 378
79 494
79 581
79 802
80 596
80 834
81 165
82 129
82 278
82 754
82 1035
82 1067
83 173
83 695
83 752
83 778
83 845
83 942
83 995
84 95
85 86
85 153
85 793
85 831
86 150
86 512
86 929
86 1019
87 814
88 558
88 644
88 868
88 1071
89 784
89 843
89 1042
90 257
90 954
91 191
91 555
91 883
91 984
92 417
92 663
93 350
93 718
93 956
94 95
95 320
95 812
95 974
95 1015
96 251
96 592
96 877
97 241
97 274
98 541
98 940
99 982
100 163
100 177
100 221
101 359
101 666
101 723
101 820
101 1047
102 471
103 394
103 400
103 992
104 139
104 197
104 211
104 489
104 551
104 609
105 265
105 556
106 957
107 137
107 233
107 304
107 1004
108 138
108 572
108 673
108 776
109 252
111 212
111 305
111 751
112 660
112 967
113 203
113 715
113 993
114 182
114 829
115 454
116 1016
117 235
118 367
118 946
120 582
120 780
121 416
123 693
124 216
124 380
124 971
125 146
125 312
125 349
125 1000
126 636
127 199
127 294
127 904
129 315
130 317
130 652
132 810
133 515
133 623
134 701
136 414
137 978
141 223
141 614
141 1022
142 1054
143 144
145 318
145 669
146 580
149 659
150 841
150 902
152 218
152 310
154 390
154 893
154 955
155 500
156 704
157 525
159 244
159 330
159 809
160 200
160 694
162 757
163 619
164 640
165 262
165 650
167 273
170 672
172 1034
176 968
177 990
180 478
180 681
183 188
183 679
184 192
184 583
184 869
188 360
189 201
190 682
191 632
195 958
197 698
200 260
205 1026
224 321
227 938
231 396
233 745
233 801
234 772
263 320
374 557
421 480
