1 19
1 60
1 169
1 226
1 228
1 293
1 370
1 445
1 495
1 504
1 519
1 658
1 662
1 812
1 921
1 965
1 1017
1 1035
1 1076
1 1127
1 1372
1 1487
1 1567
1 1693
1 1786
1 1809
1 1873
1 1892
1 1978
1 2390
1 2437
1 2801
1 2829
1 2895
1 2930
1 2974
1 2998
1 3037
1 3055
1 3244
1 3323
1 3373
1 3597
1 3598
1 3661
1 3897
1 3912
1 3966
1 4218
1 4240
1 4469
1 4624
1 4809
2 114
2 121
2 193
2 282
2 340
2 389
2 547
2 834
2 857
2 1027
2 1111
2 1122
2 1181
2 1314
2 1429
2 1449
2 1474
2 1492
2 1517
2 1672
2 1683
2 1728
2 1757
2 1848
2 1896
2 2009
2 2015
2 2036
2 2113
2 2126
2 2145
2 2251
2 2278
2 2408
2 2415
2 2504
2 2519
2 2682
2 3028
2 3128
2 3154
2 3393
2 3394
2 3483
2 3904
2 3959
2 4025
2 4181
2 4223
2 4246
2 4340
2 4568
2 4611
2 4673
2 4683
2 4686
2 4748
2 4777
2 4909
3 102
3 108
3 159
3 174
3 183
3 191
3 199
3 379
3 389
3 674
3 848
3 1061
3 1130
3 1158
3 1178
3 1241
3 1291
3 1327
3 1394
3 1430
3 1518
3 1684
3 1769
3 1781
3 1794
3 1882
3 1944
3 1952
3 2053
3 2319
3 2373
3 2406
3 2809
3 2878
3 2885
3 3238
3 3379
3 3423
3 3499
3 3565
3 3853
3 4039
3 4294
3 4497
3 4621
3 4960
4 202
4 443
4 456
4 480
4 579
4 741
4 809
4 900
4 1370
4 1393
4 1498
4 1627
4 1730
4 2053
4 2057
4 2095
4 2135
4 2263
4 2438
4 2453
4 2477
4 2490
4 2552
4 2609
4 2786
4 2870
4 2876
4 2940
4 2979
4 3094
4 3121
4 3182
4 3196
4 3339
4 3370
4 3402
4 3447
4 3694
4 3763
4 3764
4 3851
4 3939
4 3976
4 3987
4 4150
4 4235
4 4445
4 4642
4 4767
4 4914
5 118
5 203
5 340
5 526
5 531
5 566
5 608
5 732
5 774
5 846
5 896
5 927
5 995
5 1021
5 1053
5 1065
5 1420
5 1463
5 1560
5 1597
5 1815
5 1853
5 1887
5 1895
5 1934
5 1985
5 2186
5 2221
5 2234
5 2259
5 2372
5 2437
5 2489
5 2535
5 2648
5 2854
5 2929
5 3390
5 3562
5 3700
5 3812
5 3821
5 3973
5 4046
5 4496
5 4569
5 4632
5 4965
5 5000
6 40
6 63
6 231
6 379
6 492
6 493
6 522
6 631
6 635
6 920
6 971
6 1362
6 1375
6 1432
6 1685
6 1777
6 1838
6 1936
6 1988
6 2168
6 2333
6 2436
6 2606
6 2726
6 3048
6 3144
6 3178
6 3197
6 3260
6 4154
6 4220
6 4238
6 4253
6 4428
6 4462
6 4609
6 4773
6 4893
6 4896
7 104
7 163
7 367
7 403
7 475
7 660
7 675
7 677
7 774
7 1077
7 1249
7 1285
7 1443
7 1478
7 1561
7 1759
7 1762
7 2155
7 2218
7 2311
7 2454
7 2502
7 2506
7 2654
7 2657
7 2732
7 2750
7 3045
7 3071
7 3259
7 3296
7 3320
7 3418
7 3680
7 3702
7 3728
7 3748
7 3948
7 3985
7 4090
7 4166
7 4175
7 4217
7 4303
7 4314
7 4330
7 4500
7 4531
7 4603
7 4639
7 4698
7 4700
7 4747
7 4776
8 13
8 93
8 140
8 177
8 193
8 250
8 254
8 478
8 499
8 616
8 696
8 802
8 835
8 1016
8 1649
8 2120
8 2169
8 2231
8 2238
8 2365
8 2395
8 2752
8 3019
8 3099
8 3257
8 3397
8 3419
8 3544
8 3765
8 3844
8 3988
8 4010
8 4054
8 4419
8 4427
8 4563
8 4573
8 4588
8 4605
8 4936
9 42
9 60
9 173
9 206
9 245
9 477
9 514
9 574
9 582
9 682
9 829
9 881
9 1000
9 1136
9 1184
9 1419
9 1516
9 1617
9 1679
9 1699
9 1865
9 1941
9 2151
9 2345
9 2418
9 2525
9 2587
9 2620
9 2630
9 2955
9 3101
9 3143
9 3164
9 3305
9 3332
9 3412
9 3417
9 3467
9 3579
9 3656
9 3755
9 3856
9 3882
9 3994
9 4286
9 4478
9 4637
9 4873
10 20
10 170
10 334
10 346
10 353
10 356
10 558
10 791
10 863
10 927
10 1297
10 1332
10 1385
10 1403
10 1460
10 1506
10 1551
10 1806
10 1849
10 2012
10 2038
10 2298
10 2314
10 2370
10 2374
10 2493
10 2505
10 2566
10 2761
10 2820
10 2851
10 2925
10 2981
10 3096
10 3112
10 3126
10 3281
10 3515
10 3737
10 3742
10 3901
10 4019
10 4137
10 4177
10 4436
10 4601
10 4647
10 4697
10 4742
10 4922
11 16
11 349
11 441
11 461
11 667
11 749
11 815
11 985
11 998
11 1119
11 1167
11 1319
11 1326
11 1439
11 1480
11 1482
11 1554
11 1764
11 1802
11 1858
11 1918
11 1925
11 2041
11 2399
11 2477
11 2924
11 3119
11 3152
11 3718
11 4023
11 4152
11 4156
11 4320
11 4360
11 4438
11 4455
11 4477
11 4488
11 4554
11 4694
11 4820
11 4942
12 220
12 944
12 1004
12 1022
12 1023
12 1060
12 1072
12 1261
12 1348
12 1418
12 1450
12 1470
12 1496
12 1593
12 1869
12 1965
12 2036
12 2066
12 2122
12 2206
12 2243
12 2387
12 2434
12 2471
12 2636
12 2811
12 2826
12 2839
12 2868
12 3125
12 3169
12 3289
12 3371
12 3398
12 3406
12 3476
12 3485
12 3547
12 3608
12 3823
12 3836
12 4009
12 4044
12 4267
12 4335
12 4376
12 4412
12 4528
12 4827
12 4842
13 105
13 201
13 406
13 440
13 460
13 656
13 668
13 701
13 761
13 771
13 1039
13 1149
13 1163
13 1220
13 1427
13 1464
13 1688
13 1845
13 1926
13 2266
13 2328
13 2364
13 2432
13 2440
13 2474
13 2644
13 2705
13 2773
13 2897
13 2912
13 3020
13 3036
13 3110
13 3157
13 3254
13 3264
13 3404
13 3436
13 3539
13 3569
13 3627
13 3724
13 4061
13 4193
13 4203
13 4395
13 4926
14 233
14 442
14 476
14 574
14 575
14 618
14 637
14 680
14 760
14 833
14 1173
14 1288
14 1408
14 1425
14 1566
14 1588
14 1628
14 1707
14 1945
14 2211
14 2320
14 2417
14 2526
14 2642
14 2823
14 2948
14 3142
14 3479
14 3676
14 3686
14 3768
14 3808
14 3880
14 3992
14 3993
14 4026
14 4261
14 4304
14 4310
14 4403
14 4545
14 4590
14 4864
14 4891
15 229
15 423
15 638
15 790
15 1085
15 1272
15 1478
15 1792
15 1923
15 1940
15 1947
15 2092
15 2160
15 2338
15 2494
15 2619
15 2672
15 2733
15 2736
15 2873
15 3151
15 3163
15 3223
15 3224
15 3272
15 3446
15 3455
15 3613
15 3665
15 3675
15 3711
15 3968
15 4004
15 4048
15 4172
15 4613
15 4614
15 4615
15 4661
15 4734
15 4738
15 4761
15 4795
15 4856
16 81
16 168
16 261
16 376
16 388
16 729
16 928
16 1033
16 1040
16 1041
16 1102
16 1293
16 1320
16 1519
16 1576
16 2003
16 2011
16 2190
16 2205
16 2398
16 2451
16 2708
16 2763
16 2779
16 2864
16 2970
16 3088
16 3277
16 3362
16 3435
16 3553
16 3949
16 4007
16 4045
16 4078
16 4107
16 4346
16 4371
16 4534
16 4593
16 4939
17 94
17 119
17 174
17 204
17 485
17 676
17 935
17 949
17 1098
17 1253
17 1365
17 1367
17 1654
17 1720
17 1795
17 1931
17 2055
17 2137
17 2215
17 2687
17 2740
17 2824
17 2910
17 3548
17 3865
17 4042
17 4066
17 4757
17 4880
17 4968
18 136
18 218
18 338
18 684
18 968
18 1055
18 1124
18 1320
18 1356
18 1381
18 1391
18 1910
18 1958
18 2074
18 2090
18 2282
18 2558
18 2591
18 2627
18 2632
18 2650
18 2793
18 2921
18 3049
18 3053
18 3301
18 3366
18 3620
18 3664
18 3683
18 3778
18 3891
18 4013
18 4017
18 4187
18 4252
18 4439
18 4571
18 4581
18 4619
18 4688
18 4765
18 4793
18 4877
18 4917
19 33
19 53
19 103
19 109
19 192
19 320
19 462
19 602
19 706
19 740
19 830
19 840
19 1431
19 1606
19 1662
19 1877
19 1917
19 2052
19 2226
19 2229
19 2272
19 2703
19 2756
19 2879
19 2984
19 3480
19 3488
19 3498
19 3503
19 3740
19 3762
19 3951
19 4318
19 4389
19 4557
19 4667
20 309
20 473
20 527
20 600
20 827
20 884
20 906
20 1025
20 1091
20 1112
20 1214
20 1267
20 1392
20 1409
20 1438
20 1475
20 1550
20 1621
20 1727
20 1826
20 1841
20 2016
20 2103
20 2581
20 2684
20 2693
20 2774
20 2785
20 2883
20 2906
20 3120
20 3137
20 3287
20 3387
20 3408
20 3604
20 3701
20 3825
20 3978
20 4630
20 4689
20 4737
20 4944
20 4953
21 117
21 237
21 324
21 543
21 589
21 787
21 793
21 983
21 1224
21 1277
21 1321
21 1350
21 1433
21 1626
21 1691
21 1703
21 1908
21 2024
21 2074
21 2191
21 2227
21 2265
21 2285
21 2514
21 2600
21 2989
21 2999
21 3006
21 3015
21 3079
21 3156
21 3278
21 3318
21 3465
21 3513
21 3599
21 3634
21 3653
21 3727
21 3786
21 3936
21 4526
21 4620
21 4628
21 4660
21 4672
21 4754
21 4791
21 4858
22 27
22 81
22 160
22 164
22 210
22 509
22 510
22 663
22 966
22 1012
22 1188
22 1196
22 1343
22 1353
22 1405
22 1446
22 1500
22 1558
22 1562
22 1808
22 2042
22 2664
22 2667
22 2674
22 2841
22 2907
22 3047
22 3069
22 3072
22 3076
22 3200
22 3979
22 4250
22 4452
22 4474
22 4722
22 4841
22 4899
22 4995
23 114
23 291
23 368
23 391
23 437
23 449
23 458
23 788
23 1090
23 1172
23 1317
23 1509
23 1638
23 1697
23 1779
23 1836
23 1864
23 1928
23 2028
23 2078
23 2112
23 2336
23 2357
23 2423
23 2487
23 2575
23 2589
23 2671
23 2770
23 2821
23 3044
23 3066
23 3081
23 3226
23 3293
23 3605
23 3644
23 3797
23 4033
23 4075
23 4237
23 4289
23 4293
23 4317
23 4358
23 4364
23 4589
23 4657
24 86
24 185
24 296
24 610
24 654
24 660
24 697
24 872
24 1117
24 1301
24 1324
24 1340
24 1376
24 1428
24 1859
24 2005
24 2054
24 2082
24 2083
24 2093
24 2223
24 2254
24 2297
24 2321
24 2402
24 2966
24 3092
24 3117
24 3187
24 3337
24 3410
24 3516
24 3537
24 3601
24 3829
24 3875
24 3960
24 3991
24 4000
24 4072
24 4108
24 4249
24 4663
24 4670
24 4908
24 4972
25 40
25 180
25 234
25 585
25 849
25 855
25 888
25 1155
25 1230
25 1458
25 1504
25 1521
25 1834
25 1852
25 1906
25 2110
25 2235
25 2275
25 2368
25 2508
25 2800
25 2835
25 2850
25 2918
25 3288
25 3295
25 3347
25 3363
25 3372
25 3457
25 3468
25 3545
25 3695
25 3776
25 3945
25 3964
25 4151
25 4190
25 4196
25 4344
25 4892
25 4919
25 4994
26 95
26 227
26 412
26 533
26 538
26 665
26 709
26 776
26 797
26 829
26 990
26 1134
26 1251
26 1273
26 1286
26 1642
26 1875
26 2119
26 2585
26 2631
26 2661
26 2742
26 2784
26 2990
26 3273
26 3315
26 3477
26 3603
26 3756
26 3916
26 4165
26 4227
26 4266
26 4369
26 4387
26 4709
26 4712
26 4830
26 4890
26 4952
27 315
27 497
27 577
27 641
27 650
27 689
27 717
27 837
27 994
27 1083
27 1300
27 1879
27 1939
27 1962
27 2000
27 2046
27 2051
27 2097
27 2289
27 2344
27 2486
27 2545
27 2645
27 2704
27 3194
27 3205
27 3346
27 3352
27 3509
27 3672
27 3716
27 3746
27 3890
27 3917
27 4149
27 4204
27 4511
27 4600
27 4779
27 4940
28 65
28 71
28 251
28 290
28 452
28 472
28 519
28 583
28 742
28 785
28 918
28 1174
28 1203
28 1505
28 1695
28 1750
28 1884
28 1968
28 2675
28 2845
28 2961
28 3052
28 3228
28 3230
28 3233
28 3456
28 3510
28 3811
28 3850
28 3946
28 4214
28 4264
28 4331
28 4506
28 4547
28 4618
28 4705
28 4707
28 4710
28 4728
28 4937
28 4979
29 130
29 162
29 216
29 229
29 271
29 341
29 621
29 851
29 1032
29 1042
29 1043
29 1491
29 1623
29 1650
29 1825
29 2030
29 2167
29 2241
29 2249
29 2530
29 2593
29 2758
29 2788
29 2889
29 2933
29 3003
29 3061
29 3251
29 3314
29 3428
29 3698
29 3814
29 3818
29 4654
29 4878
29 4976
29 4998
30 313
30 494
30 566
30 811
30 901
30 988
30 1133
30 1278
30 1309
30 1382
30 1511
30 1698
30 1724
30 2109
30 2159
30 2203
30 2404
30 2521
30 2605
30 2962
30 3067
30 3170
30 3279
30 3310
30 3396
30 3400
30 3405
30 3439
30 3460
30 3492
30 3524
30 3659
30 4161
30 4367
30 4602
31 203
31 415
31 604
31 1161
31 1189
31 1377
31 1401
31 1514
31 1563
31 1653
31 1668
31 1785
31 1903
31 2026
31 2079
31 2100
31 2117
31 2442
31 2500
31 2523
31 2550
31 2624
31 2714
31 2771
31 2828
31 2988
31 3191
31 3261
31 3292
31 3333
31 3345
31 3414
31 3430
31 3652
31 3751
31 3958
31 4092
31 4136
31 4200
31 4231
31 4459
31 4567
31 4702
31 4824
31 4831
32 267
32 309
32 507
32 530
32 1081
32 1137
32 1164
32 1176
32 1256
32 1263
32 1282
32 1338
32 1374
32 1746
32 1778
32 1942
32 2182
32 2209
32 2329
32 2622
32 2729
32 2935
32 3104
32 3234
32 3360
32 3415
32 3462
32 3493
32 3990
32 4005
32 4397
32 4687
32 4771
32 4950
33 137
33 317
33 459
33 554
33 564
33 591
33 874
33 892
33 996
33 1246
33 1413
33 1447
33 1997
33 2233
33 2280
33 2376
33 2513
33 2517
33 2926
33 2957
33 2959
33 3114
33 3168
33 3357
33 3392
33 3494
33 3633
33 3641
33 3806
33 3963
33 3975
33 4130
33 4195
33 4383
33 4442
33 4580
33 4681
33 4684
33 4719
34 139
34 209
34 482
34 627
34 657
34 723
34 776
34 972
34 1011
34 1344
34 1485
34 1585
34 1635
34 1689
34 1709
34 1722
34 1890
34 1891
34 1922
34 1957
34 2019
34 2175
34 2188
34 3060
34 3106
34 3219
34 3382
34 3386
34 3459
34 3505
34 3663
34 3731
34 3828
34 4064
34 4189
34 4228
34 4361
34 4678
34 4772
35 126
35 409
35 488
35 493
35 597
35 599
35 894
35 895
35 960
35 977
35 1075
35 1159
35 1494
35 1584
35 1742
35 1766
35 1870
35 2099
35 2123
35 2148
35 2274
35 2334
35 2383
35 2633
35 2776
35 3109
35 3130
35 3155
35 3206
35 3316
35 3391
35 3442
35 3445
35 3584
35 3616
35 4139
35 4300
35 4305
35 4350
35 4591
35 4724
36 40
36 398
36 457
36 694
36 789
36 991
36 1162
36 1264
36 1435
36 1648
36 1658
36 1855
36 2158
36 2210
36 2330
36 2441
36 2781
36 3009
36 3171
36 3322
36 3571
36 3637
36 4022
36 4292
36 4357
36 4362
36 4514
36 4653
36 4770
36 4924
37 117
37 302
37 333
37 387
37 588
37 609
37 979
37 1010
37 1116
37 1206
37 1346
37 1578
37 1823
37 2222
37 2560
37 2635
37 2710
37 2865
37 3103
37 3122
37 3186
37 3590
37 3682
37 3800
37 3859
37 3925
37 4053
37 4127
37 4299
37 4392
37 4802
37 4844
37 4954
38 137
38 244
38 255
38 537
38 646
38 734
38 917
38 1100
38 1169
38 1311
38 1528
38 1547
38 1676
38 1740
38 2068
38 2084
38 2290
38 2318
38 2475
38 2481
38 2608
38 2618
38 2646
38 2658
38 2700
38 2775
38 2825
38 2915
38 2986
38 3181
38 3245
38 3466
38 3486
38 3542
38 3745
38 4201
38 4471
38 4691
38 4760
38 4961
38 4984
39 110
39 243
39 447
39 675
39 707
39 969
39 1051
39 1387
39 1440
39 1523
39 1594
39 2027
39 2063
39 2072
39 2220
39 2348
39 2546
39 2901
39 3041
39 3123
39 3302
39 3308
39 3612
39 3997
39 4212
39 4374
39 4473
39 4548
39 4579
39 4617
39 4861
40 176
40 195
40 224
40 424
40 429
40 859
40 893
40 1044
40 1125
40 1305
40 1380
40 1976
40 2037
40 2248
40 2695
40 2920
40 3002
40 3086
40 3093
40 3275
40 3344
40 3491
40 3534
40 3582
40 3666
40 3697
40 3783
40 4024
40 4055
40 4129
40 4243
40 4278
40 4449
40 4576
40 4607
40 4801
40 4895
41 123
41 161
41 189
41 190
41 223
41 248
41 284
41 313
41 352
41 427
41 479
41 556
41 622
41 687
41 764
41 951
41 1386
41 1719
41 1760
41 1775
41 1827
41 1915
41 1929
41 2138
41 2174
41 2245
41 2498
41 2499
41 2702
41 2789
41 3082
41 3097
41 3177
41 3294
41 3441
41 3511
41 3541
41 3568
41 3855
41 3943
41 4336
41 4342
41 4355
41 4562
41 4704
41 4863
42 44
42 268
42 361
42 821
42 1216
42 1237
42 1398
42 1733
42 1927
42 1932
42 2207
42 2219
42 2760
42 3039
42 3084
42 3679
42 3972
42 4147
42 4163
42 4257
42 4306
42 4693
42 4806
42 4980
43 81
43 242
43 298
43 390
43 512
43 639
43 748
43 1050
43 1126
43 1242
43 1359
43 1527
43 1552
43 1715
43 1782
43 2214
43 2570
43 2643
43 2698
43 3077
43 3429
43 3454
43 3458
43 3538
43 3591
43 3699
43 3717
43 3809
43 3839
43 4434
43 4467
43 4666
43 4836
44 230
44 930
44 982
44 1038
44 1198
44 1235
44 1368
44 1399
44 1456
44 1744
44 1821
44 2014
44 2101
44 2196
44 2239
44 2397
44 2857
44 3074
44 3448
44 3519
44 3691
44 3726
44 3832
44 3885
44 4067
44 4241
44 4295
44 4711
44 4884
44 4943
44 4945
45 141
45 295
45 333
45 483
45 511
45 728
45 738
45 795
45 947
45 957
45 1156
45 1266
45 1967
45 2031
45 2288
45 2458
45 2464
45 2515
45 2538
45 2612
45 2676
45 2799
45 2849
45 3258
45 3267
45 3558
45 4047
45 4176
45 4224
45 4348
45 4353
45 4407
45 4424
46 107
46 207
46 211
46 527
46 747
46 954
46 1503
46 1556
46 1701
46 1749
46 1763
46 1993
46 2017
46 2237
46 2409
46 2713
46 2838
46 2917
46 2936
46 3133
46 3204
46 3532
46 3668
46 3834
46 3841
46 3977
46 4093
46 4102
46 4135
46 4272
46 4301
46 4354
46 4448
47 140
47 152
47 294
47 592
47 770
47 808
47 854
47 976
47 1086
47 1152
47 1598
47 1612
47 1694
47 1800
47 1969
47 1972
47 2134
47 2213
47 2460
47 2898
47 2945
47 3025
47 3105
47 3250
47 3440
47 3646
47 3838
47 3876
47 4104
47 4198
47 4202
47 4324
47 4409
47 4515
47 4523
48 258
48 294
48 569
48 601
48 722
48 744
48 779
48 902
48 1106
48 1424
48 1545
48 1577
48 1789
48 1791
48 1999
48 2010
48 2201
48 2264
48 2346
48 2528
48 2659
48 2993
48 3368
48 3425
48 3955
48 3971
48 4138
48 4410
48 4423
48 4751
48 4967
48 4983
49 77
49 151
49 164
49 517
49 647
49 750
49 751
49 842
49 923
49 1218
49 1471
49 1631
49 1772
49 1833
49 1842
49 1876
49 1955
49 2064
49 2341
49 2507
49 2510
49 2577
49 2583
49 2616
49 2691
49 2796
49 2816
49 2840
49 2860
49 2951
49 3095
49 3132
49 3403
49 3570
49 3721
49 3879
49 4133
49 4328
50 356
50 725
50 838
50 1096
50 1141
50 1529
50 1756
50 1773
50 1793
50 1930
50 1960
50 2283
50 2286
50 2306
50 2479
50 2739
50 2891
50 2958
50 3300
50 3482
50 3692
50 3824
50 3847
50 3860
50 3950
50 4085
50 4131
50 4566
50 4745
50 4931
51 120
51 144
51 188
51 460
51 505
51 739
51 908
51 2173
51 2225
51 2421
51 2871
51 2942
51 3058
51 3595
51 3649
51 3896
51 3995
51 4225
51 4792
51 4798
51 4969
52 61
52 68
52 87
52 230
52 236
52 371
52 396
52 496
52 681
52 703
52 782
52 1202
52 1222
52 1236
52 1283
52 1483
52 1713
52 2452
52 2590
52 2649
52 2843
52 2913
52 3022
52 3059
52 3075
52 3115
52 3266
52 3375
52 3461
52 3795
52 3915
52 4089
52 4110
52 4319
52 4446
52 4503
53 281
53 335
53 649
53 783
53 907
53 1014
53 1019
53 1052
53 1217
53 1862
53 1893
53 1912
53 2124
53 2325
53 2463
53 3027
53 3761
53 4186
53 4345
53 4457
53 4517
53 4594
53 4758
53 4964
53 4974
54 198
54 246
54 297
54 339
54 365
54 375
54 406
54 450
54 586
54 596
54 699
54 762
54 974
54 1274
54 1352
54 1747
54 1804
54 2050
54 2149
54 2267
54 2347
54 2352
54 2516
54 2625
54 2848
54 2932
54 3057
54 3231
54 3338
54 3593
54 3681
54 3924
54 4167
54 4168
54 4382
54 4541
54 4679
54 4833
54 4897
54 4901
55 308
55 353
55 380
55 605
55 759
55 1240
55 1404
55 1590
55 1655
55 1721
55 1819
55 2141
55 2380
55 2540
55 2927
55 2980
55 3521
55 3648
55 3722
55 3738
55 3970
55 4309
55 4426
55 4437
55 4612
55 4923
56 132
56 328
56 331
56 342
56 357
56 419
56 483
56 623
56 708
56 1107
56 1144
56 1170
56 1219
56 1656
56 1678
56 2178
56 2199
56 2230
56 2428
56 2596
56 2746
56 2762
56 2803
56 2805
56 2814
56 3000
56 3013
56 3732
56 4035
56 4162
56 4285
56 4570
57 265
57 333
57 373
57 642
57 721
57 736
57 756
57 1073
57 1269
57 1417
57 1603
57 1614
57 1935
57 2058
57 2208
57 2603
57 2780
57 2884
57 3038
57 3384
57 3535
57 3557
57 3766
57 4071
57 4197
57 4316
58 312
58 437
58 655
58 685
58 710
58 914
58 1179
58 1310
58 1423
58 1541
58 1587
58 1780
58 2071
58 2164
58 2216
58 2339
58 2655
58 2844
58 3008
58 3141
58 3150
58 3183
58 3236
58 3463
58 3667
58 3827
58 4011
58 4230
58 4347
58 4635
58 4648
58 4808
59 115
59 140
59 150
59 153
59 428
59 491
59 550
59 573
59 905
59 1087
59 1095
59 1146
59 1192
59 1245
59 1345
59 1531
59 1639
59 1977
59 2180
59 2281
59 2335
59 2450
59 2665
59 2670
59 3007
59 3451
59 3572
59 3669
59 3706
59 3754
59 4522
59 4715
60 385
60 571
60 763
60 913
60 1046
60 1066
60 1295
60 1328
60 1497
60 1659
60 1844
60 1991
60 2087
60 2524
60 2798
60 2888
60 3388
60 3980
60 4087
60 4095
60 4148
60 4327
60 4463
60 4650
61 196
61 264
61 278
61 481
61 523
61 887
61 1233
61 1260
61 1444
61 1726
61 1916
61 2047
61 2198
61 2522
61 2678
61 3239
61 3708
61 3984
61 4123
61 4595
61 4733
61 4752
61 4814
61 4822
62 305
62 394
62 527
62 1057
62 1591
62 1811
62 2401
62 2615
62 2686
62 2783
62 2977
62 3090
62 3358
62 3409
62 3781
62 3843
62 4031
62 4121
62 4524
62 4695
62 4805
63 354
63 540
63 919
63 1143
63 1193
63 1313
63 2081
63 2147
63 2410
63 2621
63 2688
63 3050
63 3348
63 3374
63 3602
63 3655
63 3784
63 4322
63 4826
63 4846
64 65
64 124
64 818
64 841
64 955
64 970
64 993
64 1132
64 1151
64 1166
64 1469
64 1473
64 1583
64 1600
64 2021
64 2224
64 2303
64 2331
64 2597
64 2634
64 2724
64 2894
64 3111
64 3179
64 3331
64 3365
64 3432
64 3531
64 3622
64 3630
64 4275
64 4626
64 4680
65 401
65 578
65 937
65 962
65 1034
65 1157
65 1186
65 1341
65 1395
65 1542
65 1580
65 1856
65 1951
65 2252
65 2362
65 2424
65 2470
65 2473
65 2534
65 2681
65 2790
65 2847
65 3395
65 3399
65 3772
65 3918
65 4213
65 4245
65 4391
65 4432
65 4475
65 4525
65 4812
66 196
66 671
66 686
66 828
66 845
66 1248
66 1322
66 1366
66 1396
66 1846
66 1898
66 2115
66 2276
66 2295
66 2316
66 2337
66 2467
66 2476
66 2607
66 3043
66 3176
66 3225
66 3420
66 3523
66 3566
66 3710
66 3735
66 3884
66 4002
66 4117
66 4282
66 4444
66 4592
66 4598
66 4608
66 4662
67 180
67 433
67 839
67 889
67 1009
67 1257
67 1315
67 1502
67 1714
67 1828
67 2002
67 2340
67 2354
67 2430
67 2586
67 2768
67 2827
67 3034
67 3517
67 3586
67 3658
67 3790
67 3831
67 4014
67 4255
67 4343
67 4486
67 4536
67 4577
67 4889
67 4933
67 4988
68 143
68 155
68 285
68 565
68 587
68 950
68 1135
68 1347
68 1636
68 1771
68 1987
68 2140
68 2614
68 2834
68 3134
68 3330
68 3563
68 4051
68 4281
68 4762
69 214
69 240
69 283
69 459
69 939
69 1275
69 1949
69 2062
69 2150
69 2699
69 2716
69 2721
69 2807
69 3650
69 3816
69 3931
69 3947
69 4312
69 4866
69 4991
70 220
70 252
70 319
70 672
70 940
70 1147
70 1351
70 1484
70 1643
70 1761
70 2143
70 2548
70 2579
70 2652
70 2852
70 3240
70 3624
70 3733
70 3796
70 3822
70 4001
70 4208
70 4472
70 4485
70 4821
71 89
71 200
71 359
71 798
71 806
71 1461
71 1687
71 1706
71 1797
71 1803
71 1822
71 2375
71 2572
71 2673
71 2855
71 3218
71 3892
71 3895
71 4008
71 4480
72 118
72 253
72 852
72 1018
72 1160
72 1299
72 1615
72 1768
72 2420
72 2749
72 2881
72 2931
72 3124
72 3148
72 3274
72 3307
72 3530
72 4097
72 4182
72 4881
72 4902
72 4989
73 100
73 239
73 281
73 502
73 590
73 1062
73 1318
73 1645
73 1953
73 1982
73 2023
73 2040
73 2121
73 2197
73 2485
73 2651
73 2795
73 2872
73 3585
73 3689
73 3867
73 3913
73 3933
73 4431
73 4696
74 89
74 138
74 430
74 620
74 769
74 773
74 1093
74 1212
74 1437
74 1595
74 1921
74 1973
74 2533
74 3017
74 3188
74 3212
74 3470
74 3500
74 3743
74 4074
74 4188
74 4256
74 4512
75 148
75 193
75 263
75 799
75 1008
75 1624
75 1812
75 1872
75 1946
75 3268
75 3982
75 4132
75 4393
75 4538
75 4671
75 4699
75 4782
75 4903
76 270
76 337
76 345
76 560
76 594
76 628
76 853
76 922
76 929
76 1063
76 1178
76 1488
76 1751
76 1868
76 1975
76 2139
76 2277
76 2709
76 2745
76 2810
76 2909
76 3070
76 3149
76 3349
76 3554
76 3720
76 3930
76 4088
76 4106
76 4464
76 4476
76 4489
76 4631
76 4794
76 4825
76 4949
76 4978
77 131
77 909
77 1082
77 1476
77 1995
77 2032
77 2086
77 2195
77 2232
77 2518
77 2669
77 3021
77 3129
77 3253
77 3614
77 3670
77 3714
77 3914
77 3967
77 4268
77 4279
77 4359
77 4365
77 4380
77 4440
77 4659
77 4839
78 136
78 416
78 593
78 607
78 1079
78 1213
78 1620
78 1702
78 1886
78 2049
78 2102
78 2363
78 2549
78 2707
78 2712
78 2719
78 3214
78 3313
78 3381
78 3606
78 3632
78 3712
78 3835
78 4006
78 4171
78 4372
78 4740
79 82
79 147
79 255
79 690
79 1467
79 1534
79 2004
79 2162
79 2465
79 2571
79 2858
79 3042
79 3091
79 3328
79 3434
79 3520
79 3736
79 3935
79 4465
79 4735
79 4766
79 4869
80 195
80 215
80 260
80 439
80 683
80 1199
80 1223
80 1231
80 1798
80 1899
80 1905
80 1959
80 2096
80 2455
80 3444
80 3807
80 3852
80 3905
80 4140
80 4484
80 4498
80 4599
80 4718
80 4756
81 570
81 664
81 735
81 805
81 847
81 1058
81 1292
81 1549
81 2157
81 2547
81 2794
81 3011
81 3427
81 3922
81 4509
81 4789
81 4852
81 4915
82 101
82 941
82 1373
82 1559
82 1814
82 2085
82 2396
82 2531
82 2997
82 3334
82 3389
82 3621
82 3858
82 4116
82 4118
82 4273
82 4399
82 4622
82 4823
83 186
83 314
83 406
83 417
83 468
83 626
83 673
83 1005
83 1490
83 1723
83 1888
83 1966
83 1996
83 2133
83 2187
83 2287
83 2392
83 2462
83 3241
83 3489
83 3533
83 3631
83 3934
83 3940
83 4111
83 4226
83 4274
83 4287
83 4296
83 4404
83 4411
83 4744
83 4763
83 4817
84 100
84 381
84 397
84 410
84 987
84 1013
84 1323
84 1436
84 1530
84 1543
84 1618
84 1711
84 1829
84 2060
84 2244
84 2296
84 2322
84 3063
84 3780
84 3782
84 3965
84 4390
84 4610
84 4775
85 88
85 152
85 208
85 518
85 711
85 868
85 1200
85 1486
85 1532
85 1738
85 1920
85 1963
85 2228
85 2353
85 2359
85 2598
85 2747
85 3546
85 3929
85 4191
85 4668
85 4921
85 4941
86 257
86 262
86 501
86 891
86 1207
86 1364
86 1383
86 2007
86 2105
86 2250
86 2260
86 2491
86 2846
86 3054
86 3501
86 4142
86 4337
86 4352
86 4483
86 4676
86 4948
87 323
87 407
87 539
87 551
87 555
87 866
87 1109
87 1259
87 1810
87 1839
87 2035
87 2080
87 2537
87 2731
87 3647
87 3868
87 3903
87 4043
87 4283
87 4333
87 4574
87 4674
88 286
88 692
88 903
88 1358
88 1998
88 3567
88 4040
88 4069
88 4143
88 4158
88 4564
89 418
89 612
89 614
89 712
89 1342
89 2342
89 2350
89 2366
89 2472
89 3065
89 3127
89 3158
89 3235
89 3771
89 3941
89 4101
89 4417
89 4656
89 4677
90 104
90 279
90 316
90 455
90 880
90 1407
90 1520
90 1537
90 1889
90 2033
90 2130
90 2256
90 2757
90 3162
90 3193
90 3775
90 4992
91 206
91 469
91 669
91 861
91 1434
91 1904
91 2184
91 3083
91 3596
91 3703
91 4236
91 4501
91 4759
91 4848
91 4906
92 256
92 267
92 513
92 567
92 1533
92 1570
92 1805
92 2056
92 3794
92 4096
92 4370
92 4849
92 4925
93 536
93 698
93 775
93 1442
93 2073
93 2166
93 2185
93 2382
93 2666
93 2744
93 3033
93 3306
93 3343
93 3471
93 3587
93 3623
93 3671
93 3725
93 3996
93 4155
93 4468
93 4644
93 4741
94 219
94 330
94 366
94 393
94 1349
94 1539
94 2006
94 2351
94 2413
94 2641
94 2663
94 2960
94 2982
94 3207
94 3769
94 3845
94 4036
94 4641
94 4731
95 603
95 844
95 1026
95 1123
95 1258
95 1316
95 1820
95 2142
95 2943
95 3220
95 3276
95 3496
95 4037
95 4199
95 4732
95 4785
96 129
96 162
96 318
96 634
96 1069
96 1153
96 1878
96 2332
96 2694
96 3185
96 3561
96 3693
96 4109
96 4307
96 4862
97 165
97 167
97 291
97 800
97 1113
97 1177
97 1441
97 1787
97 1799
97 1871
97 2131
97 2568
97 2573
97 3378
97 3433
97 3540
97 3902
97 4247
97 4421
97 4555
97 4706
98 120
98 344
98 425
98 435
98 678
98 745
98 1208
98 1477
98 2111
98 2156
98 2307
98 2905
98 3113
98 3271
98 3589
98 3607
98 3793
98 3863
98 4027
98 4126
98 4219
98 4447
98 4507
99 106
99 147
99 613
99 956
99 1389
99 1989
99 2284
99 2416
99 2723
99 2818
99 3707
99 4874
100 156
100 581
100 899
100 992
100 1831
100 1861
100 2246
100 2439
100 2565
100 3001
100 3004
100 3215
100 3411
100 3421
100 3452
100 4056
100 4073
100 4280
100 4450
100 4454
100 4634
100 4658
101 702
101 871
101 1002
101 1983
101 2954
101 3108
101 3508
101 3677
101 3789
101 4058
101 4113
101 4394
101 4646
102 158
102 306
102 444
102 624
102 715
102 730
102 752
102 910
102 1140
102 1187
102 1329
102 1330
102 2039
102 2179
102 2292
102 2327
102 2559
102 2791
102 2896
102 3029
102 3286
102 4242
103 194
103 823
103 882
103 1104
103 1279
103 1613
103 1630
103 2386
103 2426
103 2701
103 2813
103 3438
103 3550
103 3643
103 3713
103 3881
103 4651
103 4872
104 454
104 552
104 737
104 786
104 1732
104 2604
104 2653
104 3213
104 3506
104 3862
104 3866
104 3962
104 4769
104 4879
105 145
105 515
105 562
105 867
105 1078
105 1360
105 1735
105 2008
105 2013
105 2411
105 2561
105 3317
105 3401
105 3575
105 3999
105 4100
105 4375
105 4768
106 241
106 329
106 364
106 679
106 945
106 1142
106 1148
106 1307
106 1421
106 1582
106 1832
106 1885
106 1980
106 2393
106 2610
106 2967
106 3431
106 4546
107 303
107 414
107 1074
107 1138
107 2527
107 2689
107 2737
107 3878
107 4141
107 4381
108 232
108 277
108 754
108 1037
108 1501
108 1544
108 2255
108 2349
108 2377
108 2949
108 3229
108 3734
108 3910
108 4297
108 4313
109 213
109 1056
109 1088
109 1379
109 1605
109 1680
109 1857
109 1907
109 1971
109 2310
109 2822
109 2965
109 3473
109 3574
109 3774
109 4050
109 4065
109 4179
109 4288
109 4627
109 4797
110 374
110 967
110 1657
110 1784
110 2541
110 2754
110 2812
110 2969
110 3326
110 4077
110 4504
111 143
111 500
111 1339
111 1512
111 1602
111 2257
111 2944
111 3221
111 3351
111 3581
111 3788
111 3919
111 4787
111 4816
112 171
112 236
112 822
112 1681
112 2018
112 2478
112 2599
112 2893
112 3080
112 4385
112 4559
112 4868
112 4894
113 153
113 395
113 521
113 713
113 932
113 1454
113 3016
113 3167
113 3636
113 3758
113 3760
113 3785
113 4685
113 4838
114 238
114 595
114 904
114 1524
114 1652
114 1866
114 2937
114 3270
114 3291
114 3312
114 3815
114 4260
114 4332
114 4351
114 4664
114 4713
114 4854
115 525
115 576
115 611
115 1289
115 1296
115 1363
115 1880
115 1964
115 2001
115 2623
115 3311
115 4211
116 205
116 285
116 343
116 644
116 1099
116 1933
116 2301
116 2753
116 2882
116 3642
116 3705
116 4003
116 4845
116 4898
117 532
117 615
117 1633
117 1894
117 1938
117 2358
117 2728
117 2886
117 2987
117 3298
117 3657
117 3662
117 3741
117 3871
117 4112
117 4192
117 4629
117 4652
117 4905
118 546
118 1007
118 2343
118 2569
118 3189
118 3654
118 3894
118 3900
118 4259
118 4714
119 372
119 733
119 1209
119 1250
119 1384
119 1641
119 2679
119 2751
119 3056
119 3280
119 3474
119 3937
119 4091
119 4258
119 4553
120 529
120 661
120 978
120 1660
120 1708
120 2304
120 3139
120 3161
120 3416
120 4604
120 4753
120 4857
120 4975
121 467
121 865
121 1045
121 1752
121 2065
121 2107
121 2313
121 2543
121 3012
121 3580
121 3792
121 3854
121 4119
121 4170
121 4284
121 4645
121 4811
122 184
122 337
122 807
122 1950
122 2371
122 2542
122 2765
122 2767
122 2928
122 3159
122 3321
122 3687
122 3888
122 4174
122 4401
122 4560
122 4876
123 803
123 1145
123 1210
123 1287
123 1790
123 2171
123 2996
123 3242
123 3938
123 4708
124 217
124 225
124 421
124 453
124 765
124 1129
124 1238
124 1686
124 1913
124 2089
124 2403
124 2492
124 2563
124 2592
124 2639
124 2963
124 4505
124 4749
124 4930
124 4985
125 133
125 297
125 832
125 1036
125 1227
125 1607
125 2431
125 2727
125 3469
125 3487
125 4016
125 4049
125 4232
125 4405
125 4716
125 4739
126 247
126 431
126 670
126 1094
126 1139
126 1204
126 1228
126 1536
126 1546
126 1796
126 2324
126 3138
126 3497
126 3961
126 4269
126 4963
127 186
127 1644
127 1717
127 1718
127 2127
127 2734
127 2956
127 3135
127 4850
128 172
128 186
128 350
128 464
128 557
128 878
128 981
128 1255
128 1736
128 1909
128 1914
128 2270
128 2908
128 3184
128 3376
128 3729
128 4120
128 4302
128 4499
129 235
129 489
129 952
129 1103
129 1175
129 1337
129 1675
129 1847
129 2177
129 2529
129 2595
129 3361
129 3576
129 3684
129 4368
129 4815
129 4973
130 810
130 814
130 916
130 3364
130 3848
130 4730
131 355
131 942
131 986
131 1030
131 1555
131 1634
131 1837
131 1901
131 2268
131 2904
131 2964
131 3089
131 3685
131 3932
131 4215
131 4520
132 157
132 1276
132 1402
132 1466
132 1674
132 1774
132 1954
132 2730
132 2842
132 2983
132 3153
132 3639
132 4616
133 269
133 1092
133 1508
133 1535
133 1573
133 2247
133 2425
133 2444
133 2815
133 3203
133 3309
133 3750
133 3798
133 4932
134 163
134 758
134 2628
134 3857
134 3898
134 4408
134 4913
135 190
135 249
135 886
135 1067
135 1268
135 1333
135 1406
135 2034
135 2916
135 3243
135 3588
135 3673
135 3906
135 4207
135 4366
135 4726
135 4840
135 4871
135 4987
136 470
136 975
136 1031
136 1415
136 1459
136 1572
136 2165
136 2309
136 2427
136 3600
136 4041
136 4183
136 4234
136 4378
136 4916
137 836
137 1355
137 1468
137 1943
137 2544
137 4339
137 4479
137 4725
137 4813
138 383
138 422
138 1493
138 1712
138 2059
138 2480
138 2680
138 3502
138 3527
138 3660
138 3799
138 3908
138 3921
138 4990
139 640
139 1183
139 1499
139 2512
139 3180
139 3199
139 3424
139 3507
139 3709
139 3998
139 4270
139 4494
139 4643
139 4803
139 4947
140 311
140 336
140 544
140 792
140 984
140 1020
140 1737
140 2446
140 2923
140 3578
140 4425
141 299
141 405
141 408
141 943
141 1961
141 2146
141 2718
141 2741
141 3350
141 3749
141 3872
141 4491
141 4887
141 4929
141 4935
142 175
142 373
142 559
142 938
142 989
142 1611
142 1664
142 2379
142 2422
142 2594
142 2626
142 2830
142 2867
142 3791
142 4265
143 358
143 598
143 718
143 778
143 879
143 911
143 1325
143 2193
143 3146
143 3269
143 3290
143 3472
143 4539
143 4585
144 448
144 1121
144 1448
144 1557
144 2144
144 2381
144 2435
144 3577
144 3594
144 4021
144 4222
144 4796
145 197
145 321
145 400
145 490
145 498
145 1522
145 1592
145 1671
145 1734
145 2045
145 2367
145 3303
145 3802
145 4070
145 4239
145 4323
146 148
146 149
146 221
146 963
146 1479
146 2152
146 3335
146 3619
146 4063
147 259
147 535
147 780
147 1101
147 2204
147 2602
147 3611
147 3767
147 4443
147 4596
147 4692
147 4750
148 1412
148 2061
148 2388
148 2556
148 2738
148 3249
148 3327
148 3899
148 4883
149 630
149 755
149 980
149 1105
149 2501
149 2578
149 2640
149 2720
149 3198
149 3263
149 3640
149 3833
149 4164
149 4325
149 4490
149 4537
149 4587
149 4682
149 4859
149 4860
150 714
150 1197
150 1455
150 3319
150 3528
150 3626
150 3805
150 4843
151 178
151 1120
151 1902
151 2108
151 2443
151 3014
151 3255
152 1029
152 1191
152 1284
152 1629
152 2991
152 4076
152 4169
152 4388
153 2020
153 2495
153 2869
153 3031
153 3040
153 4338
154 391
154 2217
154 2240
154 2692
154 3046
154 3173
154 3573
154 3629
154 4244
154 4413
154 4420
154 4495
155 348
155 474
155 629
155 1526
155 2077
155 3035
155 3803
155 4938
156 274
156 958
156 1201
156 1669
156 2576
156 3723
156 3849
156 4094
156 4458
156 4977
157 426
157 973
157 1006
157 1388
157 1451
157 1538
157 2242
157 2419
157 2778
157 2802
158 524
158 2638
158 2950
158 3032
159 1221
159 1422
159 1564
159 1741
159 2153
159 2557
159 4015
160 399
160 1150
160 1599
160 1753
160 1788
160 2459
160 2711
160 2859
160 3116
160 3551
160 3883
160 4513
161 411
161 768
161 1298
161 1457
161 2202
161 2503
161 2551
161 2875
161 3495
161 3610
161 4690
162 181
162 724
162 816
162 1015
162 1271
162 1754
162 2125
162 2806
162 4134
162 4636
162 4870
163 327
163 404
163 915
163 1232
163 2782
163 3437
163 4029
163 4461
164 1239
164 1767
164 1979
164 3232
164 3356
164 3907
165 691
165 1114
165 1667
165 1748
165 2588
165 3340
165 3380
165 3526
165 3628
165 3969
165 4379
166 334
166 648
166 850
166 1205
166 2067
166 2863
166 2968
166 3087
166 3166
166 4059
166 4159
166 4349
166 4386
167 487
167 1472
167 1974
167 2484
167 4125
168 819
168 870
168 1265
168 1397
168 2553
168 2836
168 3377
168 4837
169 351
169 2900
169 3098
169 4533
169 4623
169 4783
170 1226
170 1495
170 2509
170 3953
170 3983
170 4221
170 4911
171 1843
171 1924
171 3422
171 3840
171 3870
171 4086
171 4493
172 516
172 801
172 1696
172 1807
172 2355
172 2385
172 2690
172 2797
172 4429
173 636
173 1640
173 2192
173 3826
173 4665
174 820
174 1682
174 1817
174 2104
174 2497
174 3367
174 3696
174 3869
174 4079
174 4205
174 4519
175 653
175 700
175 1281
175 1489
175 1548
175 1704
175 2176
175 2302
175 2971
175 4561
176 1195
176 2903
176 3583
176 3820
176 4114
176 4441
177 1084
177 1725
177 2258
177 2394
177 3051
177 4128
177 4867
178 289
178 325
178 413
178 584
178 1513
178 4185
178 4529
178 4755
178 4786
178 4829
179 377
179 389
179 3247
179 4144
179 4807
179 4828
179 4958
180 2677
180 3064
180 3560
180 3886
180 4510
180 4516
180 4835
181 2128
181 3131
181 4229
181 4254
182 197
182 804
182 1970
182 2094
182 2461
182 2938
182 3954
182 4020
183 1571
183 3536
183 3617
183 4291
183 4321
184 858
184 3449
184 4373
185 528
185 1182
185 1981
185 2091
185 2183
185 3779
185 4400
186 1411
186 2389
186 2668
186 4532
186 4638
187 257
187 860
187 4080
187 4105
188 288
188 572
188 643
188 1331
188 2279
188 2952
188 3256
188 4060
189 287
189 831
189 1225
189 2326
189 2580
189 3174
189 3861
189 4298
189 4416
190 1616
190 1830
190 1850
190 1956
190 2181
190 2647
190 2725
190 2919
190 2972
190 3209
190 3450
190 3920
190 4418
190 4606
190 4853
190 4865
191 625
191 843
191 1059
191 2189
191 2447
191 2562
191 3023
191 3453
191 3753
191 4832
192 924
192 964
192 1335
192 1515
192 2772
192 3638
192 3645
192 3952
192 3974
192 4271
192 4502
192 4701
192 4720
193 266
193 2369
193 3752
193 4082
193 4736
193 4951
194 561
194 705
194 1525
194 4875
195 580
195 1180
195 2262
195 4535
195 4966
196 310
196 720
196 727
196 1647
196 3145
196 3265
197 1185
197 1357
197 1481
197 1581
197 2360
197 3195
197 4308
197 4625
198 503
198 862
198 912
198 2696
198 2735
198 4540
198 4981
199 382
199 757
199 875
199 3543
200 273
200 471
200 549
200 936
200 1705
200 2582
200 2856
200 3201
200 3385
200 4124
200 4290
200 4743
201 1048
201 1294
201 1452
201 1465
201 2613
201 2992
201 3102
201 3282
201 3928
201 4052
202 363
202 824
202 925
202 933
202 1690
202 2271
202 2312
202 3078
202 4146
202 4521
202 4572
203 360
203 2291
203 2934
203 3555
203 4481
204 716
204 1001
204 1770
204 3759
204 4586
204 4778
204 4946
205 563
205 1003
205 2129
205 2488
205 2629
205 3787
205 3846
205 4996
206 2070
206 2511
206 4819
207 948
207 2457
207 3252
207 3770
207 4377
208 1666
208 1745
208 2832
208 3355
209 856
209 1024
209 2075
209 2717
209 3208
209 4122
210 2539
210 3160
210 3246
210 3942
210 4363
210 4396
211 2853
211 4543
212 257
212 1054
212 2715
212 2833
212 2902
212 4774
213 1234
213 1601
213 1729
213 3635
214 1416
214 1565
214 4433
214 4912
214 4982
214 4986
215 784
215 1302
215 1426
215 2611
215 3024
215 4180
216 506
216 1739
216 2161
216 4115
216 4955
217 1211
217 1637
217 3172
217 3464
217 3618
217 4384
218 1863
218 2532
218 4818
219 753
219 1586
219 1716
219 2792
219 2914
219 2985
220 652
220 1568
220 2892
220 3026
220 4315
220 4451
221 369
221 767
221 873
221 1574
221 2445
221 2536
221 2995
221 4326
221 4847
221 4885
221 4918
222 702
222 743
222 1308
222 1354
222 2911
222 3284
222 4784
223 2555
223 3299
223 3484
223 3518
224 1229
224 1813
224 4649
224 4907
225 864
225 2819
225 3018
225 4466
226 1115
226 1262
226 1589
226 2294
226 3651
226 4927
227 301
227 876
227 1575
227 3342
227 4910
228 322
228 434
228 2212
228 4032
229 304
229 659
229 781
229 2172
229 2405
229 2468
229 2496
229 2941
229 3165
229 3248
229 3359
230 772
230 2088
230 4508
230 4900
231 1371
231 1824
231 2978
231 4406
231 4810
232 645
232 1783
232 2114
232 2564
232 2706
232 3592
232 4216
232 4582
233 1254
233 1336
233 2817
233 2890
233 3819
233 4153
233 4329
234 386
234 704
234 2637
234 2743
234 3285
234 3804
235 1118
235 3615
235 4251
235 4781
236 1110
236 2194
236 2584
236 3222
236 3297
236 4084
236 4145
237 402
237 633
237 3227
237 3529
237 4721
238 463
238 817
238 885
238 959
238 3837
238 4184
239 1334
239 1414
239 3190
239 4099
239 4210
239 4544
239 4788
240 300
240 3564
240 3674
240 4655
241 548
241 3874
241 4030
241 4157
242 1673
242 3140
242 3490
242 4729
243 796
243 2574
243 4460
243 4542
243 4565
243 4834
243 4855
244 2412
244 3136
244 3719
244 4034
244 4575
245 2994
245 4334
245 4414
246 534
246 3369
246 3688
247 4527
247 4640
248 1874
248 2697
248 3986
248 4068
249 1071
249 1818
249 1986
249 3481
249 3625
250 568
250 2200
250 2236
250 3704
250 4206
251 606
251 1663
251 2554
252 465
252 719
252 3443
252 3504
252 3817
253 1080
253 1390
253 2483
253 2975
253 3192
253 3801
254 3100
254 3810
255 1190
255 4800
256 1609
256 3842
257 520
257 1608
257 2356
257 2946
257 3107
257 4746
257 4928
258 362
258 420
259 432
259 1453
259 4209
260 292
260 3757
260 4551
260 4956
261 436
261 1867
261 2106
261 2922
262 272
262 1625
262 3926
263 4549
264 451
264 688
264 1247
264 2043
264 3325
265 2880
266 1994
266 2098
266 2520
266 3927
266 4530
266 4970
267 1097
267 1445
267 2804
268 1692
268 2414
268 4723
269 1860
269 1919
269 2617
270 695
270 813
270 2939
270 3341
270 4057
270 4194
271 1304
271 2429
271 2862
271 3864
272 466
272 651
273 1306
273 4103
274 2769
274 4311
274 4470
274 4482
274 4492
275 287
275 1131
275 1776
275 2163
275 4277
276 364
276 384
276 508
276 2482
276 2567
277 931
277 1540
278 3909
278 4028
278 4558
279 3475
280 357
281 1047
281 1990
282 2456
283 1089
283 1610
283 1622
283 2601
283 4430
283 4583
284 3336
284 4675
285 1165
285 1731
285 3217
285 3813
285 4415
285 4997
286 731
286 999
286 1604
286 1900
287 1851
287 2469
288 961
288 3873
289 1596
289 3893
290 1252
290 1984
290 3525
291 4081
292 1553
292 2755
292 4263
293 1992
293 2683
293 2787
293 4764
294 632
294 2407
294 3073
294 4578
294 4886
295 1068
295 1619
295 3678
296 4597
297 4456
298 1290
298 4518
299 545
299 1194
299 1243
299 4703
300 2293
300 2973
300 4402
301 4435
302 2299
302 3175
303 2685
303 3211
303 3426
304 617
305 1244
305 1661
305 2116
306 4971
307 691
307 2808
308 2044
309 541
309 898
309 953
310 766
310 3062
311 4487
312 777
312 897
312 1154
312 4790
313 3944
313 4727
314 877
316 1948
317 486
317 2136
317 3773
318 1049
319 997
319 1579
319 3552
320 2449
320 3690
321 2076
321 4173
322 1632
322 2866
322 3010
322 4083
323 392
323 4550
324 1743
324 3354
324 4062
325 1507
325 3118
325 3549
326 386
326 2947
326 4920
327 1670
327 3744
328 825
329 2273
329 2874
329 3262
329 4584
330 3981
332 359
333 1651
334 2660
336 3956
337 2154
338 1312
338 2764
338 3514
339 1840
339 3512
340 1755
341 869
342 3005
343 2662
344 4098
344 4888
345 3556
345 4799
346 946
346 1710
346 2899
346 3353
347 420
347 3739
348 794
348 1270
348 2976
349 438
351 1765
351 2317
351 3030
351 3609
353 4999
354 826
354 1646
354 1665
354 4934
355 2269
355 3068
356 693
356 1510
357 1677
357 2022
358 484
359 378
359 1128
359 1400
359 4248
360 2391
361 2315
361 2861
364 4851
365 3210
365 3237
368 4993
369 1758
369 4962
370 2025
370 2466
370 3407
370 4556
371 2448
373 2877
375 1816
376 934
377 1700
377 2118
379 2132
379 2400
380 746
381 3730
385 1911
387 3777
388 446
388 2305
389 1881
389 2759
390 2777
390 3887
390 4012
391 2323
391 3957
392 2300
392 4882
393 2887
394 2308
395 3216
395 3559
397 3830
399 3889
400 1378
400 2261
401 1303
402 2384
402 3877
403 3147
403 4453
409 4341
411 1171
411 2378
413 2656
415 4422
416 1168
418 2029
418 3923
419 542
422 1070
424 3413
430 4178
431 4262
438 1883
441 883
449 1462
449 4804
450 3989
453 1410
453 1897
454 926
454 1064
460 3715
464 2748
468 3085
468 4904
468 4959
477 726
482 3324
484 1215
484 1854
484 3283
486 619
487 4276
489 4160
490 1569
491 4669
493 3304
494 3747
501 2069
502 2048
503 1280
504 3383
505 2433
513 4233
514 2361
517 4018
524 890
525 1369
529 666
529 1937
533 3202
543 4038
547 2766
547 2953
551 2253
553 618
557 2722
559 4717
560 1108
560 4957
572 1361
577 3911
589 3329
592 4552
596 2837
639 4780
653 3478
657 4633
661 1801
681 4356
683 4398
702 2831
712 3522
719 1835
772 2170
937 1028
