1 25
1 62
1 117
1 140
1 158
1 202
1 248
1 303
1 344
1 354
1 358
1 429
1 456
1 485
1 546
1 678
1 717
1 874
1 1030
1 1039
2 20
2 116
2 199
2 242
2 341
2 354
2 386
2 449
2 454
2 467
2 501
2 518
2 536
2 631
2 703
2 722
2 775
2 831
2 835
2 838
2 886
2 1018
2 1050
3 94
3 223
3 225
3 271
3 295
3 310
3 320
3 357
3 392
3 498
3 516
3 571
3 579
3 581
3 591
3 620
3 624
3 626
3 631
3 740
3 744
3 803
3 818
4 43
4 105
4 303
4 363
4 445
4 491
4 558
4 608
4 716
4 759
4 873
4 911
4 932
4 957
4 958
4 977
4 1048
5 183
5 197
5 257
5 343
5 359
5 396
5 437
5 454
5 530
5 727
5 768
5 788
5 821
5 897
5 987
5 1012
6 37
6 62
6 250
6 264
6 407
6 410
6 462
6 487
6 512
6 523
6 534
6 606
6 649
6 651
6 793
6 817
6 875
6 896
6 1053
7 161
7 205
7 308
7 318
7 327
7 367
7 421
7 453
7 565
7 567
7 609
7 669
7 711
7 737
7 751
7 754
7 767
7 827
7 851
7 886
7 887
7 909
7 1021
7 1033
8 119
8 162
8 255
8 274
8 319
8 433
8 505
8 509
8 525
8 571
8 592
8 672
8 766
8 799
8 961
8 992
8 1023
8 1025
8 1026
8 1044
9 70
9 176
9 184
9 193
9 250
9 275
9 285
9 298
9 312
9 452
9 503
9 593
9 597
9 645
9 743
9 857
9 907
9 980
9 1002
10 59
10 119
10 191
10 213
10 249
10 253
10 304
10 316
10 347
10 483
10 497
10 566
10 598
10 658
10 772
10 951
10 1040
10 1041
11 87
11 100
11 101
11 119
11 120
11 121
11 135
11 178
11 352
11 459
11 473
11 515
11 562
11 627
11 667
11 675
11 753
11 956
12 36
12 84
12 92
12 144
12 158
12 166
12 172
12 186
12 212
12 215
12 227
12 393
12 637
12 715
12 721
12 731
12 770
12 779
12 807
12 809
12 929
12 934
12 1029
13 56
13 102
13 120
13 173
13 329
13 378
13 409
13 486
13 495
13 590
13 632
13 633
13 641
13 725
13 784
13 789
13 791
13 819
13 920
13 946
13 984
13 1043
13 1049
14 22
14 50
14 99
14 186
14 217
14 348
14 374
14 438
14 465
14 587
14 640
14 676
14 741
14 748
14 804
14 842
14 846
15 17
15 59
15 72
15 75
15 112
15 171
15 424
15 471
15 477
15 489
15 531
15 564
15 733
16 130
16 139
16 147
16 158
16 278
16 428
16 619
16 647
16 659
16 680
16 829
16 844
16 901
16 964
16 995
16 996
16 1045
16 1057
17 142
17 146
17 153
17 163
17 244
17 442
17 559
17 594
17 648
17 782
17 802
17 856
17 910
18 62
18 211
18 234
18 390
18 461
18 468
18 685
18 710
18 919
18 991
18 1060
19 29
19 42
19 44
19 70
19 126
19 355
19 408
19 418
19 614
19 635
19 671
19 730
19 786
19 990
19 1052
20 74
20 187
20 252
20 307
20 311
20 334
20 416
20 557
20 595
20 636
20 1068
20 1073
21 69
21 72
21 174
21 207
21 251
21 313
21 373
21 521
21 526
21 529
21 580
21 664
21 674
21 865
21 913
21 926
21 943
21 972
21 1017
21 1046
22 60
22 83
22 269
22 323
22 381
22 539
22 596
22 629
22 712
22 755
22 777
22 805
22 902
22 905
22 912
22 921
22 955
22 983
22 988
22 1054
23 156
23 162
23 190
23 241
23 333
23 372
23 376
23 383
23 434
23 600
23 610
23 617
23 702
23 925
23 970
23 1015
23 1065
24 31
24 57
24 93
24 153
24 168
24 228
24 240
24 332
24 448
24 469
24 532
24 612
24 736
24 785
24 824
24 828
24 933
24 942
24 1024
25 131
25 260
25 440
25 446
25 555
25 577
25 643
25 650
25 687
25 691
25 720
25 756
25 769
25 854
25 947
25 1008
25 1042
26 80
26 127
26 152
26 159
26 308
26 321
26 460
26 499
26 607
26 903
26 1071
27 141
27 176
27 281
27 568
27 665
27 812
27 868
27 880
27 954
27 999
28 53
28 74
28 89
28 339
28 368
28 384
28 436
28 480
28 552
28 570
28 662
28 699
28 761
28 916
28 952
28 973
29 66
29 86
29 145
29 400
29 834
29 1016
30 52
30 110
30 140
30 192
30 267
30 401
30 572
30 613
30 823
30 833
30 1014
30 1070
31 109
31 256
31 322
31 630
31 762
31 797
31 837
31 872
31 939
31 976
32 40
32 66
32 160
32 216
32 232
32 233
32 296
32 297
32 326
32 430
32 451
32 496
32 894
33 82
33 89
33 189
33 219
33 247
33 302
33 360
33 520
33 634
33 729
33 876
33 883
33 899
33 904
34 55
34 71
34 81
34 201
34 232
34 362
34 463
34 511
34 541
34 563
34 644
34 666
34 738
34 810
34 852
34 974
34 1031
35 36
35 137
35 179
35 369
35 388
35 540
35 548
35 697
35 867
35 1001
35 1006
35 1066
36 76
36 111
36 113
36 151
36 185
36 371
36 742
36 848
36 850
36 858
36 862
36 1061
37 181
37 182
37 356
37 482
37 560
37 709
37 774
37 800
37 806
37 879
37 885
37 914
37 963
37 989
37 994
37 1019
38 366
38 446
38 514
38 575
38 655
38 968
39 74
39 149
39 208
39 246
39 262
39 291
39 513
39 576
39 615
39 677
39 895
39 998
39 1028
40 169
40 239
40 488
40 553
40 583
40 639
40 734
41 97
41 141
41 315
41 443
41 478
41 535
41 589
41 985
42 194
42 490
42 549
42 551
42 599
42 960
43 48
43 63
43 114
43 364
43 475
43 1055
44 263
44 268
44 506
44 646
44 726
44 936
44 986
45 252
45 265
45 287
45 406
45 417
45 484
45 500
45 556
45 582
45 603
45 654
45 663
45 765
45 830
45 962
46 150
46 181
46 653
46 705
46 752
46 836
46 927
47 55
47 157
47 528
47 696
47 746
47 747
47 864
47 971
47 1038
48 77
48 98
48 328
48 402
48 447
48 584
48 686
48 724
48 750
48 839
48 917
48 981
48 1000
48 1013
48 1022
49 89
49 210
49 284
49 533
49 811
50 261
50 306
50 317
50 387
50 397
50 708
50 778
50 938
50 965
51 109
51 375
51 427
51 479
51 524
51 918
51 922
51 975
52 134
52 164
52 350
52 351
52 476
52 923
52 1020
53 330
53 380
53 719
53 993
54 63
54 276
54 338
54 891
55 68
55 165
55 300
55 470
55 510
55 574
55 605
55 757
55 863
55 1005
56 148
56 254
56 277
56 292
56 950
56 982
57 108
57 136
57 504
57 611
57 682
57 714
57 776
57 795
57 820
57 1034
58 74
58 85
58 342
58 349
58 517
58 713
58 814
59 218
59 692
59 745
59 840
59 845
60 180
60 346
60 481
60 569
60 739
60 749
60 860
61 161
61 550
61 732
61 808
61 944
62 258
62 266
62 335
62 395
62 522
62 625
62 763
62 871
63 67
63 203
63 209
63 226
63 236
63 324
63 661
63 668
63 670
63 888
63 889
64 163
64 455
64 601
64 796
65 73
65 87
65 238
65 419
65 771
66 78
66 394
66 578
66 586
66 694
66 790
67 175
67 270
67 389
67 898
67 1003
68 138
68 231
68 618
68 906
69 621
69 690
69 969
70 96
70 259
70 294
70 340
70 698
70 884
71 237
71 439
71 869
71 881
72 289
72 305
72 538
72 616
72 1058
73 91
73 125
73 204
73 425
73 537
73 679
73 684
74 220
74 235
74 379
74 792
74 949
75 103
75 229
75 870
76 115
76 128
76 414
76 545
76 660
76 878
76 1067
77 494
77 900
77 930
77 937
78 104
78 978
79 122
79 130
79 426
79 444
79 588
79 877
79 1010
80 198
80 657
80 681
80 841
80 997
80 1063
81 188
81 403
81 432
81 458
81 707
82 415
82 728
82 959
83 195
83 431
84 177
84 337
85 704
85 1035
85 1037
86 385
87 314
87 701
88 203
88 365
89 623
89 931
90 206
90 252
90 474
90 826
90 1047
91 450
91 508
91 547
91 693
91 794
91 849
91 1007
92 273
92 935
93 554
94 377
94 780
95 152
95 196
95 764
95 773
95 781
96 299
96 422
96 464
96 1027
96 1056
97 243
97 382
97 815
97 861
99 413
99 813
100 143
100 953
101 783
101 798
101 832
102 214
102 604
102 706
103 441
103 507
103 573
103 787
103 890
104 882
104 893
104 948
105 107
105 133
106 115
107 123
107 288
107 816
107 1032
109 154
109 405
109 966
109 1072
110 279
110 353
110 399
110 695
110 979
112 170
112 472
112 928
113 411
113 1009
113 1064
114 283
114 855
114 866
114 1004
116 859
117 493
118 126
118 345
119 853
120 272
120 280
120 301
120 391
120 700
120 758
122 825
123 466
123 622
123 847
124 131
124 457
126 245
126 282
127 642
127 656
127 1059
128 398
128 924
129 167
129 210
129 1069
130 652
130 843
130 908
132 138
134 336
134 404
135 224
135 309
135 1051
136 801
137 293
137 542
141 967
142 519
147 822
150 945
151 527
155 160
158 688
159 585
161 290
163 370
165 892
169 1036
170 683
171 222
171 420
172 915
174 689
176 325
176 492
176 941
181 423
181 940
182 718
184 543
186 200
189 230
190 1011
191 602
193 760
196 361
200 673
210 412
211 544
217 435
218 286
221 332
226 735
228 561
241 331
252 723
258 1062
261 502
272 628
359 638
