1 28
1 269
1 395
1 445
1 639
1 670
1 706
1 719
1 787
1 872
1 895
1 1044
2 20
2 69
2 132
2 148
2 190
2 215
2 264
2 279
2 323
2 339
2 396
2 480
2 491
2 495
2 503
2 569
2 636
2 785
2 800
2 803
2 853
2 888
2 941
2 1045
3 163
3 219
3 245
3 266
3 338
3 378
3 570
3 580
3 680
3 708
3 972
3 1000
3 1053
4 20
4 42
4 79
4 207
4 354
4 376
4 419
4 442
4 474
4 515
4 609
4 643
4 727
4 728
4 838
4 890
4 900
4 974
4 982
5 20
5 28
5 54
5 66
5 113
5 133
5 141
5 162
5 166
5 210
5 368
5 593
5 618
5 680
5 726
5 773
5 780
5 848
5 857
5 868
5 878
5 912
5 1043
5 1064
6 241
6 303
6 319
6 408
6 455
6 488
6 492
6 578
6 596
6 617
6 645
6 768
6 773
6 837
6 863
6 884
6 979
7 117
7 213
7 219
7 240
7 304
7 383
7 475
7 525
7 550
7 559
7 575
7 660
7 689
7 714
7 754
7 811
7 840
7 918
7 937
7 945
7 948
7 987
7 990
7 996
8 255
8 283
8 311
8 348
8 408
8 410
8 430
8 452
8 585
8 598
8 603
8 832
8 977
8 1001
8 1024
8 1029
8 1063
9 197
9 264
9 280
9 393
9 505
9 613
9 661
9 688
9 691
9 731
9 760
9 830
9 893
9 910
9 925
9 1002
9 1040
10 17
10 29
10 34
10 66
10 174
10 412
10 415
10 460
10 572
10 574
10 628
10 650
10 679
10 795
10 851
10 896
10 897
10 946
10 1021
10 1026
11 26
11 28
11 53
11 77
11 102
11 335
11 349
11 364
11 444
11 476
11 485
11 549
11 563
11 657
11 843
11 876
11 930
12 50
12 110
12 203
12 226
12 293
12 323
12 471
12 597
12 686
12 692
12 711
12 772
12 864
12 965
13 43
13 47
13 81
13 142
13 229
13 238
13 402
13 461
13 525
13 544
13 562
13 637
13 652
13 737
13 763
13 790
13 920
13 933
13 957
13 966
13 981
13 1056
14 116
14 163
14 165
14 170
14 186
14 272
14 389
14 459
14 464
14 516
14 630
14 647
14 664
14 702
14 751
14 818
14 914
14 970
14 1003
14 1059
14 1067
15 60
15 68
15 69
15 185
15 275
15 454
15 576
15 646
15 771
15 801
15 959
16 99
16 146
16 237
16 482
16 529
16 644
16 701
16 739
16 751
16 778
16 992
17 103
17 191
17 243
17 315
17 374
17 536
17 796
17 831
17 852
17 904
17 958
17 968
17 983
17 986
17 1032
18 106
18 138
18 251
18 367
18 385
18 397
18 415
18 573
18 616
18 621
18 704
18 756
18 819
18 935
18 989
18 1062
19 62
19 110
19 331
19 352
19 538
19 545
19 555
19 631
19 648
19 722
19 839
19 841
19 938
19 973
19 988
19 999
20 104
20 112
20 159
20 299
20 301
20 316
20 340
20 357
20 421
20 423
20 522
20 715
20 730
20 767
20 835
20 1042
21 40
21 87
21 123
21 124
21 193
21 200
21 248
21 266
21 292
21 486
21 506
21 527
21 534
21 564
21 674
21 676
21 847
21 899
21 1036
22 59
22 79
22 176
22 177
22 244
22 273
22 420
22 422
22 466
22 655
22 705
22 717
22 762
22 779
22 782
22 804
22 828
22 833
22 870
22 873
22 892
22 1012
22 1023
23 31
23 67
23 147
23 155
23 172
23 307
23 324
23 346
23 361
23 391
23 428
23 538
23 700
23 880
24 45
24 128
24 151
24 194
24 216
24 288
24 300
24 313
24 325
24 389
24 532
24 612
24 673
24 749
24 911
24 943
25 118
25 141
25 205
25 246
25 263
25 498
25 725
25 807
25 823
25 859
25 967
25 1013
25 1038
26 56
26 92
26 135
26 137
26 234
26 247
26 276
26 306
26 341
26 384
26 394
26 401
26 426
26 483
26 822
26 844
26 885
26 1028
27 69
27 171
27 209
27 270
27 453
27 468
27 619
27 633
27 797
27 879
27 955
27 998
27 1031
28 35
28 49
28 82
28 100
28 173
28 289
28 290
28 371
28 638
28 640
28 776
28 806
28 820
28 849
28 871
28 1004
28 1010
29 202
29 249
29 250
29 287
29 437
29 507
29 513
29 588
29 595
29 610
29 642
29 654
29 858
29 906
30 74
30 88
30 119
30 128
30 144
30 427
30 519
30 587
30 651
30 755
30 813
30 824
30 856
30 978
30 995
30 1049
30 1051
31 58
31 158
31 179
31 260
31 658
31 713
31 793
31 924
32 178
32 287
32 326
32 456
32 470
32 699
32 729
33 44
33 78
33 90
33 117
33 254
33 510
33 531
33 627
33 757
33 869
33 919
33 997
33 1014
33 1071
34 224
34 317
34 343
34 358
34 404
34 600
34 695
34 901
35 107
35 223
35 356
35 589
35 764
35 953
35 1006
35 1008
36 92
36 204
36 296
36 327
36 429
36 490
36 926
37 138
37 195
37 278
37 375
37 388
37 400
37 928
38 46
38 47
38 212
38 285
38 344
38 403
38 447
38 556
38 626
38 662
38 669
38 814
38 874
38 903
38 915
38 975
38 1037
39 238
39 261
39 262
39 350
39 377
39 469
39 696
39 791
39 947
39 1015
40 55
40 84
40 101
40 130
40 154
40 180
40 256
40 329
40 433
40 678
40 750
40 1022
41 61
41 71
41 109
41 145
41 148
41 198
41 284
41 302
41 565
41 685
41 712
41 743
42 369
42 379
42 478
42 552
42 561
42 653
42 732
43 189
43 291
43 363
43 440
43 690
43 740
43 769
43 774
43 1019
44 196
44 281
44 457
44 497
44 502
44 571
44 891
44 902
45 48
45 222
45 233
45 380
45 424
45 514
45 582
45 720
45 777
45 860
45 865
45 913
46 125
46 169
46 370
46 418
46 540
46 601
46 632
46 733
46 766
46 799
47 129
47 328
47 382
47 386
47 520
47 710
47 816
47 836
47 923
47 950
47 1018
47 1035
47 1072
48 97
48 143
48 309
48 462
48 494
48 526
48 533
48 590
48 605
49 257
49 745
49 759
49 805
49 881
49 951
49 985
50 86
50 438
50 511
50 671
50 994
50 1007
51 54
51 168
51 220
51 295
51 821
51 889
51 1025
52 91
52 140
52 238
52 274
52 365
52 553
52 583
52 614
52 667
52 921
52 931
52 980
52 984
52 1016
52 1058
53 337
53 392
53 413
53 735
53 758
53 855
53 964
54 230
54 451
54 577
54 635
54 746
54 846
55 253
55 463
55 581
55 599
55 615
55 815
56 73
56 908
57 85
57 108
57 140
57 164
57 330
57 535
57 666
57 753
57 775
57 961
57 1009
58 523
58 703
58 734
58 808
58 875
59 63
59 321
59 373
59 567
59 939
59 1034
59 1057
60 242
60 543
60 862
61 181
61 206
61 489
61 716
61 917
62 65
62 554
62 659
62 883
62 898
62 954
62 1041
62 1054
63 83
63 150
63 297
63 320
63 336
63 524
63 907
63 922
63 927
63 962
63 1011
63 1039
63 1050
64 136
64 182
64 183
64 261
64 355
64 481
64 548
64 829
64 1017
65 160
65 487
65 606
65 641
65 668
65 693
66 94
66 121
66 152
66 1066
67 359
67 372
67 405
67 414
67 542
67 591
67 1027
68 156
68 252
68 518
68 607
68 944
69 161
69 298
69 687
69 742
70 87
70 528
70 707
70 786
70 963
71 192
71 416
71 624
71 798
71 909
71 1070
72 91
72 501
72 718
72 784
72 1065
73 417
73 496
73 681
73 748
73 812
74 431
74 991
74 1047
74 1073
75 115
75 221
75 247
75 286
75 308
75 566
75 634
76 122
76 252
76 584
76 665
76 809
76 850
76 949
77 390
78 149
78 473
79 199
79 721
79 1020
80 145
80 231
80 351
80 517
80 521
80 541
80 940
81 167
81 282
81 493
81 788
82 411
82 560
82 936
83 188
83 232
83 448
84 802
84 845
84 916
84 1046
85 111
85 208
86 425
86 765
87 239
87 294
87 450
87 499
87 794
88 467
88 956
89 91
89 465
89 698
90 310
90 592
90 622
90 744
90 810
91 834
91 1030
92 436
92 604
92 629
93 135
93 694
94 342
94 399
94 723
95 112
95 783
95 1005
95 1069
96 266
96 842
97 332
97 611
97 620
97 663
97 724
98 272
98 443
99 225
99 268
99 334
100 314
100 398
100 682
100 887
100 1060
102 114
102 675
103 120
103 1033
104 409
104 435
104 504
104 672
104 741
104 952
104 1068
105 122
105 126
105 139
105 227
105 509
105 579
106 366
106 781
106 867
107 537
107 656
107 1061
108 817
108 1055
109 993
111 827
113 201
114 131
114 709
116 684
116 969
118 187
118 530
119 381
119 500
119 894
119 929
120 214
120 235
120 277
121 362
121 508
122 407
122 770
123 479
123 551
123 602
124 312
125 406
125 594
125 608
126 458
126 934
127 141
127 558
128 1048
129 446
129 677
129 697
130 942
131 184
131 228
132 217
132 649
132 736
133 134
133 157
133 434
134 441
135 265
137 449
139 387
140 932
141 625
144 322
144 484
145 854
147 971
148 738
149 305
151 236
151 826
153 178
157 976
159 345
160 960
161 683
161 861
163 211
163 882
165 347
170 623
173 557
173 568
175 217
178 586
181 761
183 318
186 747
187 472
188 271
193 218
195 477
196 866
197 259
197 792
199 886
202 258
202 360
202 546
208 432
211 789
212 353
229 1052
236 752
240 439
245 825
258 905
267 306
294 539
331 333
390 512
449 547
514 877
