1 270
1 316
1 403
1 420
1 496
1 824
1 887
1 1031
1 1492
1 1585
1 1621
1 2025
1 2070
1 2111
1 2190
1 2340
1 2400
1 2406
1 2423
1 2501
1 2599
1 2687
1 2895
1 2918
1 2967
1 3365
1 3426
1 3985
1 3995
1 4066
1 4300
1 4329
1 4381
1 4405
1 4509
1 4562
1 4804
1 4829
1 4852
1 4863
1 4995
2 7
2 303
2 558
2 797
2 949
2 1365
2 1394
2 1591
2 2070
2 2072
2 2205
2 2253
2 2413
2 2536
2 2601
2 2639
2 2659
2 2665
2 2943
2 2973
2 3080
2 3107
2 3241
2 3445
2 3456
2 3484
2 3607
2 3612
2 3851
2 4022
2 4051
2 4082
2 4109
2 4128
2 4197
2 4386
2 4683
2 4743
2 4798
2 4815
2 4925
2 4958
3 26
3 47
3 103
3 226
3 250
3 416
3 497
3 666
3 1476
3 1547
3 1627
3 1635
3 1657
3 1731
3 1767
3 1800
3 1813
3 1868
3 1950
3 2028
3 2233
3 2240
3 2381
3 2479
3 2543
3 2570
3 2655
3 3070
3 3166
3 3575
3 3878
3 3890
3 4442
3 4467
3 4524
3 4941
3 4953
3 4986
4 21
4 100
4 273
4 286
4 512
4 525
4 602
4 660
4 742
4 754
4 802
4 831
4 1091
4 1631
4 1674
4 1785
4 1823
4 1864
4 2004
4 2068
4 2209
4 2285
4 2535
4 2730
4 2760
4 2887
4 2987
4 3106
4 3166
4 3302
4 3568
4 3594
4 3667
4 3692
4 3769
4 3914
4 4144
4 4264
4 4313
4 4608
4 4693
4 4697
4 4718
4 4756
4 4983
5 11
5 218
5 655
5 772
5 795
5 1081
5 1287
5 1539
5 1572
5 1599
5 1680
5 1871
5 1904
5 2026
5 2117
5 2418
5 2420
5 2970
5 3022
5 3058
5 3160
5 3268
5 3318
5 3366
5 3430
5 3458
5 3568
5 3733
5 3745
5 3765
5 3820
5 3874
5 3900
5 4180
5 4225
5 4278
5 4403
5 4568
5 4616
5 4684
5 4721
5 4736
6 221
6 656
6 743
6 834
6 848
6 884
6 1222
6 1245
6 1363
6 1487
6 1618
6 1712
6 1722
6 1797
6 1831
6 1864
6 2040
6 2277
6 2444
6 2549
6 2620
6 2622
6 2649
6 2832
6 2853
6 2864
6 2923
6 3086
6 3263
6 3449
6 3492
6 3567
6 3659
6 3679
6 3933
6 3959
6 3966
6 4041
6 4109
6 4238
6 4246
6 4319
6 4494
6 4639
6 4832
6 4928
7 60
7 72
7 138
7 220
7 268
7 304
7 324
7 371
7 580
7 838
7 1161
7 1501
7 1692
7 1984
7 2002
7 2095
7 2129
7 2164
7 2207
7 2336
7 2416
7 2559
7 2627
7 2653
7 2677
7 2727
7 2921
7 3052
7 3074
7 3238
7 3247
7 3661
7 3843
7 3909
7 3962
7 3965
7 4004
7 4016
7 4131
7 4249
7 4525
7 4535
7 4565
7 4587
7 4871
7 4898
7 4994
8 302
8 348
8 511
8 530
8 543
8 589
8 795
8 809
8 866
8 907
8 958
8 1098
8 1117
8 1142
8 1594
8 1717
8 1720
8 1828
8 1865
8 1931
8 1937
8 1952
8 2195
8 2218
8 2427
8 2676
8 2842
8 3002
8 3242
8 3343
8 3427
8 3502
8 3592
8 3970
8 4019
8 4199
8 4291
8 4299
8 4471
8 4482
8 4546
8 4636
8 4681
8 4726
8 4802
8 4826
8 4872
8 4947
9 47
9 96
9 108
9 124
9 136
9 186
9 633
9 650
9 663
9 727
9 909
9 913
9 950
9 1028
9 1074
9 1093
9 1401
9 1484
9 1520
9 1532
9 1595
9 1597
9 1807
9 1824
9 2033
9 2100
9 2393
9 2425
9 2473
9 2554
9 2577
9 2621
9 2982
9 3424
9 3451
9 3571
9 3706
9 3891
9 3901
9 3988
9 4143
9 4275
9 4311
9 4324
9 4606
9 4748
9 4892
9 4904
10 30
10 87
10 93
10 223
10 252
10 412
10 627
10 636
10 658
10 867
10 939
10 1122
10 1162
10 1268
10 1419
10 1546
10 1691
10 2095
10 2221
10 2610
10 2638
10 2743
10 3089
10 3110
10 3240
10 3387
10 3869
10 3897
10 4177
10 4276
10 4277
10 4536
10 4955
11 143
11 193
11 211
11 402
11 451
11 539
11 583
11 588
11 590
11 635
11 639
11 652
11 839
11 996
11 1009
11 1191
11 1251
11 1361
11 1582
11 1614
11 1721
11 1918
11 1988
11 2132
11 2133
11 2301
11 2332
11 2546
11 2547
11 2582
11 2594
11 2626
11 2674
11 3174
11 3223
11 3293
11 3803
11 3829
11 3854
11 3857
11 4167
11 4200
11 4221
11 4370
11 4511
11 4809
11 4828
11 4843
11 4867
12 78
12 109
12 229
12 233
12 260
12 512
12 516
12 542
12 657
12 719
12 894
12 896
12 951
12 1083
12 1128
12 1175
12 1382
12 1391
12 1548
12 1598
12 1638
12 1838
12 1925
12 1945
12 1965
12 2032
12 2414
12 2493
12 2508
12 2556
12 2565
12 2764
12 2807
12 2956
12 2983
12 2996
12 3051
12 3455
12 3490
12 3626
12 3637
12 3721
12 3726
12 3957
12 4148
12 4272
12 4290
12 4376
12 4400
12 4522
12 4598
12 4801
12 4952
13 115
13 270
13 325
13 474
13 519
13 768
13 906
13 1003
13 1071
13 1288
13 1425
13 1464
13 1668
13 2160
13 2223
13 2371
13 2538
13 2591
13 2757
13 2958
13 2992
13 3012
13 3072
13 3125
13 3308
13 3339
13 3415
13 3584
13 3641
13 3672
13 3684
13 3717
13 3756
13 3862
13 3912
13 4211
13 4258
13 4372
13 4549
13 4586
13 4991
14 84
14 342
14 697
14 705
14 720
14 794
14 799
14 926
14 1185
14 1268
14 1353
14 1367
14 1506
14 1544
14 1550
14 2060
14 2131
14 2149
14 2358
14 2403
14 2470
14 2574
14 2588
14 2616
14 2702
14 2780
14 2791
14 2844
14 2928
14 2988
14 3078
14 3481
14 3735
14 3776
14 3895
14 4130
14 4178
14 4208
14 4209
14 4212
14 4301
14 4328
14 4439
14 4484
14 4500
14 4554
14 4831
14 4862
14 4868
15 28
15 151
15 171
15 272
15 330
15 464
15 787
15 826
15 1027
15 1097
15 1193
15 1247
15 1341
15 1342
15 1409
15 1542
15 1747
15 1785
15 1920
15 1954
15 2003
15 2044
15 2194
15 2270
15 2326
15 2337
15 2487
15 2585
15 2636
15 2750
15 2990
15 3039
15 3173
15 3195
15 3243
15 3338
15 3440
15 3441
15 3603
15 3730
15 3899
15 4010
15 4018
15 4037
15 4268
15 4335
15 4393
15 4417
15 4445
15 4446
15 4704
15 4739
15 4913
15 4927
15 4945
16 21
16 210
16 234
16 393
16 673
16 778
16 853
16 1139
16 1144
16 1270
16 1467
16 1714
16 1760
16 1847
16 1923
16 2234
16 2297
16 2356
16 2532
16 2600
16 2664
16 2667
16 2685
16 2835
16 2846
16 3035
16 3188
16 3389
16 3392
16 3442
16 3494
16 3547
16 3624
16 3729
16 4369
16 4375
16 4677
16 4701
16 4909
16 4996
17 176
17 195
17 330
17 573
17 786
17 1014
17 1035
17 1216
17 1231
17 1427
17 1553
17 1671
17 1882
17 1957
17 2015
17 2018
17 2219
17 2231
17 2312
17 2541
17 2579
17 2623
17 2811
17 2919
17 3057
17 3161
17 3218
17 3380
17 3528
17 3635
17 3714
17 4142
17 4280
17 4391
17 4489
17 4727
17 4777
17 4789
17 4811
17 4922
17 4933
18 167
18 243
18 327
18 454
18 514
18 538
18 588
18 997
18 1048
18 1167
18 1233
18 1255
18 1305
18 1441
18 1541
18 1557
18 1633
18 2024
18 2144
18 2155
18 2250
18 2348
18 2464
18 2860
18 2878
18 2908
18 2960
18 2984
18 3004
18 3099
18 3196
18 3345
18 3419
18 3623
18 3675
18 3685
18 3793
18 3806
18 3969
18 4132
18 4179
18 4181
18 4314
18 4354
18 4380
18 4687
18 4764
19 35
19 114
19 237
19 322
19 374
19 543
19 731
19 775
19 851
19 960
19 1304
19 1338
19 1454
19 1603
19 1702
19 1786
19 1822
19 2232
19 2273
19 2367
19 2699
19 3013
19 3287
19 3340
19 3422
19 3460
19 3590
19 3622
19 3950
19 3968
19 4056
19 4286
19 4295
19 4544
19 4555
19 4752
19 4797
19 4806
19 4817
19 4954
20 101
20 125
20 134
20 149
20 261
20 278
20 390
20 588
20 604
20 711
20 740
20 788
20 854
20 879
20 882
20 1204
20 1298
20 1480
20 1551
20 1884
20 1926
20 1936
20 2000
20 2402
20 2405
20 2439
20 2461
20 2463
20 2762
20 2980
20 3049
20 3077
20 3091
20 3207
20 3447
20 3471
20 3507
20 3751
20 3762
20 3925
20 3926
20 4141
20 4296
20 4590
20 4607
20 4856
20 4866
20 4977
21 118
21 227
21 346
21 643
21 750
21 764
21 805
21 821
21 840
21 917
21 922
21 992
21 1348
21 1384
21 1494
21 1825
21 1973
21 2214
21 2235
21 2318
21 2399
21 2442
21 2504
21 2651
21 2747
21 2856
21 3005
21 3321
21 3361
21 3362
21 3372
21 3381
21 3538
21 3601
21 3795
21 3955
21 4152
21 4158
21 4161
21 4216
21 4230
21 4244
21 4255
21 4543
21 4614
21 4655
21 4657
21 4808
21 4930
21 4999
22 52
22 382
22 438
22 581
22 586
22 609
22 651
22 1093
22 1114
22 1407
22 1449
22 1468
22 1499
22 1580
22 1748
22 1792
22 1941
22 1944
22 2007
22 2179
22 2306
22 2313
22 2396
22 2422
22 2830
22 3064
22 3145
22 3170
22 3254
22 3402
22 3406
22 3504
22 3593
22 3638
22 3674
22 3883
22 3961
22 4068
22 4093
22 4172
22 4529
22 4597
22 4642
22 4647
22 4781
23 130
23 211
23 263
23 334
23 422
23 432
23 495
23 521
23 789
23 933
23 952
23 1010
23 1438
23 1678
23 1707
23 1727
23 1917
23 1976
23 2042
23 2137
23 2216
23 2276
23 2408
23 2496
23 2695
23 2761
23 2772
23 2781
23 2968
23 3256
23 3468
23 3750
23 3764
23 4099
23 4175
23 4330
23 4583
23 4610
23 4956
24 124
24 513
24 550
24 679
24 695
24 699
24 725
24 745
24 791
24 946
24 1154
24 1252
24 1545
24 1573
24 1601
24 1840
24 1877
24 2037
24 2182
24 2258
24 2366
24 2411
24 2563
24 2672
24 2786
24 2882
24 2902
24 2950
24 3476
24 3480
24 3836
24 4187
24 4228
24 4339
24 4355
24 4462
24 4479
24 4523
24 4540
24 4594
24 4667
24 4981
25 125
25 198
25 749
25 846
25 955
25 956
25 1240
25 1290
25 1320
25 1552
25 1561
25 1841
25 1876
25 1894
25 1915
25 1916
25 1958
25 2102
25 2124
25 2289
25 2291
25 2299
25 2350
25 2525
25 2870
25 2898
25 2932
25 3008
25 3042
25 3234
25 3285
25 3291
25 3557
25 3738
25 3980
25 4186
25 4343
25 4447
25 4782
26 43
26 57
26 61
26 209
26 381
26 498
26 597
26 605
26 1277
26 1447
26 1570
26 1682
26 1685
26 1830
26 1975
26 2079
26 2089
26 2109
26 2254
26 2374
26 2580
26 2593
26 2717
26 2731
26 2776
26 2861
26 3061
26 3150
26 3306
26 3364
26 3563
26 3763
26 3921
26 4000
26 4057
26 4358
26 4444
26 4453
26 4944
26 4982
27 182
27 197
27 217
27 387
27 395
27 458
27 474
27 478
27 808
27 979
27 1272
27 1429
27 1497
27 1905
27 2165
27 2196
27 2243
27 2315
27 2424
27 2513
27 2910
27 3014
27 3126
27 3180
27 3342
27 3383
27 3418
27 3523
27 3605
27 3818
27 3936
27 4079
27 4309
27 4331
27 4351
27 4407
27 4746
27 4776
27 4795
27 4812
28 120
28 156
28 267
28 354
28 362
28 363
28 547
28 830
28 852
28 857
28 864
28 1069
28 1469
28 1608
28 1609
28 1625
28 1661
28 1665
28 1815
28 1867
28 1897
28 1987
28 2012
28 2053
28 2076
28 2428
28 2497
28 2642
28 2735
28 2758
28 2909
28 2941
28 3129
28 3290
28 3327
28 3404
28 3444
28 3543
28 3625
28 3743
28 3954
28 4014
28 4127
28 4210
28 4303
28 4352
28 4437
28 4556
28 4575
28 4747
28 4749
28 4836
28 4888
28 4980
28 4987
29 46
29 471
29 513
29 755
29 904
29 1050
29 1065
29 1269
29 1644
29 1695
29 1740
29 1886
29 1893
29 1902
29 2112
29 2166
29 2338
29 3157
29 3224
29 3277
29 3452
29 3621
29 3801
29 4165
29 4346
29 4390
29 4670
29 4742
29 4948
29 4959
30 142
30 154
30 192
30 222
30 433
30 441
30 503
30 584
30 683
30 715
30 987
30 1021
30 1115
30 1331
30 1437
30 1481
30 2202
30 2211
30 2398
30 2598
30 2686
30 2797
30 3073
30 3178
30 3255
30 3794
30 4036
30 4045
30 4154
30 4202
30 4203
30 4332
30 4360
30 4392
30 4394
30 4434
30 4470
30 4599
30 4728
30 4882
30 4937
31 347
31 452
31 468
31 719
31 810
31 921
31 935
31 937
31 1023
31 1165
31 1261
31 1400
31 1688
31 1718
31 1811
31 1963
31 2087
31 2368
31 2395
31 2643
31 2647
31 2694
31 2812
31 2884
31 2930
31 2942
31 3093
31 3124
31 3272
31 3421
31 3633
31 3648
31 3700
31 3817
31 4047
31 4078
31 4096
31 4217
31 4266
31 4364
31 4595
31 4660
32 153
32 165
32 175
32 392
32 428
32 499
32 523
32 580
32 645
32 669
32 741
32 841
32 1016
32 1022
32 1153
32 1278
32 1478
32 1485
32 1536
32 1713
32 1972
32 2056
32 2058
32 2229
32 2417
32 2519
32 2537
32 2564
32 2863
32 3120
32 3219
32 3429
32 3499
32 3566
32 3731
32 3813
32 3906
32 3999
32 4183
32 4367
32 4402
32 4533
32 4547
32 4596
32 4722
32 4758
32 4858
32 4873
32 4950
33 79
33 106
33 303
33 446
33 621
33 1026
33 1111
33 1189
33 1246
33 1428
33 1651
33 1885
33 2017
33 2200
33 2281
33 2321
33 2611
33 2688
33 2975
33 3257
33 3280
33 3785
33 3924
33 4032
33 4116
33 4164
33 4173
33 4237
33 4308
33 4457
33 4466
33 4561
33 4696
33 4707
34 185
34 216
34 465
34 608
34 909
34 1006
34 1037
34 1059
34 1500
34 1566
34 1855
34 2071
34 2530
34 2531
34 2723
34 2766
34 2822
34 2913
34 3151
34 3152
34 3192
34 3209
34 3359
34 3574
34 3778
34 3800
34 3905
34 3963
34 3987
34 4091
34 4150
34 4414
34 4498
34 4703
34 4744
34 4874
34 4917
34 4968
35 111
35 157
35 246
35 349
35 529
35 600
35 729
35 752
35 845
35 914
35 972
35 1123
35 1156
35 1294
35 1379
35 1387
35 1431
35 1440
35 1508
35 2021
35 2176
35 2217
35 2278
35 2303
35 2331
35 2380
35 2429
35 2458
35 2739
35 2754
35 2843
35 2868
35 2869
35 3066
35 3076
35 3095
35 3141
35 3310
35 3491
35 3512
35 3677
35 3850
35 4012
35 4185
35 4273
35 4323
35 4627
35 4643
35 4644
35 4671
35 4791
36 144
36 209
36 485
36 509
36 692
36 902
36 959
36 1208
36 1297
36 1322
36 1448
36 1851
36 2150
36 2516
36 2578
36 2929
36 2965
36 3003
36 3047
36 3111
36 3199
36 3356
36 3910
36 4146
37 38
37 509
37 582
37 712
37 761
37 878
37 1007
37 1062
37 1105
37 1220
37 1271
37 1375
37 1479
37 2246
37 2334
37 2441
37 2467
37 2485
37 2603
37 2613
37 2692
37 2704
37 3114
37 3262
37 3264
37 3885
37 3947
37 4156
37 4336
37 4409
37 4574
37 4905
37 4938
38 224
38 242
38 274
38 364
38 370
38 413
38 434
38 437
38 442
38 457
38 849
38 1030
38 1120
38 1132
38 1219
38 1230
38 1418
38 1776
38 2022
38 2081
38 2120
38 2249
38 2362
38 2430
38 2480
38 2886
38 2959
38 2972
38 3092
38 3153
38 3525
38 3658
38 3814
38 3842
38 3977
38 4637
38 4827
39 105
39 268
39 321
39 366
39 592
39 780
39 948
39 968
39 1143
39 1228
39 1229
39 1312
39 1370
39 1408
39 1453
39 1563
39 1675
39 1962
39 2161
39 2213
39 2255
39 3265
39 3585
39 3705
39 3753
39 4021
39 4378
39 4412
39 4685
40 279
40 280
40 283
40 374
40 435
40 1040
40 1145
40 1215
40 1433
40 1443
40 1491
40 1526
40 1569
40 1684
40 1802
40 1821
40 2126
40 2494
40 2515
40 2823
40 2875
40 3208
40 3412
40 3446
40 3498
40 3940
40 4062
40 4115
40 4224
40 4297
40 4347
40 4398
40 4560
40 4571
40 4602
40 4612
40 4970
41 68
41 87
41 188
41 332
41 476
41 561
41 593
41 835
41 928
41 947
41 1080
41 1140
41 1289
41 1316
41 1411
41 1610
41 1616
41 2710
41 2753
41 2945
41 2962
41 3391
41 3398
41 3536
41 3654
41 3704
41 3739
41 4003
41 4064
41 4282
41 4322
41 4550
41 4735
41 4825
42 115
42 436
42 448
42 649
42 668
42 837
42 965
42 978
42 993
42 1148
42 1291
42 1313
42 1617
42 1629
42 1728
42 2045
42 2147
42 2169
42 2309
42 2435
42 2558
42 2614
42 2826
42 2889
42 2927
42 3373
42 3554
42 3632
42 3687
42 3734
42 3967
42 4027
42 4137
42 4191
42 4341
42 4464
42 4613
42 4674
42 4778
43 262
43 326
43 419
43 524
43 594
43 1070
43 1160
43 1314
43 1457
43 1880
43 1939
43 2001
43 2052
43 2386
43 2445
43 2472
43 2933
43 3191
43 3351
43 3651
43 3655
43 3770
43 3812
43 3863
43 4196
43 4408
43 4506
44 300
44 391
44 430
44 664
44 725
44 1047
44 1054
44 1404
44 1504
44 1961
44 2064
44 2304
44 2837
44 3050
44 3117
44 3165
44 3281
44 3400
44 3413
44 3532
44 3997
44 4147
44 4419
44 4452
44 4713
44 4932
44 4985
45 66
45 151
45 155
45 170
45 415
45 475
45 626
45 762
45 1158
45 1170
45 1264
45 1286
45 1333
45 1465
45 1658
45 1697
45 1845
45 1946
45 1997
45 2456
45 2486
45 2724
45 2746
45 2749
45 2871
45 3353
45 3375
45 3613
45 3617
45 3724
45 3744
45 3811
45 4432
45 4465
45 4490
45 4668
46 184
46 783
46 1473
46 1511
46 1690
46 1810
46 1971
46 2237
46 2363
46 2404
46 2931
46 2951
46 3182
46 3328
46 3409
46 3495
46 3595
46 3609
46 4317
46 4340
46 4366
46 4424
46 4520
46 4548
46 4557
46 4771
47 73
47 275
47 360
47 623
47 696
47 730
47 828
47 915
47 974
47 1045
47 1085
47 1351
47 1412
47 1637
47 1640
47 1850
47 1938
47 1951
47 2339
47 2597
47 2602
47 2883
47 3059
47 3791
47 3832
47 3879
47 3984
47 4059
47 4171
47 4421
47 4605
47 4887
47 4989
48 123
48 225
48 360
48 463
48 689
48 769
48 811
48 1514
48 1732
48 1801
48 1949
48 2046
48 2113
48 2262
48 2322
48 2517
48 2648
48 2877
48 3139
48 3215
48 3602
48 3718
48 4020
48 4503
48 4515
48 4998
49 114
49 212
49 373
49 829
49 919
49 1095
49 1178
49 1199
49 1381
49 1444
49 1562
49 1647
49 2130
49 2466
49 2507
49 2522
49 2802
49 3134
49 3276
49 3299
49 3382
49 3414
49 3580
49 3757
49 3797
49 3830
49 3880
49 4024
49 4157
49 4169
49 4433
49 4569
49 4792
50 101
50 141
50 172
50 312
50 331
50 344
50 408
50 916
50 1032
50 1092
50 1181
50 1890
50 2014
50 2251
50 2261
50 2323
50 2631
50 2775
50 2777
50 2894
50 3727
50 3848
50 3930
50 3964
50 4259
50 4774
50 4796
51 179
51 246
51 833
51 856
51 982
51 1306
51 1358
51 1406
51 1460
51 1559
51 1646
51 1799
51 1986
51 1996
51 2080
51 2145
51 2272
51 2568
51 2778
51 2848
51 3048
51 3163
51 3228
51 3639
51 3775
51 4002
51 4042
51 4075
51 4077
51 4112
51 4213
51 4399
51 4472
51 4919
52 361
52 693
52 1073
52 1129
52 1332
52 1887
52 2096
52 2595
52 2795
52 2808
52 2857
52 2865
52 3250
52 3437
52 3824
52 3889
52 4073
52 4488
52 4592
52 4768
52 4889
53 380
53 433
53 453
53 578
53 1130
53 1242
53 1335
53 1352
53 1462
53 1549
53 1611
53 1743
53 2269
53 2319
53 2800
53 2805
53 2840
53 2888
53 3786
53 3877
53 3952
53 3973
53 4065
53 4170
53 4205
53 4473
54 62
54 191
54 205
54 225
54 544
54 675
54 676
54 1036
54 1172
54 1211
54 1639
54 1708
54 1793
54 1839
54 1942
54 2432
54 2469
54 2721
54 2926
54 2971
54 2985
54 3053
54 3130
54 3147
54 3154
54 3322
54 3509
54 3539
54 3652
54 3720
54 3789
54 4038
54 4310
54 4632
54 4672
54 4785
55 92
55 143
55 508
55 659
55 1060
55 1293
55 1436
55 1459
55 1701
55 1706
55 1866
55 1928
55 2119
55 2156
55 2360
55 2745
55 2793
55 2825
55 3043
55 3140
55 3319
55 3384
55 3450
55 3808
55 3853
55 4139
55 4204
55 4206
55 4306
55 4312
55 4678
56 127
56 152
56 208
56 231
56 258
56 392
56 398
56 486
56 579
56 598
56 796
56 869
56 953
56 1112
56 1378
56 1607
56 1626
56 1790
56 2005
56 2029
56 3056
56 3069
56 3297
56 3336
56 3503
56 3526
56 3562
56 3709
56 3953
57 126
57 190
57 628
57 1213
57 1430
57 1630
57 1970
57 2048
57 2244
57 2283
57 2491
57 2539
57 2668
57 2678
57 3018
57 3148
57 3541
57 3796
57 3920
57 4285
57 4840
58 160
58 269
58 358
58 392
58 470
58 707
58 944
58 1914
58 2437
58 2646
58 2742
58 2854
58 2977
58 3030
58 3200
58 3289
58 3876
58 3927
58 4025
58 4030
58 4253
58 4621
58 4692
58 4942
58 4972
59 137
59 168
59 172
59 612
59 622
59 1493
59 1579
59 1730
59 1861
59 2099
59 2388
59 3020
59 3036
59 3804
59 3929
59 4651
59 4984
60 158
60 681
60 881
60 905
60 1011
60 1019
60 1149
60 1200
60 1343
60 1879
60 1992
60 2049
60 2054
60 2290
60 2782
60 3100
60 3344
60 3713
60 3715
60 3805
60 3810
60 3831
60 3908
60 4087
60 4318
60 4362
60 4486
60 4553
60 4819
60 4916
61 301
61 414
61 551
61 665
61 1180
61 1244
61 1588
61 1709
61 1788
61 1798
61 1901
61 2162
61 2238
61 2296
61 2335
61 2765
61 3190
61 3614
61 3630
61 4260
61 4877
62 333
62 818
62 2121
62 2173
62 2185
62 2287
62 2295
62 2498
62 2818
62 2925
62 3204
62 3212
62 3329
62 3634
62 3728
62 3746
62 3766
62 3994
62 4110
62 4149
62 4245
62 4537
62 4645
62 4658
62 4769
63 101
63 196
63 213
63 842
63 976
63 1676
63 1819
63 1889
63 2167
63 2344
63 2561
63 2571
63 2624
63 2658
63 2773
63 2995
63 3029
63 4194
63 4239
63 4265
63 4383
63 4545
63 4688
63 4967
64 77
64 106
64 339
64 484
64 567
64 662
64 893
64 1013
64 1108
64 1402
64 1833
64 1927
64 2274
64 2305
64 2477
64 2505
64 2748
64 2801
64 2922
64 3087
64 3514
64 3565
64 3610
64 4043
64 4048
64 4502
64 4833
65 137
65 166
65 372
65 877
65 1209
65 1397
65 1762
65 1863
65 1869
65 2141
65 2311
65 2475
65 2569
65 2583
65 2806
65 2904
65 3025
65 3172
65 3363
65 3840
65 3864
65 4104
65 4124
65 4307
65 4450
66 599
66 614
66 713
66 1179
66 1235
66 1266
66 1275
66 1804
66 1843
66 1903
66 1964
66 2355
66 2375
66 2650
66 2816
66 3023
66 3079
66 3085
66 3142
66 3270
66 3453
66 3511
66 3589
66 4289
66 4404
66 4429
66 4724
66 4767
66 4885
66 4908
67 79
67 506
67 644
67 1195
67 1318
67 1392
67 1424
67 1586
67 1835
67 1842
67 2325
67 2809
67 2920
67 3104
67 3341
67 3529
67 3703
67 3798
67 3886
67 4049
67 4067
67 4287
67 4320
67 4477
68 245
68 1600
68 1653
68 1758
68 1932
68 2314
68 2645
68 2718
68 2789
68 2839
68 2964
68 2989
68 3159
68 3177
68 3657
68 3792
68 3941
68 4026
68 4071
68 4084
68 4106
68 4304
68 4496
68 4839
69 267
69 424
69 925
69 1307
69 1374
69 1524
69 1529
69 1663
69 1873
69 2105
69 2108
69 2471
69 2544
69 2726
69 3232
69 3309
69 3497
69 3656
69 3904
69 4070
69 4220
69 4680
69 4837
69 4899
70 81
70 97
70 198
70 569
70 751
70 763
70 911
70 1131
70 1155
70 1452
70 1475
70 1854
70 1856
70 1900
70 2177
70 2241
70 2462
70 2628
70 3103
70 3135
70 3403
70 3587
70 3916
70 3942
70 4454
70 4589
70 4712
70 4751
70 4773
71 74
71 194
71 247
71 298
71 359
71 577
71 646
71 822
71 829
71 1223
71 1265
71 1281
71 1356
71 1362
71 1729
71 2225
71 2292
71 2346
71 2364
71 2365
71 2433
71 2518
71 2912
71 2949
71 3146
71 3253
71 3390
71 3917
71 4063
71 4262
71 4292
71 4741
71 4823
72 351
72 1151
72 1827
72 2059
72 2097
72 3206
72 3369
72 3619
72 3838
72 4234
72 4530
72 4709
72 4759
72 4990
73 293
73 336
73 386
73 461
73 708
73 855
73 969
73 1033
73 1056
73 1450
73 1507
73 1783
73 2242
73 2354
73 2712
73 3217
73 3324
73 3581
73 3683
73 3708
73 3847
73 3931
73 4129
73 4159
73 4558
73 4730
73 4848
73 4859
73 4939
73 4997
74 472
74 733
74 748
74 942
74 1377
74 1768
74 1912
74 2088
74 2415
74 3213
74 3439
74 3758
74 4242
74 4356
74 4492
75 275
75 292
75 310
75 379
75 487
75 518
75 870
75 874
75 892
75 1163
75 1296
75 1620
75 2083
75 2474
75 2836
75 2961
75 3075
75 3132
75 3167
75 3284
75 3315
75 3467
75 3573
75 3682
75 3809
75 3928
75 4040
75 4385
75 4526
75 4578
75 4923
76 164
76 293
76 337
76 397
76 515
76 680
76 899
76 1192
76 2055
76 2170
76 2670
76 2720
76 2948
76 3019
76 3522
76 3618
76 4005
76 4326
76 4388
76 4869
77 305
77 369
77 1227
77 1236
77 1589
77 1844
77 1933
77 1935
77 2090
77 2138
77 2794
77 2976
77 2979
77 3534
77 3665
77 3693
77 4028
77 4510
77 4830
78 148
78 306
78 418
78 714
78 735
78 1101
78 1282
78 1308
78 1808
78 1817
78 1848
78 2345
78 2728
78 2881
78 2952
78 3031
78 3282
78 3334
78 3474
78 3604
78 3690
78 3783
78 3865
78 3867
78 4601
78 4729
78 4973
79 248
79 427
79 1147
79 1284
79 1385
79 1628
79 1694
79 1956
79 2172
79 2652
79 3176
79 3531
79 3615
79 3664
79 3834
79 3990
79 4363
79 4960
80 153
80 236
80 532
80 957
80 989
80 1146
80 1554
80 1750
80 2619
80 2693
80 2792
80 2862
80 2957
80 3417
80 3772
80 3993
80 4395
80 4476
81 102
81 181
81 559
81 591
81 642
81 672
81 875
81 1330
81 1340
81 1495
81 1517
81 1698
81 1852
81 1898
81 1989
81 2222
81 3021
81 3513
81 3662
81 3902
81 4711
81 4822
81 4864
81 4929
82 83
82 129
82 187
82 226
82 257
82 367
82 501
82 630
82 766
82 774
82 1018
82 1090
82 1470
82 1757
82 2421
82 2700
82 2900
82 3032
82 3357
82 3399
82 3408
82 3846
82 3960
82 3983
82 3992
82 4083
82 4135
82 4254
82 4374
82 4570
82 4710
82 4813
83 1087
83 1169
83 1895
83 2499
83 2630
83 2635
83 2740
83 2997
83 3102
83 3113
83 3214
83 3298
83 3367
83 3535
83 3608
83 4006
83 4350
83 4775
83 4901
84 113
84 407
84 698
84 868
84 1171
84 1250
84 1764
84 1795
84 2116
84 2259
84 2263
84 2352
84 3037
84 3956
84 4198
84 4532
84 4567
84 4654
84 4780
84 4805
84 5000
85 162
85 175
85 288
85 421
85 431
85 800
85 920
85 1121
85 1259
85 1389
85 1414
85 1435
85 1857
85 1883
85 1959
85 2189
85 2239
85 2705
85 2707
85 2828
85 3096
85 3317
85 3425
85 3579
85 3736
85 4017
85 4456
85 4564
85 4821
86 103
86 998
86 1311
86 1636
86 1659
86 1896
86 1993
86 1999
86 2192
86 2282
86 2307
86 2545
86 2671
86 2737
86 2751
86 2891
86 2893
86 3098
86 3316
86 3386
86 3420
86 3472
86 3695
86 3873
86 4039
86 4342
86 4504
86 4787
86 4961
87 169
87 553
87 670
87 757
87 1612
87 2175
87 2607
87 2788
87 2938
87 3038
87 3082
87 3149
87 3258
87 3689
87 3951
87 4576
88 121
88 148
88 311
88 1051
88 1076
88 1188
88 1415
88 1496
88 1519
88 1966
88 2073
88 2438
88 2683
88 3144
88 3210
88 3431
88 3866
89 349
89 527
89 827
89 1602
89 2452
89 2484
89 2555
89 2821
89 3137
89 3198
89 3227
89 3737
89 3781
89 4207
89 4357
90 120
90 357
90 375
90 522
90 1133
90 1198
90 1276
90 2063
90 2376
90 2817
90 3530
90 3650
90 3759
90 3774
90 3856
90 3892
90 4011
90 4435
90 4491
90 4580
90 4633
90 4708
90 4763
91 120
91 596
91 647
91 886
91 1152
91 1225
91 2023
91 2454
91 2566
91 3179
91 3548
91 4015
91 4274
91 4321
91 4765
92 189
92 736
92 1004
92 1157
92 1206
92 1214
92 1260
92 1593
92 2050
92 2198
92 2300
92 2443
92 2500
92 3128
92 3423
92 3723
92 3898
92 3939
92 4256
92 4648
92 4755
93 314
93 469
93 859
93 1337
93 1395
93 1416
93 1513
93 1719
93 1943
93 2011
93 2075
93 2103
93 2181
93 2230
93 2341
93 2784
93 3006
93 3184
93 3273
93 3278
93 3374
93 3378
93 3787
93 4184
94 120
94 241
94 400
94 409
94 817
94 844
94 1344
94 1463
94 1789
94 1929
94 1968
94 2039
94 2316
94 2713
94 2850
94 3197
94 3616
94 3884
94 4117
94 4879
94 4921
95 123
95 203
95 276
95 323
95 1301
95 2019
95 2146
95 2284
95 2696
95 2755
95 2759
95 3261
95 3469
95 3600
95 3653
95 3826
95 3979
95 4098
95 4333
95 4377
95 4673
95 4816
95 4884
96 350
96 872
96 1940
96 2527
96 2679
96 3407
96 3542
96 3620
96 3741
96 4055
96 4305
96 4618
96 4878
97 183
97 235
97 290
97 549
97 617
97 624
97 1781
97 2302
97 2509
97 2796
97 2899
97 2969
97 3500
97 3560
97 3636
97 4074
97 4267
97 4604
98 356
98 512
98 533
98 610
98 1329
98 1366
98 1660
98 1955
98 1991
98 2481
98 2632
98 2917
98 3483
98 3628
98 3923
98 4085
98 4222
98 4325
98 4593
98 4611
98 4666
98 4723
99 104
99 172
99 462
99 534
99 541
99 900
99 1173
99 1734
99 1836
99 2094
99 2286
99 2738
99 3090
99 3225
99 3288
99 3311
99 3611
99 3698
99 3767
99 3779
99 4664
99 4790
100 206
100 266
100 385
100 641
100 940
100 1257
100 1274
100 1323
100 1652
100 2069
100 2482
100 2584
100 2625
100 2711
100 3201
100 3286
100 3505
100 3697
100 3748
100 4423
100 4468
100 4855
101 174
101 1103
101 1212
101 1567
101 1979
101 2106
101 2397
101 2955
101 3169
101 3881
101 4023
101 4174
101 4699
101 4761
101 4814
101 4844
102 773
102 1234
102 1325
102 1413
102 1471
102 1812
102 2115
102 2876
102 3459
102 3712
102 3816
102 4890
103 423
103 975
103 1777
103 2488
103 2897
103 3352
103 3544
104 219
104 249
104 718
104 803
104 1683
104 1834
104 1934
104 1980
104 2051
104 2512
104 2644
104 3175
104 3202
104 3465
104 4284
104 4413
104 4772
104 4895
105 295
105 319
105 554
105 574
105 832
105 938
105 1349
105 1990
105 2478
105 2640
105 3304
105 3371
105 3486
105 3761
105 3833
105 4886
106 240
106 507
106 632
106 765
106 806
106 918
106 2506
106 2576
106 2885
106 3570
106 4113
106 4428
106 4440
107 260
107 722
107 885
107 1124
107 1174
107 1241
107 1805
107 2410
107 2604
107 3183
107 4401
107 4682
108 575
108 861
108 871
108 964
108 1118
108 1150
108 1336
108 2035
108 2163
108 2188
108 2937
108 3121
108 3678
108 3749
108 3821
108 4241
108 4371
108 4936
109 201
109 294
109 691
109 971
109 1061
109 1256
109 1455
109 1634
109 1650
109 1737
109 1806
109 3067
109 3236
109 3266
109 3546
109 3582
109 3627
109 3815
109 4294
109 4438
110 152
110 483
110 488
110 876
110 988
110 1368
110 1472
110 1622
110 1832
110 2210
110 2703
110 3028
110 3313
110 3852
110 4784
111 555
111 985
111 1084
111 1232
111 1571
111 1853
111 1967
111 2353
111 3136
111 3646
111 4054
111 4600
111 4653
111 4849
111 4851
112 158
112 297
112 728
112 758
112 980
112 1005
112 1461
112 1765
112 2372
112 2387
112 3269
112 3370
112 4337
113 1164
113 1393
113 1656
113 1693
113 2065
113 2082
113 2148
113 2629
113 2810
113 2986
113 3122
113 3295
113 3696
113 3975
113 4089
113 4229
113 4487
113 4640
114 199
114 308
114 368
114 546
114 798
114 1753
114 1769
114 2066
114 2310
114 2682
114 3205
114 3454
114 3521
114 4105
114 4219
114 4971
115 244
115 396
115 737
115 991
115 1020
115 1359
115 1725
115 1875
115 2187
115 2450
115 2511
115 2787
115 3158
115 3702
115 3888
115 4153
115 4163
115 4298
115 4406
115 4719
116 188
116 785
116 1197
116 1258
116 1451
116 1489
116 1787
116 1930
116 2101
116 2317
116 2534
116 2715
116 3010
116 3045
116 3094
116 3193
116 3643
116 3725
116 3991
116 4344
116 4686
116 4865
117 260
117 858
117 1064
117 1292
117 1388
117 1442
117 1596
117 1784
117 2158
117 2320
117 2510
117 2550
117 2684
117 3252
117 4257
117 4269
117 4951
117 4988
118 352
118 426
118 710
118 1238
118 1846
118 1888
118 2153
118 2228
118 3101
118 3112
118 3245
118 3279
118 3790
118 3861
118 4001
118 4517
118 4783
118 4876
119 248
119 459
119 505
119 619
119 1038
119 1127
119 1355
119 1399
119 1772
119 1849
119 1924
119 2224
119 2257
119 2440
119 2824
119 3428
119 3773
119 3945
119 4134
119 4345
119 4481
119 4623
119 4842
119 4931
120 128
120 814
120 847
120 1248
120 1372
120 1466
120 1505
120 1538
120 1716
120 1782
120 1985
120 2118
120 2186
120 2804
120 3819
120 3841
120 4263
120 4411
120 4662
120 4669
120 4935
121 259
121 466
121 601
121 990
121 1075
121 2524
121 3506
121 4841
122 128
122 738
122 1592
122 2641
122 3063
122 3466
122 3487
122 4579
123 700
123 724
123 1000
123 1168
123 1613
123 2691
123 2841
123 3162
123 3181
123 3230
123 3475
123 3707
123 3784
123 3858
123 4528
123 4538
123 4799
124 291
124 537
124 566
124 1058
124 1079
124 1677
124 1711
124 2092
124 2434
124 2779
124 3123
124 3368
124 3716
124 3915
125 455
125 576
125 1116
125 1339
125 2061
125 2774
125 2851
125 3220
125 3416
125 3755
125 3893
125 4338
125 4588
125 4591
125 4725
126 296
126 716
126 779
126 912
126 1299
126 1347
126 1535
126 1982
126 2139
126 2294
126 2378
126 2589
126 2798
126 3346
126 3572
126 4108
126 4235
126 4348
126 4349
126 4705
126 4754
126 4757
126 4807
126 4870
127 338
127 701
127 977
127 994
127 1530
127 1741
127 2279
127 2298
127 2468
127 2489
127 3518
127 3671
127 4441
127 4845
128 406
128 620
128 654
128 746
128 961
128 1224
128 1285
128 1482
128 2125
128 2609
128 2890
128 3164
128 3673
128 4250
129 378
129 781
129 1583
129 1686
129 2086
129 2135
129 2744
129 3054
129 3274
129 3668
129 3680
129 4315
129 4534
129 4619
129 4900
129 4915
130 425
130 804
130 1067
130 1649
130 2191
130 3017
130 3068
130 4227
130 4902
131 225
131 528
131 560
131 1025
131 1606
131 1623
131 2288
131 2447
131 2660
131 3231
131 3597
131 3835
131 3986
131 4334
131 4420
131 4551
131 4620
132 218
132 456
132 753
132 897
132 941
132 945
132 1002
132 1217
132 1456
132 1696
132 2390
132 2880
132 3260
132 3972
132 4034
132 4223
132 4474
132 4740
132 4893
132 4992
133 145
133 226
133 1044
133 1794
133 2551
133 2575
133 2615
133 2814
133 3354
133 4271
133 4495
134 147
134 709
134 734
134 1205
134 1410
134 1759
134 1780
134 1837
134 1919
134 2673
134 3556
134 3561
134 3887
134 4136
134 4189
134 4361
134 4397
135 278
135 686
135 929
135 1119
135 1141
135 1300
135 1555
135 1568
135 2618
135 3187
135 3337
135 3349
135 3350
135 3694
135 4013
135 4119
135 4448
136 685
136 1106
136 2426
136 3060
136 3397
136 4675
137 895
137 2127
137 2128
137 2866
137 2954
137 3919
137 3949
137 4033
138 450
138 545
138 1015
138 1113
138 1369
138 1826
138 2008
138 3251
138 4190
138 4396
138 4512
138 4631
139 264
139 314
139 548
139 616
139 677
139 756
139 792
139 816
139 923
139 1049
139 2208
139 3007
139 3259
139 3379
139 3461
139 3576
139 3978
139 4007
139 4436
139 4458
139 4626
139 4656
139 4702
139 4737
139 4883
139 4964
140 446
140 903
140 1263
140 1803
140 1969
140 2523
140 2741
140 4521
141 256
141 388
141 667
141 1210
141 1756
141 1994
141 2455
141 2820
141 3216
141 3872
142 1574
142 1796
142 2197
142 2206
142 2419
142 3870
142 3982
142 4896
142 4963
143 376
143 1439
143 2729
143 2763
143 3044
143 3097
143 3558
143 3569
143 4058
143 4368
143 4373
143 4914
144 1052
144 1510
144 1654
144 2245
144 2590
144 2939
144 3109
144 3186
144 3246
144 3599
144 3649
145 564
145 1486
145 1681
145 2271
145 2617
145 2829
145 3347
145 3457
145 4270
146 255
146 324
146 653
146 1354
146 1632
146 1645
146 1820
146 2373
146 3233
146 3488
146 3839
146 4160
146 4302
146 4431
146 4622
147 439
147 723
147 1327
147 1862
147 1995
147 2767
147 3131
147 3360
147 3435
147 3754
147 4934
148 353
148 1386
148 1775
148 2495
148 3666
148 3669
148 3989
148 4069
148 4107
148 4201
149 1249
149 1771
149 2184
149 3663
149 4676
149 4694
150 221
150 230
150 682
150 1086
150 1134
150 1309
150 1745
150 2708
150 3127
150 3911
150 4103
150 4195
150 4957
150 4969
151 995
151 1196
151 1624
151 1978
151 2183
151 2540
151 3312
151 3688
151 3934
151 4824
152 389
152 606
152 688
152 931
152 1357
152 1699
152 2459
152 2669
152 3235
152 3823
152 3896
152 4009
152 4086
152 4880
153 159
153 411
153 883
153 927
153 1328
153 1360
153 1892
153 2038
153 2542
153 2608
153 2634
153 2654
153 3016
153 4425
153 4691
154 836
154 2114
154 2412
154 2936
154 3943
154 4176
155 760
155 1700
155 1779
155 2016
155 2226
155 2483
155 2514
155 2719
155 3239
155 3300
155 3377
155 3681
155 4060
155 4359
156 1159
156 1273
156 1383
156 1432
156 1590
156 2347
156 2409
156 2872
156 2947
156 2998
156 3325
156 3508
156 3822
156 3922
156 4080
157 492
157 889
157 986
157 1096
157 1186
157 1604
157 1921
157 2369
157 4215
157 4635
158 253
158 394
158 1202
158 1279
158 1521
158 1533
158 1687
158 1736
158 1913
158 1922
158 1947
158 1983
158 2020
158 2587
158 3828
159 383
159 1102
159 1315
159 1421
159 1881
159 2529
159 3185
159 4353
159 4463
159 4949
160 405
160 674
160 973
160 1029
160 1055
160 1077
160 1672
160 2266
160 2663
160 2838
160 2966
160 3267
160 3938
160 4508
161 197
161 1034
161 1239
161 2666
161 2681
161 2874
161 3844
161 4046
161 4493
161 4514
162 1001
162 3301
162 3583
162 4145
162 4379
163 191
163 1184
163 1283
163 1371
163 1723
163 1910
163 2714
163 3348
163 4480
163 4552
163 4625
164 703
164 901
164 1528
164 1619
164 1858
164 2370
164 2520
164 3411
164 3524
164 4665
165 404
165 1267
165 1498
165 2803
165 2934
165 4717
165 4976
166 207
166 595
166 1078
166 3055
166 3283
166 3333
166 4661
166 4920
166 4926
167 489
167 1072
167 1648
167 1911
167 2010
167 2460
167 2905
167 3065
167 3320
167 3463
167 3932
167 4233
167 4979
168 1057
168 1190
168 1518
168 1581
168 2330
168 2436
168 2633
168 3645
168 4166
168 4734
168 4891
169 1724
169 3083
169 3248
169 3477
169 3788
169 3918
170 281
170 1334
170 1405
170 1534
170 2268
170 2465
170 2831
170 3009
170 4151
170 4182
170 4283
171 345
171 552
171 1398
171 1908
171 2329
171 3780
171 4485
172 320
172 568
172 613
172 777
172 1417
172 1527
172 1742
172 1755
172 3998
172 4760
173 396
173 570
173 1125
173 1135
173 1137
173 1558
173 1977
173 1998
173 2573
173 2994
173 3358
173 3432
174 299
174 634
174 924
174 1218
174 1543
174 1814
174 1816
174 2528
174 2562
174 2756
175 365
175 1177
175 1766
175 2236
175 2327
175 2845
175 4231
175 4585
175 4965
176 1046
176 2013
176 2431
176 4650
176 4698
177 325
177 401
177 694
177 1605
177 3088
177 3550
177 4316
177 4449
177 4946
178 188
178 770
178 1791
178 2041
178 2091
178 2328
178 2815
178 4243
178 4459
178 4706
178 4910
179 467
179 943
179 1089
179 1872
179 3001
179 3221
179 3740
179 3825
179 4894
180 187
180 540
180 850
180 1703
180 2552
180 2911
180 3000
180 3027
180 3355
180 3393
180 3676
180 4745
180 4779
181 228
181 265
181 491
181 493
181 967
181 1201
181 2785
181 3882
181 4094
181 4193
181 4418
182 271
182 335
182 440
182 615
182 687
182 1522
182 1710
182 3845
183 970
183 2227
183 2377
183 2907
183 3434
183 3436
183 3496
183 3691
183 3913
183 4609
184 520
184 812
184 888
184 966
184 1182
184 1346
184 2953
184 3026
184 4140
184 4732
184 4962
185 1733
185 2180
185 2680
185 2847
185 2859
186 565
186 671
186 1166
186 2293
186 2736
186 2935
186 3747
186 4327
187 585
187 2605
187 2662
187 2991
187 3307
187 4497
187 4838
188 494
188 1017
188 1502
188 1773
188 3303
188 3470
188 4248
188 4788
188 4911
189 502
189 1295
189 1615
189 2030
189 2492
189 3549
189 4035
189 4100
190 1525
190 2203
190 2407
190 2946
190 4192
190 4519
191 447
191 479
191 1426
191 2333
191 2351
191 4659
192 340
192 1643
192 1953
192 3937
193 684
193 807
193 1253
193 3105
193 3296
193 4527
193 4689
194 784
194 1237
194 3155
194 3660
194 4460
194 4559
194 4714
195 384
195 793
195 2062
195 3118
195 3249
195 4188
195 4499
195 4881
196 587
196 648
196 862
196 1099
196 1870
196 2151
196 2914
196 3410
196 3586
196 4389
196 4715
197 284
197 611
197 1326
197 1948
197 3462
197 3944
197 4410
198 1100
198 1512
198 2057
198 2110
198 2143
198 2168
198 3335
198 3859
198 4044
198 4214
198 4483
199 417
199 637
199 934
199 1039
199 2446
199 2453
199 3062
199 3314
199 3670
199 4279
200 222
200 531
200 1110
200 2067
200 2107
200 2451
200 4663
201 477
201 1254
201 1974
201 4716
201 4854
201 4906
201 4975
202 346
202 2490
202 2855
202 3396
203 1556
203 1664
203 2009
203 3742
203 4430
203 4539
204 244
204 638
204 908
204 4029
205 898
205 932
205 1403
205 2178
205 2892
206 399
206 2873
206 4122
207 517
207 1662
207 2813
207 3540
207 4628
208 282
208 1752
208 3138
208 3330
208 4847
209 214
209 480
209 562
209 1704
209 2698
209 3143
209 3171
209 4426
209 4897
210 232
210 1531
210 4940
211 1088
211 1515
211 3024
211 3868
212 1770
212 1809
212 2267
212 3974
212 3976
212 4513
213 962
213 1063
213 1577
213 2275
213 2783
213 3133
214 285
214 3331
214 4573
214 4581
215 315
215 414
215 481
215 999
215 1584
216 1907
216 2123
216 2560
216 2586
216 2734
216 3194
216 3485
216 3551
216 3871
216 4387
217 355
217 2661
217 3189
217 3537
217 3946
217 4088
218 1066
218 1434
218 1477
218 2637
218 2924
218 3894
218 4584
218 4615
219 429
219 625
219 721
219 1396
219 2265
219 2308
219 2944
219 3168
219 4422
219 4541
220 238
220 767
220 1490
220 1537
220 1564
221 739
221 1042
221 1878
221 2154
221 3598
221 4218
221 4630
222 983
222 4974
223 1068
223 1194
223 3211
223 3326
223 3516
224 1043
224 1673
224 2553
224 2657
225 2770
225 3699
225 3971
225 4121
226 1243
226 1422
226 2031
226 2401
226 3119
226 4050
227 572
227 3222
227 3711
227 3996
227 4800
228 309
228 317
228 1516
228 3849
228 4052
228 4461
229 557
229 1458
229 2084
230 726
230 771
230 1024
230 1565
230 1859
230 2215
230 2768
230 3046
230 3493
230 4629
231 891
231 1373
231 2940
231 4382
231 4566
232 843
232 1899
232 2343
232 2901
233 2104
233 4240
233 4912
234 341
234 410
234 2260
234 2503
234 2722
234 3394
234 4251
234 4384
235 1183
235 1540
235 2999
235 3229
235 3271
235 4501
235 4793
236 1576
236 3244
236 3771
237 1376
237 2077
237 2752
237 3519
237 4138
237 4293
237 4695
238 2171
238 2916
238 3799
238 4451
238 4700
239 289
239 302
239 2448
239 2706
239 2790
239 3564
239 4603
240 535
240 1655
240 1763
240 2140
240 2606
240 2689
240 3588
240 4766
240 4794
240 4993
241 254
241 2193
241 2533
241 2592
241 4168
241 4516
242 936
242 1008
242 1641
242 3116
242 4072
243 2264
244 2771
244 3405
244 3837
245 782
245 801
245 825
245 3323
245 4646
246 744
246 1483
246 2201
246 4846
247 759
247 1053
247 2342
247 3388
247 4860
248 820
248 2974
248 4155
248 4288
249 930
249 1104
249 1319
249 1474
249 2204
249 2701
249 2858
249 4820
250 3710
251 266
251 631
251 3903
252 1364
252 4236
253 863
253 910
253 2093
253 3606
254 1207
254 3464
254 4924
255 2993
256 4617
257 823
257 963
257 1187
257 3489
257 3559
258 813
258 1203
258 2567
258 3719
259 2247
260 449
260 1317
260 2709
260 3034
260 4365
261 640
261 4123
261 4475
262 3292
262 4008
263 1345
263 1423
263 3433
263 3577
263 4095
264 3802
264 3827
265 1669
265 1751
265 2159
265 3040
265 4577
265 4750
265 4762
266 445
266 1082
267 880
267 4118
268 3482
268 4857
269 287
269 1670
269 2581
269 2733
269 3855
269 4247
270 460
270 1705
270 2392
271 954
272 377
272 2034
272 2502
272 4126
272 4563
273 510
273 2799
274 690
274 2389
274 3760
274 3860
274 4770
275 571
275 704
275 1094
275 2027
275 2716
276 490
276 1818
276 2906
276 3768
276 4720
277 486
277 1488
277 1642
277 2879
278 890
278 1280
278 1350
278 1981
279 2449
279 2596
279 2827
281 307
281 4252
282 4092
283 1321
283 4641
283 4966
284 819
284 2212
284 4850
285 2394
285 2896
286 318
286 4416
286 4505
287 3578
287 4097
288 536
288 4133
289 2852
289 3782
291 865
291 1746
292 1874
292 3438
292 4507
293 732
293 2006
293 4679
294 1509
294 3935
297 873
297 2043
297 4753
298 4853
299 1523
299 2220
300 4638
300 4652
302 2383
302 4634
303 3644
304 2122
304 3555
305 3237
305 4572
306 2280
307 504
307 4061
308 2978
309 3591
309 4518
310 3376
311 1109
311 3041
311 3395
312 2036
312 3631
313 368
313 2074
314 4081
315 2675
315 4835
316 526
316 3385
316 3479
317 482
317 2384
317 2521
318 1226
319 678
319 1138
320 563
320 603
320 3553
320 4978
321 3305
321 3807
322 1738
322 4738
323 3948
325 2690
325 3647
326 4232
327 2361
328 376
328 2834
328 3701
328 4076
328 4861
329 345
329 1744
329 3552
330 607
330 1960
330 3332
330 4690
331 3226
331 3732
332 2324
332 2656
333 1829
334 500
334 2526
335 776
335 1262
335 3108
335 4281
336 2078
336 2385
336 2612
336 3203
337 4114
338 1446
339 444
339 706
339 3473
339 3752
339 3907
339 4903
340 747
340 1860
341 2349
341 3958
343 387
343 1679
343 1715
346 1302
346 1324
350 2174
350 3777
350 4226
352 1667
352 2359
352 3015
353 1689
353 3115
356 629
357 815
357 1891
357 3515
357 4918
358 2134
358 4443
359 2382
359 3071
359 3875
360 1380
360 1761
361 3084
362 443
362 984
362 2849
368 3294
368 3510
369 2357
369 3629
369 4415
370 1012
371 790
373 2732
375 3275
375 4090
376 4111
377 1909
377 4733
378 2557
378 2819
380 3081
380 3517
380 4803
381 4531
384 2476
384 4731
385 2136
385 2457
388 2256
391 1575
391 2572
392 2252
393 1310
394 2725
395 2548
396 1774
396 2157
397 2963
397 3642
398 2903
399 3478
403 618
403 3640
403 3686
405 2098
406 4943
407 2152
408 1041
411 2697
412 4053
412 4102
412 4875
414 3596
414 4582
415 473
416 556
417 2379
417 2915
419 4810
420 860
421 4031
421 4162
422 661
423 4818
427 2867
428 4469
431 1726
433 2981
436 3527
437 1503
438 1560
438 4834
441 3501
441 3545
445 3156
447 1176
450 1578
453 1420
455 1666
456 4261
460 3448
461 2769
462 4786
465 1390
466 2047
470 3443
472 702
479 2199
490 717
491 1107
493 1778
493 2833
493 4101
494 1739
501 1735
505 4125
505 4624
516 1136
518 3011
520 3033
522 3401
523 1303
524 1906
526 1221
528 2142
528 4120
537 4542
544 2391
552 2085
554 1749
555 4478
558 4427
568 981
598 1126
599 1754
615 1445
616 4455
625 4907
626 1587
627 3981
630 3722
677 4649
783 2248
811 3533
941 3520
