1 88
1 152
1 253
1 388
1 472
1 511
1 556
1 745
1 765
1 902
1 1206
1 1299
1 1366
1 1432
1 1445
1 1493
1 1498
1 1629
1 1786
1 1806
1 1897
1 1943
1 2040
1 2106
1 2146
1 2170
1 2196
1 2705
1 2762
1 2780
1 2787
1 2818
1 2885
1 2983
1 3092
1 3111
1 3131
1 3328
1 3761
1 3865
1 3866
1 4241
1 4326
1 4338
1 4356
1 4419
1 4683
1 4896
1 4939
1 5009
1 5185
1 5255
1 5580
1 5585
1 5639
1 5643
1 5672
1 5683
1 5736
1 5892
1 6145
1 6279
1 6391
1 6428
1 6659
1 6682
1 6703
1 6852
1 6957
1 7012
1 7077
1 7289
1 7410
1 7454
1 7520
1 7630
1 7826
1 7962
1 8011
1 8091
1 8118
1 8248
1 8312
1 8504
1 8612
1 8722
1 8867
1 8942
1 9044
1 9056
1 9193
1 9269
1 9278
1 9337
1 9419
1 9552
1 9599
1 9949
2 54
2 65
2 351
2 508
2 520
2 629
2 640
2 641
2 736
2 812
2 952
2 1368
2 1407
2 1409
2 1439
2 1613
2 1622
2 1627
2 1653
2 2068
2 2073
2 2310
2 2441
2 2603
2 2736
2 3058
2 3116
2 3225
2 3281
2 3302
2 3425
2 3521
2 3654
2 3813
2 4154
2 4176
2 4343
2 4351
2 4467
2 4527
2 4548
2 4574
2 4647
2 4873
2 4902
2 4911
2 5004
2 5021
2 5066
2 5341
2 5410
2 5642
2 5652
2 5662
2 5862
2 5945
2 6005
2 6012
2 6059
2 6102
2 6208
2 6394
2 6523
2 6929
2 7004
2 7076
2 7121
2 7345
2 7402
2 7405
2 7506
2 7572
2 7725
2 7741
2 7763
2 7878
2 7966
2 8081
2 8147
2 8252
2 8422
2 8502
2 8618
2 9045
2 9249
2 9253
2 9276
2 9331
2 9487
2 9661
2 9710
2 9758
2 9822
3 11
3 102
3 237
3 503
3 519
3 533
3 562
3 605
3 730
3 862
3 892
3 963
3 1057
3 1114
3 1120
3 1129
3 1221
3 1222
3 1299
3 1316
3 1477
3 1542
3 1616
3 1778
3 1858
3 1924
3 2062
3 2164
3 2172
3 2276
3 2362
3 2374
3 2375
3 2377
3 2457
3 2472
3 2704
3 2722
3 2916
3 3035
3 3038
3 3210
3 3214
3 3349
3 3618
3 3677
3 4015
3 4302
3 4443
3 4528
3 4691
3 4744
3 4778
3 4948
3 5028
3 5032
3 5123
3 5350
3 5459
3 5499
3 5518
3 5644
3 5863
3 5872
3 5905
3 5945
3 5952
3 6051
3 6135
3 6144
3 6226
3 6252
3 6360
3 6423
3 6492
3 6510
3 6513
3 6790
3 6961
3 6985
3 7054
3 7129
3 7307
3 7473
3 7583
3 7641
3 7649
3 7737
3 8100
3 8107
3 8381
3 8411
3 8704
3 8960
3 8966
3 9145
3 9230
3 9384
3 9651
3 9818
3 9952
4 53
4 175
4 202
4 288
4 393
4 425
4 522
4 610
4 737
4 783
4 828
4 937
4 998
4 1195
4 1246
4 1267
4 1296
4 1339
4 1503
4 1505
4 1680
4 1800
4 1886
4 1919
4 1948
4 1980
4 2033
4 2050
4 2204
4 2211
4 2249
4 2257
4 2277
4 2299
4 2364
4 2407
4 2528
4 2608
4 2671
4 2821
4 2963
4 2986
4 2997
4 3191
4 3430
4 3522
4 3674
4 3725
4 3760
4 3995
4 4072
4 4091
4 4179
4 4257
4 4272
4 4366
4 4622
4 4662
4 4672
4 4737
4 4799
4 4823
4 4899
4 4993
4 5017
4 5023
4 5323
4 5460
4 5751
4 5763
4 5961
4 6035
4 6111
4 6306
4 6357
4 6490
4 6890
4 6905
4 6926
4 7134
4 7281
4 7320
4 7366
4 7375
4 7562
4 7573
4 7592
4 7667
4 8010
4 8084
4 8140
4 8377
4 8430
4 8522
4 8743
4 8883
4 8912
4 8962
4 9029
4 9040
4 9052
4 9153
4 9264
4 9329
4 9405
4 9662
4 9752
4 9816
4 9965
5 14
5 22
5 25
5 456
5 514
5 575
5 705
5 952
5 1069
5 1078
5 1239
5 1259
5 1746
5 1907
5 1964
5 1973
5 1996
5 2067
5 2100
5 2249
5 2419
5 2716
5 2752
5 2793
5 2945
5 3066
5 3122
5 3123
5 3178
5 3295
5 3359
5 3447
5 3539
5 3743
5 3972
5 3994
5 4057
5 4116
5 4345
5 4369
5 4599
5 4655
5 4800
5 4909
5 5142
5 5196
5 5254
5 5270
5 5380
5 5840
5 6108
5 6309
5 6451
5 6837
5 7010
5 7016
5 7066
5 7266
5 7493
5 7545
5 7553
5 7619
5 7927
5 7972
5 7992
5 8028
5 8183
5 8340
5 8418
5 8427
5 8510
5 8614
5 8767
5 9084
5 9120
5 9390
5 9461
5 9553
5 9574
5 9820
5 9835
5 9875
5 9924
5 9953
5 9990
6 38
6 108
6 139
6 624
6 688
6 766
6 774
6 884
6 901
6 1184
6 1243
6 1284
6 1305
6 1336
6 1337
6 1387
6 1501
6 1574
6 1778
6 1795
6 1893
6 2038
6 2043
6 2069
6 2144
6 2366
6 2378
6 2430
6 2863
6 2873
6 3163
6 3391
6 3683
6 3710
6 3814
6 3960
6 4022
6 4034
6 4106
6 4124
6 4255
6 4271
6 4277
6 4306
6 4321
6 4519
6 4641
6 4708
6 4796
6 4819
6 5167
6 5203
6 5271
6 5466
6 5549
6 5685
6 5810
6 5893
6 5989
6 6288
6 6445
6 6494
6 6540
6 6549
6 6614
6 6813
6 6866
6 6907
6 7049
6 7083
6 7210
6 7460
6 7720
6 7976
6 8176
6 8222
6 8337
6 8382
6 8417
6 8429
6 8447
6 8641
6 8762
6 8835
6 8847
6 9010
6 9150
6 9167
6 9411
6 9429
6 9616
6 9620
6 9689
6 9793
6 9934
6 9958
7 23
7 79
7 92
7 105
7 318
7 360
7 413
7 443
7 589
7 620
7 649
7 880
7 882
7 1294
7 1346
7 1394
7 1533
7 1550
7 1664
7 1920
7 2092
7 2094
7 2116
7 2334
7 2492
7 2507
7 2631
7 2853
7 3005
7 3101
7 3126
7 3325
7 3521
7 3572
7 3672
7 3772
7 3884
7 3913
7 3963
7 4079
7 4175
7 4214
7 4245
7 4274
7 4454
7 4704
7 4996
7 5110
7 5150
7 5211
7 5362
7 5455
7 5657
7 5866
7 5891
7 6133
7 6215
7 6256
7 6262
7 6347
7 6392
7 6554
7 6571
7 6653
7 6686
7 7009
7 7131
7 7247
7 7264
7 7565
7 7782
7 7796
7 7833
7 8022
7 8085
7 8255
7 8580
7 8662
7 8766
7 8773
7 8794
7 8823
7 8886
7 9021
7 9049
7 9177
7 9287
7 9598
7 9605
7 9684
7 9685
7 9939
8 321
8 332
8 394
8 480
8 546
8 579
8 637
8 943
8 1009
8 1206
8 1266
8 1286
8 1497
8 1590
8 1678
8 1705
8 1710
8 1766
8 1923
8 2037
8 2055
8 2193
8 2221
8 2245
8 2258
8 2474
8 2933
8 2944
8 3212
8 3373
8 3460
8 3480
8 3587
8 3699
8 3708
8 3751
8 3825
8 4055
8 4184
8 4292
8 4349
8 4498
8 4504
8 4607
8 4692
8 4700
8 4741
8 4928
8 5000
8 5046
8 5091
8 5139
8 5161
8 5191
8 5199
8 5218
8 5345
8 5348
8 5543
8 5737
8 5838
8 5942
8 6055
8 6088
8 6112
8 6141
8 6178
8 6197
8 6286
8 6465
8 6713
8 6868
8 6894
8 7011
8 7294
8 7313
8 7535
8 7566
8 7686
8 7877
8 8043
8 8096
8 8114
8 8171
8 8325
8 8351
8 8530
8 8569
8 8571
8 8735
8 8885
8 8950
8 8996
8 9054
8 9130
8 9573
8 9581
8 9872
8 9988
9 13
9 52
9 174
9 274
9 317
9 343
9 595
9 618
9 728
9 729
9 928
9 1227
9 1293
9 1316
9 1419
9 1467
9 1552
9 1652
9 1751
9 1899
9 1933
9 2342
9 2410
9 2427
9 2620
9 2700
9 2717
9 2799
9 3018
9 3071
9 3097
9 3207
9 3252
9 3420
9 3438
9 3779
9 4040
9 4074
9 4112
9 4316
9 4335
9 4385
9 4524
9 4944
9 4987
9 5184
9 5291
9 5671
9 5707
9 5936
9 6063
9 6161
9 6179
9 6233
9 6427
9 6449
9 6581
9 6583
9 6606
9 6735
9 6751
9 6820
9 6988
9 7033
9 7056
9 7090
9 7186
9 7232
9 7298
9 7370
9 7660
9 7731
9 7752
9 7876
9 7901
9 8099
9 8161
9 8344
9 8395
9 8578
9 8783
9 8907
9 8945
9 9005
9 9090
9 9158
9 9159
9 9318
9 9520
9 9859
9 9984
10 248
10 351
10 370
10 550
10 654
10 662
10 673
10 734
10 842
10 858
10 894
10 935
10 1329
10 1353
10 1465
10 1489
10 1527
10 1573
10 1667
10 1793
10 1942
10 1963
10 2085
10 2215
10 2531
10 2574
10 2727
10 2913
10 2969
10 3024
10 3040
10 3102
10 3165
10 3372
10 3444
10 3517
10 3560
10 3583
10 3591
10 3745
10 3802
10 3869
10 3949
10 4089
10 4537
10 4541
10 4570
10 4675
10 4679
10 4682
10 4750
10 4855
10 4927
10 5116
10 5285
10 5443
10 5449
10 5479
10 5579
10 5587
10 5742
10 5846
10 6033
10 6120
10 6168
10 6170
10 6332
10 6335
10 6399
10 6413
10 6657
10 6676
10 6704
10 6853
10 7062
10 7274
10 7360
10 7381
10 7437
10 7853
10 8090
10 8177
10 8199
10 8289
10 8367
10 8396
10 8527
10 8658
10 8775
10 8776
10 9073
10 9583
10 9686
10 9751
10 9855
10 9867
11 184
11 289
11 352
11 552
11 787
11 1103
11 1292
11 1309
11 1328
11 1457
11 1486
11 1597
11 1760
11 1796
11 1994
11 2117
11 2402
11 2452
11 2513
11 2562
11 2593
11 2719
11 2759
11 2835
11 2914
11 3152
11 3284
11 3360
11 3433
11 3485
11 3655
11 3758
11 3966
11 4049
11 4278
11 4409
11 4499
11 4526
11 4851
11 4904
11 4923
11 5022
11 5106
11 5165
11 5356
11 5365
11 5377
11 5629
11 5823
11 6124
11 6514
11 6587
11 6599
11 6609
11 6743
11 6774
11 6893
11 6927
11 7052
11 7110
11 7324
11 7354
11 7409
11 7532
11 7550
11 7668
11 7672
11 7787
11 7792
11 7994
11 8055
11 8203
11 8264
11 8362
11 8513
11 8675
11 8890
11 8930
11 8990
11 9100
11 9175
11 9202
11 9206
11 9213
11 9312
11 9402
11 9433
11 9475
11 9511
11 9607
11 9882
11 9993
12 240
12 390
12 832
12 964
12 1015
12 1044
12 1086
12 1135
12 1232
12 1273
12 1401
12 1533
12 1704
12 1742
12 1881
12 1940
12 2096
12 2149
12 2255
12 2326
12 2726
12 2815
12 2996
12 3079
12 3162
12 3368
12 3376
12 3564
12 3599
12 3754
12 3957
12 4578
12 4652
12 4730
12 4804
12 4846
12 4849
12 4887
12 5491
12 5559
12 5564
12 5593
12 5889
12 5908
12 5949
12 6084
12 6231
12 6265
12 6446
12 6504
12 6522
12 6567
12 6797
12 6930
12 7015
12 7060
12 7169
12 7380
12 7423
12 7602
12 7688
12 7869
12 8078
12 8251
12 8293
12 8359
12 8540
12 8666
12 8736
12 9093
12 9194
12 9215
12 9330
12 9375
12 9515
12 9561
12 9571
12 9593
12 9630
12 9669
12 9914
13 90
13 147
13 182
13 358
13 585
13 601
13 748
13 750
13 775
13 848
13 1101
13 1151
13 1241
13 1263
13 1468
13 1502
13 1609
13 1630
13 1671
13 1675
13 1688
13 1737
13 2013
13 2034
13 2083
13 2139
13 2229
13 2465
13 2478
13 2485
13 2644
13 2734
13 2834
13 2866
13 3043
13 3070
13 3073
13 3189
13 3237
13 3432
13 3520
13 3627
13 3899
13 4010
13 4038
13 4090
13 4205
13 4270
13 4307
13 4416
13 4438
13 4479
13 4511
13 4531
13 4539
13 4581
13 4593
13 4600
13 4615
13 4733
13 4858
13 4889
13 4906
13 4957
13 5164
13 5426
13 5717
13 5833
13 5864
13 5937
13 5974
13 5985
13 6162
13 6366
13 6443
13 6535
13 6638
13 6712
13 6757
13 6767
13 6777
13 6839
13 6879
13 6889
13 6911
13 6951
13 7014
13 7031
13 7478
13 7521
13 7556
13 7586
13 7594
13 7739
13 7760
13 7807
13 7819
13 8117
13 8216
13 8374
13 8405
13 8781
13 8856
13 9047
13 9113
13 9170
13 9189
13 9190
13 9418
13 9529
13 9663
13 9675
14 134
14 392
14 436
14 577
14 588
14 625
14 639
14 971
14 987
14 1150
14 1418
14 1447
14 1592
14 1608
14 1628
14 1646
14 1668
14 2030
14 2057
14 2071
14 2118
14 2129
14 2207
14 2610
14 2653
14 2683
14 2774
14 2788
14 2829
14 2860
14 2865
14 2943
14 3060
14 3175
14 3406
14 3566
14 3588
14 3789
14 3956
14 4125
14 4240
14 4374
14 4490
14 4518
14 4870
14 5003
14 5039
14 5121
14 5172
14 5213
14 5319
14 5379
14 5529
14 5724
14 5816
14 5882
14 6123
14 6127
14 6472
14 6585
14 6666
14 6960
14 7035
14 7217
14 7279
14 7554
14 7695
14 7761
14 7771
14 8490
14 8761
14 8779
14 9204
14 9255
14 9506
14 9532
14 9595
14 9849
15 243
15 282
15 318
15 345
15 542
15 814
15 903
15 953
15 1224
15 1375
15 1420
15 1490
15 1695
15 1873
15 1981
15 2214
15 2220
15 2231
15 2254
15 2451
15 2537
15 2542
15 2580
15 2803
15 3344
15 3509
15 3543
15 3666
15 3860
15 3930
15 3940
15 4310
15 4592
15 4638
15 4677
15 4925
15 4970
15 5082
15 5138
15 5599
15 5858
15 6006
15 6068
15 6096
15 6130
15 6546
15 6709
15 6768
15 6829
15 6883
15 7007
15 7125
15 7162
15 7260
15 7635
15 7687
15 7736
15 7965
15 7974
15 8034
15 8053
15 8054
15 8072
15 8220
15 8230
15 8346
15 8475
15 8573
15 8590
15 8631
15 8772
15 8904
15 8917
15 8922
15 8938
15 8939
15 9024
15 9128
15 9333
15 9358
15 9431
15 9513
15 9691
15 9794
15 9874
15 9878
15 9888
15 9893
15 9895
15 9996
16 149
16 412
16 415
16 799
16 824
16 1032
16 1140
16 1192
16 1200
16 1283
16 1564
16 1646
16 1775
16 2039
16 2076
16 2077
16 2331
16 2351
16 2469
16 2490
16 2641
16 2715
16 2744
16 2814
16 2819
16 2956
16 3272
16 3279
16 3402
16 3435
16 3603
16 3715
16 3959
16 4140
16 4379
16 4395
16 4439
16 4463
16 4496
16 4767
16 4772
16 5132
16 5209
16 5312
16 5392
16 5563
16 5637
16 5722
16 5792
16 5845
16 5900
16 5928
16 6110
16 6402
16 6450
16 6572
16 6588
16 6667
16 6695
16 6724
16 6810
16 6854
16 6881
16 7044
16 7282
16 7722
16 7937
16 7996
16 8050
16 8246
16 8281
16 8361
16 8753
16 8863
16 8931
16 9112
16 9149
16 9266
16 9283
16 9308
16 9585
16 9817
16 9865
17 49
17 256
17 535
17 540
17 670
17 709
17 711
17 766
17 1090
17 1164
17 1166
17 1424
17 1425
17 1443
17 1510
17 1537
17 1561
17 1599
17 1711
17 1794
17 1822
17 1928
17 2018
17 2127
17 2317
17 2424
17 2533
17 2568
17 2570
17 2637
17 2714
17 3144
17 3276
17 3315
17 3369
17 3437
17 3739
17 3759
17 3838
17 4020
17 4097
17 4135
17 4212
17 4298
17 4406
17 4441
17 4698
17 4894
17 5074
17 5094
17 5279
17 5735
17 5888
17 6036
17 6057
17 6483
17 6605
17 6855
17 7209
17 7233
17 7286
17 7746
17 7804
17 7821
17 8017
17 8029
17 8040
17 8068
17 8095
17 8175
17 8302
17 8342
17 8376
17 8568
17 8684
17 8891
17 9067
17 9250
17 9281
17 9336
17 9399
17 9472
17 9726
17 9762
17 9768
17 9907
17 9923
18 95
18 180
18 366
18 463
18 465
18 673
18 793
18 889
18 1172
18 1642
18 1828
18 1874
18 1904
18 1930
18 2347
18 2439
18 2475
18 2482
18 2483
18 2696
18 3020
18 3135
18 3321
18 3505
18 3516
18 3524
18 3528
18 3569
18 3592
18 3717
18 3762
18 3790
18 3872
18 3926
18 3976
18 4064
18 4111
18 4161
18 4174
18 4311
18 4359
18 4430
18 4442
18 4558
18 4613
18 4676
18 4716
18 4728
18 4929
18 5105
18 5388
18 5441
18 5588
18 5723
18 5779
18 5941
18 5963
18 5976
18 6049
18 6149
18 6189
18 6390
18 6498
18 6616
18 6784
18 6944
18 6982
18 7167
18 7331
18 7778
18 7822
18 7831
18 8368
18 8552
18 8801
18 9041
18 9228
18 9232
18 9388
18 9704
18 9719
18 9776
19 94
19 205
19 249
19 395
19 818
19 877
19 918
19 936
19 1232
19 1485
19 1595
19 1848
19 1911
19 1915
19 2061
19 2494
19 2506
19 2599
19 3022
19 3033
19 3093
19 3197
19 3243
19 3311
19 3690
19 3738
19 3818
19 4145
19 4231
19 4604
19 4725
19 4757
19 4971
19 5490
19 5533
19 5583
19 5596
19 5798
19 5827
19 5861
19 5883
19 5915
19 6195
19 6291
19 6349
19 6416
19 6538
19 6746
19 6763
19 7072
19 7152
19 7415
19 7570
19 7591
19 7643
19 7711
19 7780
19 8001
19 8079
19 8142
19 8184
19 8195
19 8455
19 8591
19 8882
19 8985
19 9034
19 9272
19 9356
19 9550
19 9625
19 9653
19 9716
20 134
20 376
20 707
20 905
20 946
20 1067
20 1156
20 1217
20 1233
20 1345
20 1349
20 1448
20 1685
20 1738
20 1754
20 1846
20 1854
20 1972
20 2462
20 2576
20 2594
20 2672
20 3130
20 3200
20 3216
20 3239
20 3473
20 3536
20 3929
20 4186
20 4213
20 4481
20 4565
20 4803
20 4860
20 4918
20 5265
20 5277
20 5546
20 5592
20 5597
20 5789
20 5835
20 5849
20 5878
20 5890
20 6156
20 6219
20 6304
20 6444
20 6665
20 7187
20 7188
20 7314
20 7367
20 7482
20 7567
20 7963
20 7968
20 8061
20 8150
20 8165
20 8212
20 8543
20 8685
20 8821
20 9023
20 9048
20 9313
20 9385
20 9545
20 9548
20 9852
21 356
21 358
21 385
21 430
21 582
21 759
21 781
21 865
21 912
21 985
21 1165
21 1524
21 1588
21 1825
21 1863
21 2234
21 2263
21 2394
21 2567
21 2591
21 2713
21 2932
21 3090
21 3205
21 3240
21 3254
21 3527
21 3631
21 3839
21 4018
21 4299
21 4398
21 4582
21 4625
21 5239
21 5336
21 5399
21 5400
21 5406
21 5604
21 5660
21 5692
21 5727
21 5880
21 6375
21 6389
21 6530
21 6613
21 6643
21 6702
21 6849
21 7238
21 7255
21 7271
21 7333
21 7337
21 7461
21 7681
21 7770
21 7794
21 7838
21 8109
21 8210
21 8240
21 8265
21 8400
21 8497
21 8534
21 8637
21 9109
21 9162
21 9179
21 9208
21 9344
21 9361
21 9365
21 9677
21 9688
21 9717
21 9905
22 40
22 251
22 255
22 263
22 297
22 316
22 403
22 604
22 866
22 874
22 886
22 1764
22 1985
22 2028
22 2032
22 2036
22 2720
22 3110
22 3313
22 3705
22 3712
22 3797
22 4006
22 4134
22 4193
22 4209
22 4287
22 4312
22 4319
22 4328
22 4512
22 4897
22 5158
22 5181
22 5262
22 5411
22 5450
22 5694
22 5997
22 6216
22 6475
22 6918
22 6936
22 7043
22 7196
22 7224
22 7435
22 7462
22 7714
22 7814
22 7849
22 7858
22 7866
22 7967
22 8366
22 8445
22 8608
22 8764
22 8796
22 8805
22 8900
22 9214
22 9263
22 9408
22 9471
22 9493
22 9504
22 9544
22 9703
22 9721
22 9854
22 9919
22 9927
22 9991
23 377
23 530
23 658
23 769
23 817
23 897
23 1002
23 1010
23 1167
23 1250
23 1315
23 1522
23 1594
23 1666
23 1939
23 1982
23 2600
23 2627
23 2693
23 2723
23 2771
23 2817
23 2871
23 3209
23 3260
23 3422
23 3604
23 3735
23 3812
23 3851
23 3962
23 4232
23 4238
23 4266
23 4522
23 4702
23 4723
23 4726
23 4765
23 4905
23 5058
23 5425
23 5498
23 5512
23 5691
23 5777
23 5934
23 5991
23 6013
23 6031
23 6081
23 6229
23 6230
23 6355
23 6550
23 6619
23 6697
23 6838
23 6920
23 6949
23 7112
23 7166
23 7252
23 7444
23 7479
23 7483
23 7599
23 7644
23 7689
23 7863
23 7889
23 7981
23 8087
23 8214
23 8318
23 8347
23 8680
23 8698
23 8792
23 8936
23 8951
23 9015
23 9134
23 9289
23 9303
23 9597
23 9876
23 9961
24 66
24 67
24 158
24 212
24 587
24 726
24 855
24 1012
24 1064
24 1233
24 1242
24 1383
24 1405
24 1512
24 1558
24 1677
24 1729
24 1849
24 1856
24 2328
24 2376
24 2444
24 2454
24 2701
24 2768
24 2884
24 3174
24 3246
24 3255
24 3277
24 3299
24 3413
24 3553
24 3570
24 3648
24 3696
24 3768
24 3855
24 4094
24 4121
24 4258
24 4445
24 4627
24 4768
24 5223
24 5250
24 5412
24 5535
24 5621
24 5734
24 5760
24 5820
24 5921
24 6155
24 6158
24 6164
24 6295
24 6367
24 6374
24 6397
24 6412
24 6625
24 6711
24 6815
24 6970
24 7017
24 7340
24 7430
24 7434
24 7443
24 7633
24 7662
24 7700
24 7832
24 7909
24 8160
24 8308
24 8392
24 8479
24 8480
24 8633
24 9011
24 9291
24 9432
24 9443
24 9448
24 9495
24 9542
24 9554
24 9567
24 9588
24 9631
24 9655
24 9827
24 9869
25 163
25 440
25 453
25 626
25 1035
25 1083
25 1185
25 1211
25 1414
25 1475
25 1496
25 1612
25 1672
25 1802
25 1961
25 2029
25 2066
25 2136
25 2217
25 2256
25 2415
25 2477
25 2652
25 2657
25 3143
25 3580
25 3912
25 3918
25 4108
25 4123
25 4210
25 4408
25 4594
25 4630
25 4649
25 5047
25 5053
25 5202
25 5417
25 5448
25 5877
25 5922
25 6032
25 6052
25 6086
25 6214
25 6345
25 6632
25 6681
25 6710
25 7088
25 7144
25 7407
25 7679
25 7840
25 7861
25 8089
25 8135
25 8402
25 8474
25 8481
25 8713
25 8884
25 9004
25 9110
25 9572
25 9706
25 9737
25 9749
25 9788
26 180
26 233
26 397
26 468
26 489
26 512
26 986
26 1123
26 1289
26 1334
26 1352
26 1429
26 1536
26 2017
26 2091
26 2131
26 2200
26 2308
26 2382
26 2387
26 2453
26 2579
26 2761
26 2879
26 3023
26 3177
26 3187
26 3257
26 3319
26 3616
26 3987
26 3989
26 4063
26 4204
26 4262
26 4363
26 4560
26 4699
26 4752
26 4914
26 5159
26 5212
26 5298
26 5329
26 5343
26 5363
26 5416
26 5709
26 5859
26 5988
26 6171
26 6274
26 6315
26 6467
26 6551
26 6611
26 6621
26 6662
26 6865
26 6972
26 7058
26 7159
26 7211
26 7384
26 7398
26 7638
26 7783
26 8026
26 8120
26 8269
26 8277
26 8358
26 8375
26 8441
26 8459
26 8576
26 8621
26 8691
26 8720
26 8787
26 8964
26 9205
26 9317
26 9334
26 9394
26 9676
26 9748
26 9881
26 9911
27 101
27 140
27 209
27 312
27 341
27 345
27 411
27 567
27 634
27 833
27 909
27 965
27 967
27 1048
27 1049
27 1252
27 1335
27 1511
27 1752
27 2179
27 2302
27 2340
27 2426
27 2555
27 2563
27 2622
27 2745
27 2750
27 2800
27 2840
27 3341
27 3638
27 4165
27 4431
27 4448
27 4602
27 4736
27 4805
27 5006
27 5071
27 5103
27 5104
27 5125
27 5173
27 5666
27 5834
27 6044
27 6401
27 6552
27 6655
27 6765
27 6808
27 7061
27 7230
27 7237
27 7394
27 7452
27 7464
27 7527
27 7637
27 7697
27 7975
27 8042
27 8122
27 8164
27 8172
27 8345
27 8532
27 8739
27 8746
27 8831
27 8895
27 8929
27 9043
27 9068
27 9146
27 9462
27 9465
27 9843
27 9863
28 190
28 224
28 317
28 692
28 715
28 716
28 786
28 1025
28 1095
28 1191
28 1258
28 1350
28 1530
28 1543
28 1789
28 1877
28 2538
28 2998
28 3078
28 3282
28 3286
28 3310
28 3322
28 3938
28 4217
28 4264
28 4610
28 4666
28 4867
28 4946
28 5230
28 5287
28 5458
28 5673
28 5726
28 5790
28 5804
28 5813
28 5906
28 6201
28 6346
28 6455
28 6553
28 6649
28 6758
28 6805
28 6862
28 7074
28 7177
28 7206
28 7428
28 7485
28 7820
28 8070
28 8467
28 8694
28 8750
28 8832
28 9018
28 9324
28 9353
28 9383
28 9539
28 9692
28 9695
28 9715
28 9744
28 9760
28 9761
28 9967
29 167
29 242
29 286
29 314
29 451
29 462
29 706
29 798
29 857
29 904
29 942
29 1134
29 1314
29 1329
29 1408
29 1636
29 1702
29 1779
29 1815
29 2095
29 2357
29 2413
29 2802
29 2957
29 2967
29 3030
29 3247
29 3331
29 3530
29 3637
29 3664
29 3834
29 3908
29 3946
29 4028
29 4263
29 4291
29 4293
29 4334
29 4595
29 4729
29 5062
29 5188
29 5295
29 5711
29 5801
29 6100
29 6260
29 6261
29 6280
29 6334
29 6419
29 6432
29 6493
29 6562
29 6721
29 6975
29 7097
29 7308
29 7335
29 7365
29 7684
29 7973
29 8119
29 8501
29 8560
29 8567
29 8737
29 8757
29 9181
29 9396
29 9833
29 9891
30 164
30 194
30 223
30 384
30 390
30 494
30 501
30 596
30 836
30 999
30 1137
30 1393
30 1449
30 1600
30 1852
30 1971
30 1992
30 2049
30 2105
30 2145
30 2161
30 2222
30 2417
30 2586
30 2668
30 3012
30 3039
30 3114
30 3448
30 3689
30 3778
30 3827
30 4156
30 4493
30 4515
30 4886
30 4932
30 5252
30 5263
30 5427
30 5618
30 5640
30 5912
30 5951
30 6333
30 6499
30 6644
30 6723
30 6770
30 6814
30 6939
30 7132
30 7222
30 7511
30 7621
30 7703
30 8006
30 8037
30 8156
30 8245
30 8434
30 8562
30 8843
30 8965
30 9017
30 9138
30 9141
30 9326
30 9340
30 9359
30 9779
30 9824
30 9841
30 9848
31 217
31 404
31 522
31 891
31 900
31 1102
31 1155
31 1188
31 1229
31 1301
31 1699
31 1960
31 2596
31 2749
31 2952
31 3125
31 3198
31 3482
31 3784
31 3958
31 4080
31 4139
31 4393
31 4520
31 4820
31 5226
31 5231
31 5257
31 5337
31 5482
31 5623
31 5656
31 5713
31 5733
31 5938
31 6060
31 6470
31 6626
31 6771
31 6995
31 7173
31 7216
31 7295
31 7455
31 7701
31 7828
31 7919
31 8134
31 8320
31 8336
31 8404
31 8478
31 8487
31 8690
31 8830
31 9063
31 9092
31 9611
31 9889
32 96
32 109
32 173
32 273
32 391
32 644
32 706
32 819
32 844
32 871
32 1226
32 1287
32 1392
32 1452
32 1521
32 1579
32 1769
32 2041
32 2148
32 2213
32 2268
32 2590
32 2609
32 2731
32 2896
32 2907
32 2920
32 3158
32 3314
32 3405
32 3974
32 3975
32 4068
32 4081
32 4100
32 4189
32 4237
32 4718
32 4760
32 4872
32 4934
32 4986
32 5027
32 5313
32 5346
32 5624
32 5705
32 5822
32 5852
32 5895
32 6024
32 6034
32 6079
32 6199
32 6329
32 6435
32 6660
32 6787
32 6794
32 7105
32 7205
32 7245
32 7262
32 7269
32 7617
32 7636
32 7655
32 7685
32 7872
32 8035
32 8311
32 8406
32 8659
32 8747
32 8902
32 9036
32 9046
32 9386
32 9497
32 9627
32 9668
32 9711
32 9742
33 49
33 62
33 632
33 648
33 767
33 957
33 1028
33 1085
33 1253
33 1580
33 1697
33 1728
33 1880
33 1898
33 1922
33 2082
33 2087
33 2247
33 2467
33 2521
33 2561
33 2618
33 2687
33 2804
33 2806
33 2878
33 3134
33 3142
33 3397
33 3481
33 3613
33 3669
33 3807
33 3826
33 3889
33 4045
33 4256
33 4469
33 4556
33 4580
33 4611
33 4738
33 5055
33 5225
33 5766
33 5821
33 5946
33 5981
33 6045
33 6184
33 6485
33 6558
33 6842
33 6888
33 6902
33 6932
33 7032
33 7352
33 7414
33 7659
33 7710
33 7713
33 7734
33 8071
33 8363
33 8639
33 8652
33 8768
33 8915
33 9393
33 9468
33 9551
33 9784
33 9883
34 66
34 146
34 250
34 315
34 342
34 447
34 717
34 945
34 1163
34 1330
34 1373
34 1617
34 1690
34 1714
34 2499
34 2607
34 2699
34 2775
34 3151
34 3639
34 3658
34 3676
34 3693
34 3741
34 3841
34 3842
34 4113
34 4254
34 4563
34 4669
34 4808
34 4881
34 5111
34 5216
34 5372
34 5461
34 5485
34 5538
34 5611
34 5627
34 5630
34 5761
34 5886
34 5959
34 6276
34 6294
34 6378
34 6487
34 6586
34 6706
34 6782
34 7036
34 7240
34 7263
34 7369
34 7723
34 7753
34 7788
34 7815
34 7818
34 8088
34 8217
34 8241
34 8379
34 8386
34 8537
34 8824
34 8888
34 9220
34 9376
35 39
35 124
35 171
35 250
35 659
35 875
35 910
35 1153
35 1171
35 1177
35 1231
35 1237
35 1320
35 1359
35 1525
35 1827
35 1896
35 1959
35 2224
35 2970
35 3297
35 3339
35 3354
35 3767
35 3844
35 4077
35 4236
35 4358
35 4370
35 4418
35 4883
35 5092
35 5349
35 5500
35 5554
35 5744
35 5806
35 6221
35 6348
35 6534
35 6555
35 6680
35 6734
35 6884
35 7079
35 7093
35 7342
35 7475
35 7929
35 7947
35 8157
35 8233
35 8536
35 8598
35 9095
35 9233
35 9301
35 9488
35 9496
35 9556
35 9638
35 9664
35 9746
35 9769
36 163
36 235
36 252
36 584
36 820
36 898
36 1050
36 1066
36 1435
36 1591
36 1713
36 2267
36 2754
36 2809
36 2922
36 2959
36 3087
36 3264
36 3718
36 3765
36 3907
36 3928
36 4425
36 4456
36 4616
36 4634
36 4635
36 4794
36 4961
36 5189
36 5386
36 5720
36 5750
36 5759
36 5807
36 5960
36 6119
36 6438
36 6459
36 6556
36 6802
36 6958
36 7191
36 7310
36 7762
36 7785
36 7836
36 7874
36 7944
36 7953
36 8389
36 8412
36 8596
36 8715
36 8734
36 8808
36 8896
36 8906
36 8983
36 9022
36 9154
36 9160
36 9398
36 9413
36 9604
36 9915
37 90
37 114
37 200
37 247
37 267
37 276
37 549
37 722
37 773
37 788
37 876
37 927
37 966
37 978
37 1324
37 1327
37 1398
37 1483
37 1491
37 1712
37 1819
37 1845
37 1912
37 2235
37 2312
37 2572
37 2743
37 2848
37 3222
37 3408
37 3864
37 4188
37 4329
37 4332
37 4417
37 4587
37 4930
37 5034
37 5107
37 5327
37 5488
37 5929
37 5978
37 6047
37 6257
37 6372
37 6384
37 6725
37 7474
37 7620
37 7626
37 7680
37 7719
37 7744
37 8278
37 8460
37 8777
37 9310
37 9377
37 9400
37 9736
37 9814
37 9837
37 9979
37 9985
38 254
38 280
38 419
38 563
38 572
38 602
38 762
38 914
38 926
38 1362
38 1410
38 1520
38 1648
38 1681
38 2074
38 2088
38 2333
38 2414
38 2615
38 2643
38 2897
38 3195
38 3308
38 3383
38 3462
38 3468
38 3484
38 4320
38 4388
38 4843
38 5301
38 5464
38 5570
38 5812
38 6116
38 6147
38 6235
38 6325
38 6512
38 6561
38 7023
38 7102
38 7109
38 7140
38 7156
38 7220
38 7235
38 7363
38 7465
38 7496
38 7560
38 7613
38 7802
38 7847
38 7925
38 8275
38 8703
38 8923
38 8987
38 9373
38 9407
38 9547
38 9650
38 9690
38 9753
38 9786
38 9908
38 9932
39 196
39 201
39 206
39 216
39 479
39 506
39 516
39 581
39 645
39 761
39 826
39 1034
39 1111
39 1127
39 1321
39 1370
39 1390
39 1454
39 1517
39 1545
39 1632
39 1732
39 1866
39 1867
39 2122
39 2208
39 2498
39 2839
39 2908
39 2917
39 3411
39 3471
39 3533
39 3554
39 3584
39 3601
39 3615
39 3694
39 3783
39 3808
39 4023
39 4267
39 4394
39 5127
39 5501
39 5558
39 5748
39 5793
39 6246
39 6290
39 6356
39 6507
39 6634
39 6668
39 6793
39 6966
39 7003
39 7028
39 7067
39 7184
39 7190
39 7194
39 7226
39 7305
39 7390
39 7514
39 7699
39 7715
39 7790
39 7856
39 7857
39 7950
39 8105
39 8238
39 8352
39 8355
39 8604
39 8754
39 8816
39 8868
39 8997
39 9072
39 9124
39 9265
39 9660
39 9681
40 63
40 191
40 300
40 401
40 638
40 869
40 948
40 1721
40 1767
40 1962
40 2006
40 2184
40 2187
40 2438
40 2532
40 2553
40 2748
40 2994
40 3138
40 3287
40 3334
40 3535
40 3551
40 3552
40 3632
40 3711
40 3788
40 3922
40 4008
40 4457
40 4532
40 4561
40 4680
40 4701
40 4965
40 5030
40 5073
40 5233
40 5395
40 5686
40 5830
40 5894
40 5939
40 6010
40 6143
40 6692
40 6912
40 6913
40 6954
40 6999
40 7339
40 7824
40 8496
40 8731
40 8748
40 8849
40 9057
40 9143
40 9226
41 127
41 170
41 221
41 288
41 476
41 492
41 789
41 805
41 879
41 881
41 1614
41 1840
41 2522
41 2589
41 2686
41 2836
41 2948
41 2985
41 3258
41 3266
41 3382
41 3721
41 3879
41 3909
41 4415
41 4455
41 4693
41 4709
41 4771
41 5130
41 5853
41 5910
41 6041
41 6069
41 6082
41 6240
41 6267
41 6271
41 6447
41 6518
41 7019
41 7311
41 7327
41 7603
41 7748
41 8007
41 8407
41 8451
41 8556
41 8572
41 8589
41 8819
41 8865
41 8947
41 9042
41 9080
41 9352
41 9540
41 9546
41 9636
41 9687
41 9947
41 9959
42 49
42 77
42 264
42 400
42 444
42 469
42 528
42 756
42 779
42 933
42 1084
42 1318
42 1479
42 1506
42 1835
42 1876
42 2227
42 2341
42 2681
42 2758
42 2796
42 3141
42 4187
42 4435
42 4591
42 4598
42 5078
42 5258
42 5424
42 5462
42 5516
42 5520
42 5622
42 5684
42 5943
42 6080
42 6277
42 6322
42 6336
42 6415
42 6693
42 6830
42 7021
42 7198
42 7450
42 7458
42 7595
42 7648
42 7721
42 7793
42 7899
42 8115
42 8116
42 8128
42 8138
42 8262
42 8290
42 8341
42 8369
42 8638
42 8661
42 8721
42 8780
42 8817
42 8842
42 8976
42 9172
42 9252
42 9286
42 9372
42 9438
42 9514
42 9885
43 87
43 147
43 396
43 725
43 991
43 1205
43 1223
43 1367
43 1396
43 1413
43 1860
43 2001
43 2325
43 2343
43 2432
43 2466
43 2473
43 2515
43 2565
43 3042
43 3068
43 3080
43 3109
43 3253
43 3464
43 3546
43 3695
43 3756
43 3794
43 3887
43 3999
43 4051
43 4169
43 4185
43 4243
43 4308
43 4400
43 4510
43 4720
43 4822
43 5129
43 5207
43 5215
43 5222
43 5276
43 5383
43 6223
43 6407
43 6453
43 6591
43 6642
43 6824
43 6964
43 7288
43 7449
43 7542
43 7555
43 8319
43 8494
43 8539
43 8646
43 8649
43 8682
43 8752
43 8970
43 9039
43 9201
43 9327
43 9444
43 9626
43 9815
43 9860
43 9904
44 78
44 417
44 654
44 796
44 851
44 1053
44 1325
44 1364
44 1365
44 1633
44 1657
44 1935
44 2058
44 2261
44 2288
44 2397
44 2445
44 2789
44 2961
44 3220
44 3280
44 3479
44 3598
44 3692
44 3746
44 4070
44 4093
44 4160
44 4462
44 4562
44 4642
44 4690
44 4937
44 5019
44 5044
44 5109
44 5134
44 5303
44 5396
44 5633
44 5865
44 5919
44 6003
44 6028
44 6300
44 6342
44 6344
44 6352
44 6464
44 6699
44 6945
44 7296
44 7329
44 7608
44 7873
44 8190
44 8428
44 8557
44 8593
44 8645
44 8674
44 8751
44 8799
44 9243
44 9343
44 9456
44 9509
44 9601
44 9962
45 140
45 145
45 162
45 172
45 608
45 731
45 860
45 1017
45 1033
45 1152
45 1178
45 1280
45 1295
45 1363
45 1850
45 2023
45 2368
45 2406
45 2566
45 2604
45 2733
45 2880
45 2953
45 2954
45 3026
45 3034
45 3128
45 3335
45 3396
45 3401
45 3434
45 3644
45 4032
45 4058
45 4076
45 4157
45 4516
45 4588
45 5056
45 5084
45 5743
45 5896
45 5924
45 5984
45 5986
45 6004
45 6115
45 6396
45 6426
45 6458
45 6473
45 6525
45 6578
45 6615
45 6674
45 6908
45 7123
45 7215
45 7417
45 7442
45 7487
45 7705
45 7776
45 7855
45 7948
45 8273
45 9184
45 9371
45 9657
45 9811
45 9886
45 9964
45 9987
46 56
46 61
46 214
46 231
46 265
46 450
46 466
46 726
46 913
46 988
46 990
46 1001
46 1372
46 2197
46 2327
46 2400
46 2903
46 2928
46 2929
46 2965
46 3145
46 3186
46 3215
46 3234
46 3261
46 3330
46 3811
46 4216
46 4337
46 4387
46 4623
46 4707
46 4814
46 4926
46 5330
46 5508
46 5663
46 5972
46 6094
46 6129
46 6497
46 6756
46 6844
46 6989
46 7038
46 7561
46 7605
46 7812
46 7903
46 8149
46 8267
46 8365
46 8387
46 8491
46 8857
46 8941
46 9428
46 9531
46 9559
46 9562
46 9578
46 9619
46 9707
46 9712
47 106
47 522
47 537
47 630
47 849
47 907
47 994
47 1043
47 1079
47 1406
47 1603
47 1631
47 1941
47 1966
47 2065
47 2128
47 2271
47 2289
47 2329
47 2360
47 2416
47 2489
47 2501
47 2595
47 2656
47 2824
47 3051
47 3055
47 3657
47 3840
47 4206
47 4303
47 4494
47 4654
47 4958
47 5219
47 5248
47 5355
47 5374
47 5414
47 5422
47 5647
47 5854
47 6281
47 6454
47 6568
47 6651
47 6872
47 6998
47 7489
47 7579
47 7830
47 7955
47 7986
47 8279
47 8328
47 8354
47 8656
47 8972
47 9164
47 9425
47 9447
47 9484
47 9558
47 9632
47 9771
47 9783
48 121
48 371
48 428
48 459
48 841
48 864
48 972
48 978
48 1107
48 1270
48 1381
48 1451
48 1540
48 1661
48 1921
48 2175
48 2280
48 2284
48 2296
48 2645
48 2655
48 2782
48 3044
48 3140
48 3148
48 3190
48 3384
48 3785
48 3878
48 4151
48 4228
48 4309
48 4347
48 4747
48 5136
48 5197
48 5240
48 5268
48 5408
48 5492
48 5525
48 5527
48 5606
48 5749
48 5765
48 5811
48 5902
48 5904
48 6113
48 6358
48 6628
48 6690
48 6732
48 7096
48 7244
48 7358
48 7954
48 7959
48 8188
48 8218
48 8423
48 8489
48 8655
48 8802
48 8812
48 9268
48 9642
49 521
49 541
49 642
49 651
49 950
49 1159
49 1193
49 1434
49 1634
49 1875
49 1977
49 2305
49 2336
49 2428
49 2437
49 2456
49 3085
49 3238
49 3629
49 3633
49 3635
49 4098
49 4127
49 4283
49 4411
49 4440
49 4567
49 4869
49 4945
49 4980
49 5176
49 5180
49 5473
49 5701
49 5725
49 5730
49 5870
49 6136
49 6677
49 6687
49 6698
49 6826
49 6834
49 6921
49 6983
49 7440
49 7913
49 8225
49 8360
49 8413
49 8500
49 8635
49 8818
49 9251
49 9322
49 9792
49 9857
50 92
50 148
50 481
50 652
50 653
50 702
50 1136
50 1157
50 1204
50 1476
50 1638
50 1647
50 1654
50 1669
50 1844
50 2035
50 2554
50 2597
50 2612
50 2679
50 2805
50 2962
50 3028
50 3159
50 3203
50 3312
50 3590
50 3662
50 3885
50 3996
50 4085
50 4170
50 4390
50 4450
50 4810
50 4832
50 4844
50 4868
50 5035
50 5063
50 5308
50 5340
50 5524
50 5918
50 5968
50 6139
50 6217
50 6302
50 6547
50 6968
50 7214
50 7436
50 7531
50 7729
50 7789
50 7846
50 7915
50 7921
50 7939
50 7993
50 8024
50 8166
50 8207
50 8435
50 8607
50 8893
50 9059
50 9304
50 9341
50 9422
50 9501
50 9652
50 9741
50 9897
50 9968
51 134
51 155
51 302
51 416
51 863
51 960
51 1003
51 1207
51 1444
51 1750
51 1809
51 1813
51 1894
51 2044
51 2097
51 2166
51 2195
51 2202
51 2509
51 2682
51 2735
51 2990
51 3181
51 3256
51 3459
51 3537
51 3544
51 3673
51 3897
51 3898
51 3902
51 4065
51 4568
51 4674
51 4717
51 4780
51 5036
51 5272
51 5869
51 6030
51 6395
51 6457
51 6565
51 6670
51 6817
51 6953
51 6977
51 6980
51 7122
51 7212
51 7231
51 7503
51 7706
51 7709
51 7743
51 7980
51 8284
51 8454
51 8468
51 8626
51 8667
51 8696
51 8897
51 8927
51 9187
51 9720
51 9730
51 9966
52 525
52 532
52 555
52 598
52 665
52 698
52 777
52 1058
52 1421
52 1811
52 1842
52 2549
52 2689
52 2765
52 2822
52 2910
52 3183
52 3467
52 3713
52 3750
52 4195
52 4215
52 4239
52 4502
52 4689
52 4732
52 4874
52 5005
52 5025
52 5296
52 5390
52 5572
52 5690
52 6313
52 6376
52 6380
52 6433
52 6620
52 6650
52 6859
52 7453
52 7712
52 8048
52 8093
52 8108
52 8174
52 8317
52 8630
52 8841
52 8975
52 9973
52 9994
53 277
53 438
53 784
53 859
53 2287
53 2321
53 2557
53 2890
53 3136
53 3170
53 3259
53 3298
53 3379
53 3454
53 3645
53 3853
53 4095
53 4146
53 4354
53 4523
53 4628
53 4982
53 5015
53 5018
53 5335
53 5378
53 5626
53 6042
53 6105
53 6198
53 6200
53 6673
53 6962
53 7200
53 7350
53 7429
53 7674
53 7728
53 7852
53 8155
53 8461
53 8622
53 8769
53 8914
53 9111
53 9543
53 9592
53 9729
53 9813
53 9853
53 9944
54 76
54 225
54 226
54 328
54 439
54 949
54 1190
54 1528
54 1635
54 2022
54 2120
54 2640
54 2854
54 3106
54 3283
54 3510
54 3682
54 3732
54 4252
54 4295
54 4465
54 4631
54 4678
54 4981
54 5152
54 5347
54 5786
54 6194
54 6393
54 6537
54 6574
54 6661
54 7022
54 7029
54 7086
54 7160
54 7178
54 7400
54 7551
54 7574
54 8472
54 8606
54 8628
54 8838
54 8869
54 8903
54 8920
54 8943
54 9349
54 9508
54 9525
54 9527
54 9549
55 129
55 543
55 767
55 872
55 1027
55 1210
55 1442
55 1553
55 1743
55 1829
55 1864
55 1951
55 1954
55 2181
55 2260
55 2313
55 2323
55 2496
55 2516
55 2601
55 2659
55 2694
55 2845
55 3121
55 3127
55 3147
55 3456
55 3791
55 3965
55 3997
55 4060
55 4506
55 4694
55 5072
55 5149
55 5217
55 5456
55 5487
55 5679
55 5843
55 5873
55 5933
55 6220
55 6270
55 6298
55 6364
55 6429
55 6633
55 6917
55 6969
55 6992
55 7484
55 7717
55 7749
55 7810
55 7880
55 7898
55 8206
55 8259
55 8542
55 8664
55 9140
55 9536
55 9575
55 9665
55 9738
55 9809
56 68
56 303
56 344
56 348
56 353
56 486
56 768
56 772
56 1006
56 1016
56 1199
56 1272
56 1386
56 2102
56 2403
56 2429
56 2651
56 2697
56 2732
56 2981
56 3032
56 3305
56 3361
56 3390
56 3486
56 3873
56 4075
56 4172
56 4759
56 4882
56 5075
56 5119
56 5552
56 5578
56 5767
56 5957
56 6092
56 6192
56 6468
56 6484
56 6610
56 6636
56 6717
56 6873
56 7130
56 7137
56 7344
56 7382
56 7433
56 7576
56 7596
56 8162
56 8559
56 9245
56 9295
57 143
57 147
57 615
57 854
57 887
57 956
57 1106
57 1175
57 1181
57 1715
57 1756
57 1805
57 1821
57 1833
57 1847
57 1997
57 2008
57 2291
57 2338
57 2405
57 2559
57 2587
57 2619
57 2658
57 2859
57 2894
57 3001
57 3792
57 3941
57 4025
57 4056
57 4253
57 4535
57 4786
57 5205
57 5267
57 5324
57 6190
57 6241
57 6339
57 6411
57 6557
57 7120
57 7157
57 7185
57 7204
57 7306
57 7338
57 7508
57 7693
57 7835
57 8067
57 8104
57 8158
57 8198
57 8438
57 8456
57 8610
57 8741
57 8782
57 8791
57 8973
57 9211
57 9643
57 9658
57 9929
58 69
58 106
58 144
58 281
58 335
58 551
58 643
58 770
58 893
58 1059
58 1189
58 1303
58 1361
58 1914
58 2005
58 2171
58 2335
58 2442
58 2443
58 2728
58 3096
58 3139
58 3541
58 3628
58 3634
58 3656
58 3729
58 3748
58 3877
58 4003
58 4041
58 4052
58 4180
58 4201
58 4304
58 4495
58 4557
58 4892
58 5168
58 5398
58 5467
58 5719
58 5923
58 5995
58 6387
58 6495
58 7353
58 7378
58 7427
58 7533
58 7718
58 7885
58 7949
58 7977
58 8297
58 8401
58 8760
58 8845
58 9055
58 9089
58 9144
58 9528
58 9654
58 9757
58 9928
59 104
59 118
59 155
59 285
59 336
59 437
59 940
59 1089
59 1317
59 1391
59 1567
59 1804
59 1820
59 1918
59 2019
59 2081
59 2169
59 2219
59 2339
59 2385
59 2450
59 2766
59 2975
59 3069
59 3453
59 3511
59 3640
59 3709
59 4120
59 4122
59 4155
59 4301
59 4444
59 4554
59 4583
59 4656
59 4802
59 4839
59 5166
59 5274
59 5401
59 5423
59 5494
59 5556
59 5700
59 6009
59 6117
59 6196
59 7046
59 7142
59 7933
59 8153
59 8193
59 8208
59 8213
59 8219
59 8409
59 8476
59 8503
59 8519
59 8529
59 8644
59 8789
59 8934
59 9489
59 9634
60 212
60 296
60 681
60 710
60 1244
60 1402
60 1720
60 1831
60 2053
60 2233
60 2266
60 2626
60 2931
60 2946
60 3003
60 3206
60 3611
60 3793
60 4235
60 4300
60 4670
60 4866
60 5143
60 5194
60 5590
60 5594
60 5646
60 5809
60 6268
60 6486
60 7236
60 7665
60 8689
60 8879
60 8928
60 9612
60 9645
61 246
61 271
61 284
61 452
61 929
61 1228
61 1288
61 1308
61 1389
61 1469
61 1577
61 1937
61 2137
61 2621
61 2639
61 2738
61 2760
61 2936
61 2960
61 3172
61 3375
61 3490
61 4149
61 4182
61 4364
61 4405
61 4912
61 5133
61 5148
61 5177
61 5201
61 5328
61 5361
61 5571
61 5712
61 5747
61 6126
61 6207
61 6341
61 6828
61 6857
61 7275
61 7280
61 7303
61 7325
61 7343
61 7362
61 7498
61 7960
61 8223
61 8294
61 8298
61 8834
61 8854
61 9185
61 9217
61 9368
61 9772
61 9943
62 64
62 135
62 136
62 268
62 513
62 1147
62 1605
62 1651
62 1665
62 1726
62 1909
62 1990
62 2004
62 2110
62 2205
62 2269
62 2304
62 2638
62 2958
62 3424
62 3442
62 3643
62 3727
62 3733
62 3742
62 3876
62 3882
62 3917
62 3973
62 4208
62 4275
62 4284
62 4323
62 4437
62 4508
62 4549
62 4618
62 4706
62 4840
62 5151
62 5445
62 6118
62 6259
62 6283
62 6663
62 6867
62 7348
62 7392
62 7538
62 7598
62 7657
62 7658
62 7887
62 7940
62 7987
62 8059
62 8131
62 8531
62 8546
62 8642
62 8681
62 8862
62 8899
62 9050
62 9133
62 9478
62 9747
63 123
63 292
63 422
63 499
63 825
63 837
63 1256
63 1438
63 1463
63 1602
63 1888
63 1905
63 2054
63 2201
63 2264
63 2901
63 2940
63 2971
63 3737
63 3863
63 4340
63 4382
63 4482
63 4644
63 4681
63 5049
63 5755
63 5828
63 5987
63 6125
63 6254
63 6311
63 6543
63 6678
63 6976
63 7027
63 7136
63 7175
63 7302
63 7670
63 7726
63 7781
63 7971
63 8030
63 8125
63 8270
63 8322
63 8473
63 8499
63 8695
63 9009
63 9479
63 9535
63 9564
64 192
64 431
64 811
64 1125
64 1857
64 1978
64 2119
64 2421
64 2514
64 2676
64 2855
64 2927
64 3262
64 3332
64 3565
64 3636
64 3720
64 3787
64 4336
64 4371
64 4608
64 4617
64 4620
64 4653
64 4657
64 4719
64 5099
64 5476
64 5688
64 5818
64 6239
64 6639
64 6937
64 7569
64 7843
64 7908
64 8013
64 8321
64 8449
64 8525
64 8676
64 9198
64 9505
64 9524
64 9671
64 9807
65 141
65 313
65 365
65 383
65 446
65 483
65 564
65 951
65 979
65 1234
65 1276
65 2015
65 2345
65 2370
65 2433
65 2688
65 2978
65 2987
65 3293
65 3301
65 3697
65 3859
65 4138
65 4461
65 4464
65 4530
65 4536
65 4589
65 4665
65 4781
65 4831
65 4861
65 5033
65 5057
65 5208
65 5632
65 5856
65 6163
65 6218
65 6243
65 6478
65 6726
65 6727
65 6754
65 6861
65 7053
65 7291
65 7372
65 7526
65 7529
65 7616
65 7669
65 7958
65 8111
65 8159
65 8617
65 8778
65 8940
65 9013
65 9065
65 9530
65 9555
65 9787
65 9925
65 9974
66 283
66 347
66 622
66 690
66 764
66 939
66 1148
66 1173
66 1598
66 2206
66 2246
66 2298
66 2502
66 2505
66 2857
66 3088
66 3161
66 3340
66 3563
66 3600
66 3934
66 3945
66 4325
66 4355
66 4544
66 4569
66 4688
66 4994
66 5224
66 5293
66 5534
66 5776
66 5800
66 5855
66 6099
66 6172
66 6296
66 6388
66 6536
66 6991
66 7248
66 7270
66 7387
66 7502
66 7549
66 7584
66 7593
66 7786
66 7914
66 7920
66 8192
66 8334
66 8577
66 8616
66 8677
66 8804
66 8820
66 9002
66 9108
66 9125
66 9714
66 9913
66 9941
67 168
67 327
67 559
67 560
67 718
67 1004
67 1132
67 1481
67 1559
67 1792
67 1900
67 2177
67 2564
67 3062
67 3204
67 3318
67 3786
67 3816
67 4105
67 4265
67 4391
67 4553
67 4724
67 4795
67 5081
67 5117
67 5221
67 5493
67 5591
67 5971
67 5983
67 6250
67 6354
67 6425
67 6705
67 6730
67 6809
67 6816
67 7073
67 7108
67 7153
67 7164
67 7448
67 7825
67 8196
67 8292
67 8595
67 8756
67 9007
67 9126
67 9257
68 493
68 993
68 1046
68 1247
68 1342
68 1482
68 1706
68 1890
68 1955
68 2031
68 2194
68 2319
68 2460
68 2556
68 2636
68 2690
68 2830
68 3182
68 3381
68 3607
68 3670
68 3730
68 3828
68 3849
68 3890
68 4246
68 4920
68 5011
68 5155
68 5431
68 5474
68 5826
68 6076
68 6175
68 6564
68 7063
68 8075
68 8106
68 8253
68 8463
68 8588
68 8795
68 8991
68 9058
68 9148
68 9469
68 9785
68 9937
69 227
69 375
69 409
69 487
69 885
69 1082
69 1264
69 1282
69 1332
69 1655
69 1686
69 1689
69 2380
69 2861
69 2891
69 3150
69 3219
69 3338
69 3426
69 3596
69 4130
69 4164
69 4392
69 4835
69 4962
69 5702
69 6095
69 6318
69 6539
69 6596
69 6647
69 6863
69 6990
69 7030
69 7468
69 7472
69 7481
69 7759
69 7837
69 7854
69 8069
69 8488
69 8600
69 8765
69 9306
69 9933
70 156
70 223
70 410
70 682
70 741
70 888
70 1024
70 1162
70 1340
70 1730
70 1787
70 1826
70 1967
70 2098
70 2192
70 2459
70 2500
70 3193
70 3351
70 3407
70 3419
70 3622
70 3663
70 3702
70 4000
70 4002
70 4297
70 4386
70 4817
70 4852
70 4885
70 5551
70 5616
70 6114
70 6174
70 6264
70 6733
70 6769
70 7059
70 7203
70 7332
70 7491
70 7528
70 7631
70 8083
70 8296
70 8714
70 9279
70 9516
70 9533
70 9570
70 9777
71 113
71 175
71 568
71 619
71 623
71 656
71 847
71 921
71 1096
71 1138
71 1618
71 1944
71 1969
71 2099
71 2203
71 2292
71 2381
71 2388
71 2412
71 2517
71 2544
71 2550
71 2588
71 2680
71 2742
71 2906
71 3019
71 3294
71 3388
71 3445
71 3749
71 3952
71 4222
71 4273
71 4339
71 4342
71 4762
71 5115
71 5200
71 5620
71 5796
71 5876
71 5979
71 6185
71 6327
71 6365
71 6420
71 6489
71 6635
71 6671
71 6947
71 7064
71 7115
71 7300
71 7391
71 7421
71 7544
71 7640
71 7708
71 7978
71 8052
71 8813
71 9315
72 76
72 154
72 471
72 485
72 856
72 1326
72 1621
72 1724
72 1895
72 1999
72 2112
72 2646
72 2695
72 2872
72 2934
72 3011
72 3188
72 3221
72 3350
72 3450
72 3605
72 3630
72 3641
72 3665
72 4109
72 4242
72 4651
72 5430
72 5435
72 5612
72 5645
72 5977
72 6237
72 6287
72 6317
72 6477
72 6569
72 6593
72 6760
72 6776
72 6819
72 6833
72 7189
72 7334
72 7396
72 7910
72 7997
72 8858
72 9163
72 9210
72 9351
72 9584
72 9700
72 9733
72 9844
73 97
73 110
73 206
73 671
73 919
73 1194
73 1422
73 1515
73 1662
73 2052
73 2056
73 2108
73 2121
73 2186
73 2232
73 2297
73 3036
73 3466
73 3475
73 3513
73 3914
73 4035
73 4152
73 4426
73 4470
73 4745
73 4966
73 5375
73 5613
73 5738
73 5851
73 6058
73 6896
73 6914
73 6996
73 7057
73 7168
73 7359
73 7524
73 7733
73 7875
73 7904
73 7905
73 7961
73 8307
73 8408
73 8944
73 9032
73 9180
73 9374
73 9450
73 9739
73 9802
74 142
74 231
74 661
74 667
74 923
74 1092
74 1663
74 1747
74 2155
74 2418
74 2470
74 3050
74 3112
74 3199
74 3250
74 3414
74 3736
74 3874
74 3969
74 4042
74 4102
74 4137
74 4158
74 4194
74 4397
74 4446
74 4664
74 4790
74 4807
74 5041
74 5284
74 5600
74 5638
74 5714
74 5932
74 5964
74 6054
74 6248
74 6323
74 6351
74 6541
74 6652
74 6848
74 6910
74 7321
74 7512
74 7515
74 7547
74 7628
74 7642
74 7801
74 7867
74 7882
74 8130
74 8331
74 8450
74 8471
74 8482
74 8758
74 8797
74 9088
74 9773
74 9957
75 85
75 135
75 178
75 230
75 320
75 382
75 424
75 704
75 719
75 908
75 1007
75 1400
75 2160
75 2293
75 2295
75 2399
75 2654
75 2881
75 2912
75 3231
75 3417
75 3431
75 4027
75 4282
75 4290
75 4605
75 4964
75 5042
75 5162
75 5321
75 5371
75 5745
75 5885
75 5926
75 6008
75 6066
75 6340
75 6515
75 6545
75 6612
75 6764
75 6899
75 7104
75 7548
75 7622
75 7970
75 8535
75 8566
75 8826
75 8828
75 8998
75 9026
75 9416
75 9621
75 9623
75 9764
75 9805
76 363
76 982
76 989
76 997
76 1005
76 1836
76 2080
76 2111
76 2582
76 2647
76 3228
76 3230
76 3400
76 3547
76 4128
76 4534
76 4545
76 4572
76 4697
76 4856
76 4865
76 4888
76 5333
76 5369
76 5389
76 5483
76 5536
76 5697
76 5732
76 6071
76 6075
76 6187
76 6202
76 6247
76 6753
76 7250
76 7278
76 7578
76 7773
76 7805
76 8027
76 8082
76 8516
76 8771
76 8851
76 8933
76 8948
76 9537
76 9778
77 116
77 166
77 517
77 554
77 599
77 1179
77 1344
77 1356
77 1504
77 2252
77 2301
77 2488
77 2883
77 2918
77 3008
77 3416
77 3573
77 3910
77 4001
77 4039
77 4153
77 4505
77 4864
77 4876
77 4913
77 5171
77 5283
77 5617
77 5651
77 5817
77 5967
77 6812
77 6892
77 7259
77 7290
77 7316
77 7588
77 7601
77 7664
77 7727
77 8000
77 8178
77 8234
77 8283
77 8601
77 9436
77 9459
77 9586
77 9995
78 304
78 414
78 502
78 544
78 752
78 815
78 1098
78 1411
78 1456
78 1531
78 1532
78 2007
78 2458
78 2536
78 2778
78 2852
78 2904
78 2972
78 3048
78 3099
78 3118
78 3176
78 3652
78 3871
78 3936
78 4011
78 4727
78 4758
78 4801
78 4967
78 4992
78 5477
78 5566
78 5628
78 5794
78 5899
78 5914
78 6021
78 6142
78 6236
78 6590
78 6811
78 6885
78 7018
78 7416
78 7477
78 7809
78 7932
78 7995
78 8209
78 8372
78 8505
78 8709
78 8935
78 9003
78 9718
78 9917
79 364
79 500
79 536
79 1144
79 1879
79 1970
79 2011
79 2042
79 2468
79 2832
79 2919
79 2926
79 2993
79 3041
79 3316
79 3362
79 4559
79 4893
79 5614
79 5917
79 6039
79 6180
79 6441
79 6959
79 7299
79 7486
79 7654
79 8313
79 8410
79 8711
79 8878
79 8968
79 9098
79 9178
79 9188
79 9238
79 9485
79 9870
79 9992
80 135
80 310
80 387
80 406
80 475
80 561
80 583
80 883
80 1116
80 1676
80 2024
80 2511
80 2577
80 2773
80 2869
80 2899
80 2942
80 3757
80 4476
80 4789
80 4836
80 5170
80 5394
80 5541
80 5966
80 6249
80 6263
80 6528
80 6925
80 7330
80 7456
80 7522
80 7557
80 8144
80 8538
80 8585
80 8629
80 8729
80 8836
80 8981
80 9031
80 9519
81 127
81 150
81 207
81 339
81 797
81 829
81 958
81 1212
81 1765
81 1989
81 2611
81 2776
81 2781
81 2795
81 3014
81 3474
81 3773
81 4104
81 4133
81 4812
81 4935
81 5040
81 5357
81 5442
81 5667
81 5805
81 6165
81 6722
81 6882
81 6933
81 7176
81 8021
81 8324
81 8390
81 8955
81 9590
81 9603
81 9644
81 9750
81 9830
82 128
82 271
82 448
82 590
82 976
82 1041
82 1798
82 1965
82 2309
82 2369
82 2484
82 2581
82 2605
82 2685
82 3063
82 3155
82 3395
82 3610
82 3731
82 4230
82 4280
82 4317
82 4776
82 4847
82 5154
82 5526
82 5557
82 5577
82 6836
82 6901
82 6994
82 7202
82 7374
82 7639
82 7694
82 7745
82 8855
82 8937
82 9083
82 9195
82 9320
82 9458
82 9782
82 9971
83 86
83 284
83 331
83 368
83 504
83 636
83 954
83 996
83 1374
83 2064
83 2425
83 2602
83 2711
83 2798
83 3166
83 3409
83 3606
83 3815
83 4017
83 4150
83 4190
83 4192
83 4350
83 5020
83 5070
83 5124
83 5190
83 5246
83 5344
83 5574
83 5703
83 6107
83 6803
83 7020
83 7070
83 7106
83 7254
83 8058
83 8271
83 8688
83 8700
83 8763
83 8887
83 9082
83 9267
84 233
84 305
84 1018
84 1415
84 1436
84 1480
84 2349
84 2543
84 2757
84 2868
84 3089
84 3306
84 3317
84 3393
84 3799
84 3980
84 4019
84 4367
84 4420
84 4910
84 5013
84 5238
84 5368
84 5568
84 6074
84 6182
84 6310
84 6408
84 6747
84 7388
84 7580
84 8256
84 8425
84 8594
84 8909
84 9930
85 754
85 947
85 1161
85 1290
85 1313
85 1853
85 1976
85 2090
85 2237
85 2303
85 2316
85 2669
85 2955
85 3095
85 3179
85 3263
85 3389
85 3488
85 3501
85 3568
85 3621
85 3803
85 4144
85 4203
85 4261
85 4452
85 4646
85 5113
85 5537
85 5648
85 6480
85 6630
85 6850
85 6971
85 7148
85 7223
85 7379
85 7422
85 7742
85 8038
85 8243
85 8446
85 8541
85 9074
85 9106
85 9254
85 9622
85 9734
85 9781
85 9861
85 9862
85 9909
86 386
86 613
86 924
86 1379
86 1464
86 1824
86 2446
86 4096
86 4361
86 4373
86 4424
86 4489
86 5001
86 5068
86 5192
86 5315
86 5440
86 5530
86 5803
86 6077
86 6159
86 6440
86 6648
86 6778
86 6856
86 7051
86 7277
86 7406
86 7494
86 7934
86 8654
86 8827
86 8994
86 9409
86 9423
86 9637
86 9666
87 215
87 307
87 790
87 1541
87 1566
87 1645
87 2010
87 2047
87 2176
87 2243
87 2666
87 2725
87 3120
87 3173
87 3327
87 3461
87 3933
87 4250
87 4447
87 4552
87 4975
87 5451
87 5680
87 5940
87 6138
87 6169
87 6508
87 6602
87 6835
87 6897
87 7042
87 7085
87 7151
87 7239
87 7445
87 7507
87 7558
87 7690
87 8261
87 8733
87 8837
87 8853
87 9129
87 9498
87 9922
88 117
88 189
88 473
88 495
88 1186
88 1277
88 1347
88 2895
88 3458
88 3771
88 4449
88 4486
88 4785
88 4830
88 4848
88 5513
88 5589
88 5871
88 6204
88 6213
88 6382
88 6462
88 6719
88 6779
88 7100
88 7256
88 7823
88 7881
88 8228
88 8613
88 9122
88 9247
88 9363
88 9389
88 9582
89 190
89 433
89 744
89 753
89 846
89 1054
89 1404
89 1952
89 2248
89 2251
89 2846
89 3054
89 3208
89 3463
89 3557
89 3577
89 3593
89 3597
89 4061
89 4226
89 4500
89 4749
89 4770
89 4968
89 5299
89 5836
89 6303
89 6720
89 6963
89 7103
89 7170
89 7519
89 7564
89 7606
89 7735
89 7859
89 8039
89 8076
89 8180
89 8515
89 8528
89 9328
90 627
90 655
90 1071
90 1245
90 1412
90 1586
90 1987
90 2278
90 2670
90 2808
90 3269
90 3273
90 3545
90 3939
90 4048
90 4793
90 5079
90 5281
90 5758
90 6203
90 6437
90 6745
90 6898
90 6940
90 7902
90 8163
90 8244
90 8323
90 8333
90 8349
90 8717
90 9169
90 9323
90 9856
90 9899
91 149
91 169
91 498
91 1045
91 1660
91 1768
91 2078
91 2165
91 2225
91 2558
91 2708
91 3507
91 3868
91 4477
91 4754
91 5198
91 6736
91 7098
91 7540
91 7716
91 8152
91 8226
91 8229
91 9470
91 9580
91 9834
91 9926
92 93
92 467
92 916
92 959
92 1202
92 1611
92 1703
92 2239
92 2575
92 2843
92 2947
92 3218
92 3848
92 4071
92 4289
92 4352
92 5253
92 5504
92 5655
92 5781
92 6001
92 6398
92 7768
92 7779
92 7808
92 8016
92 8023
92 8041
92 8242
92 8295
92 8397
92 8495
92 8749
92 8952
92 8978
92 9288
93 742
93 1022
93 1487
93 1523
93 1554
93 1606
93 1607
93 1861
93 1878
93 1927
93 2000
93 2109
93 2180
93 2212
93 2548
93 2706
93 3049
93 3082
93 3594
93 3625
93 3707
93 4047
93 4474
93 4714
93 4791
93 4931
93 5930
93 6017
93 6067
93 6193
93 6469
93 6685
93 6761
93 6840
93 7041
93 7612
93 7651
93 7942
93 8045
93 8373
93 9274
93 9404
93 9670
93 9732
93 9763
94 269
94 677
94 934
94 1300
94 1371
94 1557
94 1841
94 2072
94 2359
94 2851
94 3064
94 4162
94 4621
94 4721
94 4999
94 5595
94 5909
94 5916
94 5931
94 5955
94 5975
94 6090
94 7229
94 7317
94 7377
94 7683
94 7707
94 8443
94 8718
94 8738
94 9476
94 9679
94 9795
95 488
95 1674
95 1719
95 2311
95 2510
95 2792
95 2924
95 3880
95 3892
95 3985
95 4083
95 4404
95 4434
95 4854
95 4921
95 5256
95 5290
95 5302
95 5311
95 5575
95 6072
95 6153
95 6501
95 7117
95 7147
95 7292
95 7671
95 8640
95 9380
95 9491
95 9507
95 9646
95 9801
95 9804
95 9906
96 362
96 381
96 611
96 694
96 708
96 794
96 992
96 1093
96 1124
96 1757
96 1801
96 1892
96 2142
96 3229
96 3642
96 4281
96 4472
96 4579
96 5206
96 5339
96 5381
96 5409
96 5463
96 5837
96 5850
96 6245
96 6369
96 6409
96 6532
96 6841
96 7000
96 7597
96 7702
96 7883
96 8512
96 8627
96 8671
96 8719
96 9069
96 9118
96 9325
96 9453
96 9482
96 9858
97 275
97 357
97 689
97 792
97 807
97 1026
97 1269
97 1462
97 1851
97 2746
97 3146
97 3492
97 3493
97 3691
97 3978
97 4341
97 4421
97 4827
97 4900
97 5122
97 5264
97 5453
97 6097
97 6560
97 6795
97 7349
97 7355
97 7447
97 7813
97 8004
97 8044
97 8065
97 8364
97 8452
97 8894
97 9209
97 9262
97 9756
98 100
98 134
98 566
98 647
98 899
98 1158
98 1160
98 1571
98 2143
98 2440
98 2504
98 2661
98 2811
98 2921
98 3184
98 3267
98 3353
98 3404
98 3503
98 4107
98 4191
98 4324
98 4643
98 4953
98 4983
98 5140
98 5269
98 5322
98 5581
98 6181
98 6520
98 7611
98 7982
98 8012
98 8586
98 8632
98 8861
98 9348
98 9972
99 170
99 279
99 349
99 458
99 1838
99 2279
99 2598
99 2630
99 2938
99 3057
99 3119
99 3337
99 3916
99 4828
99 4877
99 5153
99 5156
99 5404
99 5567
99 5911
99 6548
99 7071
99 7078
99 7500
99 7504
99 7865
99 7930
99 8132
99 8415
99 9256
100 676
100 785
100 1122
100 1262
100 1385
100 1433
100 1749
100 1772
100 1830
100 2152
100 2431
100 2497
100 2613
100 2707
100 2870
100 3348
100 3495
100 3943
100 4030
100 4044
100 4276
100 4331
100 4368
100 4833
100 4898
100 5085
100 5317
100 5382
100 5502
100 6209
100 6400
100 6482
100 6791
100 7218
100 7241
100 7844
100 8237
100 8464
100 8623
100 8725
100 8918
100 8957
100 9403
101 187
101 278
101 962
101 981
101 1823
101 1868
101 2270
101 2479
101 2842
101 2992
101 3167
101 3498
101 3550
101 3686
101 3905
101 4514
101 4685
101 5101
101 5193
101 5326
101 5528
101 5741
101 6043
101 6152
101 6321
101 6386
101 6430
101 6471
101 7432
101 7604
101 8025
101 8440
101 8444
101 8971
101 9166
101 9239
101 9378
101 9483
101 9566
101 9596
101 9696
101 9765
101 9791
101 9842
102 380
102 490
102 1040
102 1052
102 1348
102 1382
102 1837
102 2218
102 2523
102 2628
102 2864
102 3074
102 3440
102 4915
102 4978
102 5294
102 5419
102 5475
102 5544
102 5668
102 5795
102 5925
102 6414
102 6481
102 6604
102 7408
102 7466
102 7492
102 8263
102 8385
102 8727
102 8986
102 9223
102 9464
102 9473
102 9606
102 9629
103 189
103 299
103 941
103 1450
103 2162
103 2346
103 2480
103 2741
103 2751
103 2769
103 2966
103 3356
103 3410
103 3896
103 4225
103 4947
103 5131
103 5297
103 5787
103 5969
103 6020
103 6877
103 7113
103 7446
103 7577
103 8126
103 8247
103 8784
103 9027
103 9569
103 9946
104 569
104 1105
104 1428
104 1544
104 1639
104 2140
104 2274
104 2737
104 2976
104 3558
104 3579
104 4054
104 4168
104 4344
104 5484
104 5675
104 6272
104 6783
104 7221
104 8033
104 8136
104 8687
104 8875
104 9137
104 9229
104 9311
104 9705
105 804
105 850
105 1816
105 2198
105 2332
105 2353
105 2411
105 2882
105 3061
105 3072
105 3224
105 3469
105 3667
105 3800
105 3801
105 3858
105 4223
105 4229
105 4269
105 4919
105 4933
105 5174
105 5519
105 5764
105 6269
105 6299
105 6965
105 7154
105 7258
105 7318
105 7518
105 7860
105 7871
105 7964
105 8231
105 8523
105 8554
105 9037
105 9940
106 186
106 791
106 822
106 830
106 1154
106 1176
106 1488
106 1761
106 1784
106 1869
106 2084
106 2189
106 2571
106 2592
106 3016
106 3274
106 3820
106 4895
106 5432
106 6000
106 6037
106 6631
106 7026
106 7207
106 7397
106 7918
106 8151
106 8338
106 8547
106 9127
107 208
107 209
107 574
107 591
107 597
107 683
107 961
107 1473
107 1736
107 2383
107 2487
107 2724
107 2764
107 2911
107 3156
107 4453
107 5739
107 5847
107 6289
107 6506
107 6524
107 6618
107 6629
107 6656
107 6700
107 6775
107 6928
107 7401
107 7457
107 7488
107 8064
107 8113
107 8558
107 8657
107 8744
107 8803
107 8850
107 9424
107 9975
108 1042
108 1121
108 1187
108 1249
108 1694
108 2163
108 2900
108 2968
108 3201
108 3343
108 5026
108 5266
108 5507
108 5605
108 5670
108 5715
108 5774
108 5970
108 6258
108 6338
108 6798
108 7319
108 7609
108 7615
108 8949
108 9392
108 9492
108 9694
109 326
109 507
109 539
109 755
109 868
109 969
109 1110
109 1722
109 2059
109 2167
109 2294
109 2546
109 2785
109 3007
109 3227
109 3819
109 3867
109 4110
109 4132
109 4585
109 4710
109 4976
109 5358
109 5385
109 5757
109 5844
109 6876
109 6919
109 7386
109 7991
109 8224
109 8774
109 8872
109 8984
109 9107
109 9836
110 115
110 938
110 1225
110 2133
110 2273
110 3357
110 3452
110 3646
110 3951
110 3984
110 4296
110 4459
110 4521
110 4564
110 4661
110 5282
110 5434
110 5649
110 5658
110 5669
110 5775
110 5875
110 6821
110 7179
110 7234
110 7800
110 7897
110 8257
110 8465
110 8575
110 8686
110 9452
110 9457
110 9591
110 9821
111 185
111 294
111 343
111 609
111 1174
111 1925
111 1995
111 2138
111 2230
111 2372
111 2816
111 3056
111 3288
111 3429
111 3647
111 3685
111 3850
111 3861
111 4547
111 4739
111 4742
111 4845
111 5275
111 5497
111 5729
111 5740
111 5874
111 5881
111 5996
111 6205
111 6292
111 6715
111 6749
111 6847
111 7182
111 8098
111 8335
111 8660
111 8798
111 9401
111 9828
112 205
112 650
112 721
112 873
112 1395
112 1403
112 1601
112 1870
112 3399
112 3582
112 3900
112 4703
112 5007
112 5179
112 5523
112 5664
112 7389
112 7399
112 7587
112 7772
112 7817
112 8168
112 8236
112 9099
112 9219
112 9512
112 9709
113 199
113 418
113 524
113 1271
113 1519
113 2012
113 2807
113 3323
113 3680
113 3740
113 3829
113 4663
113 4766
113 5584
113 6232
113 6623
113 6804
113 7143
113 7165
113 7213
113 7724
113 8442
113 8963
113 9486
113 9649
113 9659
113 9831
113 9912
114 821
114 1169
114 1539
114 1587
114 2226
114 2740
114 2867
114 3017
114 3132
114 3947
114 4199
114 4436
114 4538
114 4551
114 4784
114 5625
114 6531
114 6684
114 6694
114 7145
114 7171
114 8097
114 8143
114 9321
114 9538
114 9576
114 9600
114 9954
115 738
115 1099
115 1377
115 1378
115 2079
115 2551
115 3045
115 3211
115 3290
115 3292
115 3387
115 3617
115 3668
115 3782
115 4383
115 4501
115 4640
115 4774
115 5137
115 5310
115 5489
115 6330
115 6915
115 7839
115 8221
115 8414
115 8420
115 8493
115 8701
116 228
116 657
116 1625
116 1975
116 2182
116 2348
116 2365
116 2648
116 3154
116 3540
116 3716
116 3822
116 3894
116 3906
116 3927
116 4268
116 5444
116 5471
116 5553
116 5555
116 5603
116 5721
116 6331
116 6645
116 7005
116 7395
116 8260
116 8316
116 8399
116 8916
116 9270
116 9345
116 9449
116 9523
116 9970
117 806
117 852
117 1065
117 1260
117 1397
117 1499
117 2045
117 2126
117 2447
117 2525
117 2786
117 3029
117 3100
117 3249
117 3534
117 3845
117 3923
117 4484
117 4821
117 4857
117 4916
117 5289
117 5468
117 5784
117 5797
117 7943
117 8699
117 8873
118 355
118 470
118 758
118 1643
118 2103
118 2386
118 3307
118 4014
118 4024
118 4099
118 4248
118 4590
118 4834
118 4990
118 5147
118 5470
118 5636
118 5898
118 6404
118 6664
118 6900
118 7024
118 7249
118 7590
118 7623
118 7650
118 9735
118 9877
119 124
119 220
119 325
119 553
119 1883
119 1998
119 2344
119 2395
119 2849
119 3153
119 3415
119 3436
119 4402
119 4942
119 4991
119 6353
119 6641
119 7025
119 7393
119 8300
119 9440
119 9614
120 130
120 148
120 686
120 800
120 944
120 2046
120 3500
120 3821
120 5024
120 5141
120 5413
120 5615
120 5903
120 6422
120 6742
120 6895
120 7055
120 7139
120 7158
120 7403
120 7499
120 7747
120 8254
120 8514
120 8745
120 8911
120 9062
120 9097
120 9186
120 9332
121 308
121 329
121 454
121 664
121 1834
121 1974
121 2104
121 2398
121 2560
121 2930
121 3015
121 3202
121 3555
121 3562
121 4259
121 4614
121 4818
121 4936
121 5405
121 5481
121 5631
121 6053
121 6253
121 6421
121 7180
121 7351
121 7364
121 7424
121 8009
121 9241
121 9244
122 139
122 529
122 1514
122 1693
122 1776
122 1901
122 2150
122 2583
122 3441
122 3660
122 4084
122 4163
122 5088
122 5228
122 5950
122 6002
122 6191
122 6222
122 6431
122 6456
122 6739
122 7124
122 7653
122 7845
122 7924
122 8103
122 8288
122 8726
122 8785
122 9305
122 9364
122 9774
123 1216
123 1683
123 2070
123 2168
123 2464
123 2471
123 2545
123 2625
123 2812
123 2989
123 3094
123 3160
123 3823
123 3998
123 4601
123 5234
123 6600
123 6906
123 7998
123 8592
123 8809
123 9797
124 723
124 1285
124 2188
124 2481
124 2982
124 3483
124 4671
124 4735
124 4875
124 5495
124 5762
124 6083
124 6104
124 6166
124 6228
124 6307
124 7284
124 7610
124 7892
124 7951
124 7952
124 8077
124 8356
124 8742
124 8988
125 182
125 482
125 1214
125 1478
125 1547
125 1578
125 1741
125 1797
125 1885
125 2692
125 3232
125 3476
125 3649
125 3824
125 4837
125 4973
125 5514
125 5825
125 6373
125 6627
125 6825
125 6993
125 7075
125 7251
125 7661
125 8005
125 8624
125 8707
125 8800
125 9101
125 9981
126 160
126 174
126 324
126 1219
126 1569
126 2675
126 2837
126 3010
126 3077
126 3124
126 3196
126 3982
126 4183
126 4218
126 4219
126 4375
126 4756
126 5118
126 5186
126 5868
126 6442
126 6624
126 6874
126 6887
126 7510
126 7730
126 7755
126 8553
126 8683
126 8705
126 9176
126 9218
126 9225
126 9435
126 9521
126 9609
126 9678
127 132
127 740
127 749
127 813
127 1068
127 1311
127 1474
127 1538
127 2114
127 2794
127 3532
127 3986
127 4471
127 4673
127 4779
127 5292
127 5771
127 5993
127 6326
127 6362
127 6363
127 6579
127 6773
127 6832
127 7197
127 7470
127 7926
127 8521
127 8825
127 8956
127 8999
127 9094
127 9200
127 9302
128 1039
128 1141
128 1810
128 1872
128 1986
128 1988
128 2753
128 2755
128 2909
128 3626
128 3714
128 4353
128 4357
128 4775
128 4903
128 5802
128 6750
128 6807
128 7034
128 7571
128 7829
128 8074
128 8181
128 8602
128 9275
128 9557
129 203
129 558
129 895
129 1056
129 1302
129 1470
129 1717
129 2721
129 3226
129 3979
129 5043
129 5245
129 7257
129 7530
129 7552
129 7896
129 8047
129 8643
129 8692
129 8702
129 8706
130 359
130 423
130 695
130 1551
130 2691
130 2886
130 3025
130 3309
130 3567
130 3830
130 4059
130 4403
130 4811
130 4907
130 5178
130 5304
130 5496
130 6500
130 6607
130 6806
130 7128
130 7146
130 7243
130 7272
130 8258
130 8669
130 9105
130 9299
130 9866
131 187
131 354
131 743
131 1215
131 2086
131 3752
131 3990
131 5235
131 5359
131 5366
131 5768
131 6305
131 6511
131 6566
131 6603
131 6909
131 7242
131 7336
131 7471
131 7509
131 7582
131 7834
131 8550
131 8563
131 8954
131 9273
131 9989
132 177
132 311
132 660
132 699
132 1168
132 1279
132 1380
132 1843
132 2756
132 2888
132 3285
132 3678
132 5352
132 5780
132 6061
132 6788
132 7376
132 8993
132 9224
132 9460
132 9467
133 143
133 211
133 712
133 2526
133 2585
133 4427
133 5659
133 6479
133 6542
133 6708
133 7293
133 7304
133 7738
133 8755
133 9446
134 181
134 518
134 617
134 977
134 1626
134 2253
134 2573
134 3081
134 3559
134 3870
134 3944
134 4305
134 4509
134 4734
134 5054
134 6091
134 6301
134 6598
134 7607
134 7900
134 8353
134 8439
134 9000
134 9035
134 9168
134 9640
134 9708
135 421
135 510
135 1518
135 1568
135 1891
135 2228
135 2617
135 2663
135 3157
135 3346
135 3358
135 3723
135 4207
135 4313
135 4365
135 4473
135 4753
135 5300
135 5708
135 5778
135 5814
135 5901
135 6672
135 6744
135 7459
135 8179
135 9406
136 361
136 1182
136 1759
136 2210
136 2352
136 2486
136 3037
136 3589
136 3719
136 3954
136 4577
136 5029
136 5145
136 5454
136 5832
136 6316
136 6851
136 7080
136 7287
136 7425
136 7946
136 8019
136 8898
136 9414
136 9673
137 231
137 236
137 374
137 1298
137 1376
137 1423
137 1460
137 2318
137 4428
137 4952
137 5031
137 5183
137 5247
137 5360
137 5831
137 6225
137 6689
137 6948
137 7087
137 7297
137 7890
137 8139
137 8526
137 8992
137 9028
137 9683
137 9851
137 9936
138 306
138 386
138 1865
138 2236
138 3326
138 3380
138 3651
138 4005
138 4433
138 4841
138 5306
138 6529
138 7006
138 7246
138 8110
138 8137
138 8424
138 9367
138 9494
138 9864
138 9884
138 9955
139 309
139 594
139 1507
139 2132
139 2320
139 2889
139 2892
139 3113
139 3805
139 3831
139 4829
139 5163
139 5249
139 5641
139 7037
139 7193
139 7368
139 7868
139 9191
139 9615
139 9680
139 9894
139 9956
140 973
140 1146
140 1441
140 2396
140 2827
140 3904
140 4503
140 4751
140 4763
140 4879
140 5095
140 5728
140 6502
140 7118
140 7195
140 7228
140 7404
140 8466
140 8551
140 9437
140 9454
140 9526
140 9780
141 497
141 3021
141 3098
141 4197
141 4200
141 5769
141 5824
141 6087
141 6577
141 6967
141 7886
141 7906
141 7935
141 8182
141 8197
141 8309
141 8453
141 8693
141 9754
141 9789
142 165
142 974
142 1238
142 1788
142 2614
142 2677
142 2858
142 3470
142 4101
142 4360
142 4956
142 5083
142 5108
142 5288
142 6157
142 6210
142 6463
142 7081
142 7600
142 8730
142 8814
142 9346
143 1133
143 2306
143 2844
143 3242
143 5478
143 5681
143 6122
143 7467
143 7811
143 7870
143 8905
143 9624
143 9850
143 9983
144 405
144 771
144 1115
144 1745
144 2240
144 2476
144 2729
144 2847
144 2935
144 3004
144 3084
144 4407
144 4422
144 4838
144 4988
144 5332
144 5338
144 5370
144 5433
144 5920
144 6098
144 6244
144 6701
144 6741
144 7138
144 7192
144 7632
144 8154
144 8432
144 8810
144 8840
144 9300
144 9563
144 9594
144 9948
144 9960
145 1131
145 1417
145 1484
145 1534
145 1562
145 2324
145 2629
145 2902
145 3497
145 3529
145 3992
145 4026
145 4412
145 4586
145 4743
145 4891
145 5089
145 5112
145 6103
145 6106
145 6608
145 7559
145 7666
145 9316
146 287
146 455
146 527
146 678
146 1862
146 2156
146 2330
146 2977
146 3324
146 3531
146 3586
146 5126
146 5278
146 5973
146 6284
146 6924
146 8101
146 8173
146 8574
146 9008
146 9071
147 241
147 1535
147 1570
147 1650
147 2367
147 2831
147 3107
147 3374
147 3523
147 3700
147 4004
147 4053
147 4410
147 4491
147 4722
147 5947
147 5954
147 6383
147 6617
147 6931
147 7322
147 7682
147 8583
147 8648
147 8790
147 9307
147 9426
147 9434
147 9602
147 9728
148 229
148 232
148 733
148 801
148 970
148 1013
148 1128
148 1455
148 1516
148 1556
148 2642
148 2667
148 2684
148 2777
148 2813
148 2823
148 2923
148 3270
148 3439
148 3465
148 3612
148 3614
148 3833
148 3835
148 4917
148 5243
148 5505
148 5619
148 6023
148 6154
148 6772
148 6785
148 7135
148 7431
148 7663
148 8049
148 8636
148 8678
148 8716
149 534
149 878
149 2250
149 3418
149 3619
149 4362
149 4816
149 5305
149 5542
149 6570
149 7534
149 7732
149 8121
149 9258
149 9259
149 9656
150 592
150 1075
150 1145
150 1508
150 2002
150 2134
150 2905
150 3245
150 3766
150 3893
150 3931
150 4244
150 4764
150 4824
150 5351
150 7127
150 7912
150 8274
150 8483
150 8584
150 9196
150 9430
150 9667
150 9699
150 9920
150 9977
151 219
151 264
151 399
151 464
151 2147
151 2286
151 2747
151 2950
151 3248
151 3423
151 3519
151 4031
151 4977
151 7585
151 8124
151 8280
151 8507
151 9117
151 9534
152 980
152 1070
152 1281
152 1446
152 1887
152 2674
152 3556
152 4346
152 5391
152 6109
152 6827
152 6922
152 8056
152 8305
152 8864
152 9156
153 208
153 346
153 757
153 2401
153 3105
153 3300
153 4487
153 4746
153 4862
153 5439
153 5548
153 6234
153 6519
153 8133
153 8191
153 8201
153 8391
153 8437
153 8793
153 9131
153 9203
153 9800
153 9838
154 496
154 547
154 896
154 1581
154 1799
154 2384
154 2678
154 3367
154 4596
154 4880
154 5232
154 5531
154 7517
154 8032
154 8170
154 8892
154 8925
154 9285
154 9766
154 9832
155 183
155 778
155 1902
155 2178
155 3602
155 3608
155 3747
155 4114
155 4136
155 4480
155 4624
155 5002
155 5144
155 5157
155 5452
155 5480
155 5509
155 5635
155 7002
155 8291
155 9846
156 763
156 809
156 1584
156 4748
156 5364
156 6070
156 6177
156 7048
156 7451
156 8924
156 9173
156 9648
156 9672
157 380
157 1275
157 2026
157 2259
157 3192
157 3698
157 3706
157 4943
157 5037
157 6424
157 6509
157 6622
157 6831
157 7150
157 7546
157 8433
157 8807
157 9199
157 9260
157 9357
157 9790
158 330
158 407
158 1679
158 1771
158 1807
158 2151
158 2535
158 3489
158 3780
158 3843
158 4955
158 5010
158 5098
158 5446
158 6186
158 6474
158 6818
158 8565
158 9012
158 9319
158 9417
159 203
159 402
159 434
159 714
159 1777
159 2265
159 2632
159 4322
159 4460
159 5397
159 5665
159 5678
159 5867
159 7371
159 7647
159 8881
159 9115
159 9455
160 526
160 1785
160 2183
160 2534
160 2951
160 3724
160 3919
160 3993
160 4529
160 5965
160 6683
160 6952
160 7219
160 7568
160 7704
160 7765
160 8581
160 8953
160 9091
160 9297
160 9441
160 9633
161 408
161 637
161 835
161 906
161 1322
161 1641
161 1780
161 2063
161 3233
161 3403
161 3457
161 3650
161 4773
161 5610
161 5913
161 6718
161 6759
161 7784
161 9442
162 607
162 1458
162 1991
162 3370
162 4632
162 4686
162 4884
162 5674
162 6505
162 6729
162 7133
162 7791
162 8416
162 8839
163 1112
163 1201
163 1495
163 2520
163 3352
163 4147
163 4414
163 4633
163 4713
163 5367
163 5999
163 6491
163 6943
163 7589
163 8611
163 8615
163 9102
163 9235
164 1251
164 1333
164 3624
164 4279
164 4984
164 5573
164 5602
164 5992
164 6038
164 6595
164 7174
164 7676
164 8380
164 8724
164 8958
164 9421
164 9840
164 9871
165 911
165 4171
165 5547
165 6324
165 6766
165 6792
165 8844
165 9722
165 9731
166 389
166 635
166 1575
166 2634
166 2779
166 3083
166 3164
166 3241
166 3499
166 3847
166 3886
166 4705
166 5220
166 6014
166 7614
166 8185
166 8186
166 8458
166 8710
166 9151
166 9174
166 9898
167 195
167 367
167 808
167 1081
167 1640
167 2173
167 2434
167 3278
167 4251
167 5403
167 5788
167 6151
167 6160
167 6275
167 6337
167 7268
167 7891
167 9182
167 9207
168 398
168 917
168 1008
168 1031
168 1170
168 2539
168 3031
168 3053
168 3427
168 3585
168 3964
168 4166
168 4247
168 4466
168 4513
168 4648
168 6978
168 7172
168 7347
168 7675
168 8315
168 8388
168 8393
168 9114
168 9935
168 9986
169 1198
169 1416
169 1670
169 1691
169 1739
169 1993
169 3236
169 3688
169 3722
169 4997
169 5731
169 5753
169 6188
169 6870
169 7199
169 7356
169 7774
169 8603
169 9123
170 260
170 1889
170 2244
170 2290
170 4062
170 4082
170 5059
170 7101
170 8127
170 8285
170 9412
171 679
171 693
171 823
171 1427
171 1572
171 1855
171 2135
171 2463
171 2519
171 2703
171 2979
171 4960
171 5582
171 5634
171 5860
171 6368
171 7764
171 8123
171 8148
171 8286
171 8619
172 1094
172 3086
172 3837
172 4221
172 4715
172 4890
172 6040
172 6950
172 7895
172 8651
172 8977
172 9587
172 9740
172 9976
173 1762
173 2101
173 2315
173 2569
173 3508
173 4012
173 4086
173 4543
173 4924
173 4995
173 6173
173 6573
173 6675
173 7501
173 7691
173 8431
173 9500
173 9617
174 258
174 890
174 1074
174 1733
174 4492
174 4850
174 5241
174 6134
174 6273
174 7001
174 7629
174 7851
174 8314
174 8448
174 8829
175 188
175 2051
175 2363
175 3217
175 3744
175 3777
175 3948
175 4159
175 4609
175 5045
175 6056
175 6379
175 7013
175 7490
175 8046
175 8202
175 8301
175 8436
175 8650
176 242
176 646
176 1063
176 2115
176 3091
176 3104
176 4029
176 4571
176 5237
176 5280
176 6140
176 6878
176 7285
176 7923
176 7941
176 8625
176 9674
176 9745
177 449
177 666
177 735
177 1062
177 1208
177 3770
177 3981
177 4972
177 5120
177 5429
177 7312
177 7426
177 8060
177 9439
177 9579
178 295
178 1593
178 1701
178 1910
178 1945
178 2020
178 2937
178 3504
178 4645
178 4695
178 4806
178 5608
178 6377
178 6707
178 6938
178 7751
178 7864
178 8282
178 9051
178 9387
179 484
179 514
179 1692
179 1716
179 1934
179 1938
179 1958
179 2810
179 3968
179 4037
179 4202
179 4378
179 5242
179 6799
179 6904
179 7575
179 8306
179 8332
179 9812
180 432
180 1803
180 2089
180 2825
180 3385
180 4050
180 4119
180 4963
180 5320
180 5511
180 6242
180 6714
180 6955
180 8303
180 8605
180 8759
180 9693
180 9725
180 9945
181 515
181 795
181 1431
181 2361
181 3027
181 3345
181 3363
181 3924
181 3961
181 4401
181 4413
181 5229
181 5841
181 6029
181 6381
181 6987
181 7979
181 8112
181 9147
181 9510
181 9839
182 340
182 603
182 920
182 2021
182 2390
182 2790
182 3333
182 3472
182 3525
182 3726
182 5014
182 6293
182 6576
182 7163
182 7775
182 7938
182 8732
182 9350
182 9560
183 995
183 1235
183 1758
183 2974
183 4131
183 5086
183 5654
183 6314
183 7141
183 9155
184 1620
184 2698
184 2739
184 2828
184 3171
184 4696
184 5393
184 5438
184 6786
184 8866
184 9222
184 9296
184 9901
185 378
185 379
185 983
185 1100
185 1546
185 1585
185 1791
185 2158
185 2862
185 3571
185 3857
185 3915
185 4488
185 5052
185 5935
185 6046
185 6452
185 8524
185 9086
186 262
186 586
186 747
186 2060
186 2314
186 6282
186 7107
186 7476
186 7936
186 8036
186 8227
186 8570
186 9078
186 9381
187 1341
187 2130
187 2999
187 3076
187 3103
187 4046
187 5469
187 5560
187 6973
187 7161
187 7625
187 7646
187 7984
187 8073
188 1088
188 1104
188 1763
188 1783
188 2300
188 3268
188 3320
188 4211
188 5076
188 5407
188 6128
188 8969
188 9887
189 1209
189 2093
189 2107
189 2448
189 2941
189 3679
189 3977
189 5187
189 5334
189 5457
189 5561
189 5609
189 5716
189 6460
189 7624
189 7757
189 8910
189 9227
189 9565
189 9823
189 9847
190 1126
190 1619
190 3304
190 3684
190 3895
190 4181
190 4787
190 5065
190 5704
190 5754
190 6448
190 6575
190 7777
190 8599
190 8822
190 9033
191 238
191 257
191 259
191 697
191 1790
191 2529
191 3578
191 3661
191 4315
191 4573
191 5428
191 9702
192 2552
192 2833
192 3659
192 3925
192 4825
192 5182
192 5521
192 5565
192 6227
192 6696
192 7040
192 7045
192 8031
192 8587
193 224
193 668
193 1278
193 2159
193 2662
193 2710
193 3394
193 3412
193 4380
193 4576
193 5325
193 5517
193 6589
193 6941
193 8146
193 9743
194 1437
194 3065
194 3108
194 3366
194 4294
194 4659
194 4797
194 4974
194 7463
194 8932
195 435
195 834
195 1087
195 1319
195 1931
195 2702
195 4497
195 5260
195 6148
195 7581
195 7922
195 8723
195 8959
195 9030
196 600
196 1312
196 1582
196 2584
196 3296
196 4013
196 4043
196 4088
196 5770
196 6869
196 6981
196 7957
196 8913
196 9237
196 9246
196 9641
196 9978
197 211
197 580
197 816
197 867
197 1268
197 1740
197 1903
197 2373
197 2925
197 2980
197 4432
197 5653
197 6755
197 6781
197 6916
197 8268
197 8327
197 8708
197 9280
197 9314
197 9808
198 237
198 441
198 703
198 1560
198 4458
198 4612
198 5958
198 7385
198 9723
199 1080
199 1748
199 1781
199 3275
199 3371
199 4792
199 5060
199 8330
199 8421
199 9139
200 222
200 245
200 270
200 478
200 570
200 576
200 1038
200 1509
200 3491
200 3575
200 3903
200 3983
200 4650
200 5214
200 5839
200 5857
200 7039
200 7114
200 7740
200 8211
200 9240
200 9639
200 9810
201 429
201 687
201 1254
201 3875
201 6800
201 7928
201 8080
201 8517
201 9261
202 266
202 1306
202 2495
202 2874
202 3574
202 4575
202 6085
202 7917
202 7931
202 8815
202 9142
202 9277
203 1304
203 2379
203 2409
203 2547
203 3817
203 4033
203 5286
203 5879
203 5994
203 6516
203 9016
203 9903
203 9951
204 367
204 1718
204 3443
204 5676
204 6403
204 6716
204 6875
204 6942
204 8339
204 9038
204 9610
205 675
205 760
205 1471
205 1548
205 2392
205 2455
205 2491
205 3542
205 6078
205 6308
205 6406
205 7068
205 7756
205 8620
205 8634
205 9060
205 9427
205 9466
206 1812
206 1956
206 1957
206 2027
206 2893
206 2988
206 3538
206 3920
206 4546
206 4969
206 5227
206 8145
206 9293
207 505
207 915
207 1307
207 1947
207 2624
207 3117
207 3795
207 4148
207 5012
207 5783
207 6064
207 7283
208 333
208 1814
208 2518
208 3548
208 3937
208 4009
208 4606
208 4908
208 5061
208 7315
208 8215
208 8555
208 9477
209 548
209 1604
209 2772
209 2984
209 3796
209 4798
209 5048
209 7201
209 7627
209 7758
209 8469
209 8979
209 9076
209 9770
210 225
210 457
210 1673
210 2616
210 2770
210 3478
210 3798
210 3809
210 4167
210 4533
210 4542
210 6007
210 6093
210 6688
210 6984
210 7418
210 7850
210 9014
210 9969
211 4173
211 4389
211 6974
211 7862
211 8249
212 1360
212 3810
212 4525
212 5318
212 5819
212 6935
212 9157
212 9391
212 9963
213 305
213 509
213 1623
213 1644
213 2660
213 3881
213 6359
213 7326
213 7361
213 8232
213 9081
213 9171
213 9234
214 1060
214 1953
214 2435
214 3774
214 3854
214 5510
214 7276
214 7541
214 8484
214 9236
214 9910
215 301
215 1936
215 2876
215 3701
215 4036
215 7634
215 8018
215 8102
215 9292
215 9335
215 9362
216 538
216 1117
216 1358
216 2665
216 4233
216 5376
216 5515
216 6146
216 6582
216 6864
216 8266
216 9474
216 9518
216 9775
217 350
217 802
217 2423
217 4178
217 4288
217 4853
217 5261
217 5953
217 6319
217 6738
217 8548
217 9135
218 278
218 839
218 1753
218 2262
218 4007
218 4399
218 4507
218 4667
218 6065
218 6206
218 6592
218 6597
218 6654
218 7692
218 9284
218 9879
219 803
219 1196
219 1929
219 2718
219 3883
219 4451
219 5532
219 6167
219 6224
219 6371
219 8874
219 8967
219 9499
219 9589
220 1589
220 2730
220 3386
220 3687
220 5069
220 5244
220 6476
220 7094
221 1248
221 1770
221 5699
221 6132
221 7047
221 8995
221 9366
221 9701
222 831
222 1774
222 4142
222 4863
222 4979
222 5307
222 5706
222 6183
222 6752
222 6845
222 9104
223 460
223 1014
223 1913
223 3753
223 4143
223 5087
223 8647
223 9451
223 9931
224 2355
224 3067
224 3671
224 3846
224 8980
224 9070
224 9767
225 925
225 2838
225 3075
225 3836
225 3967
225 5486
225 5752
225 5907
225 6762
225 7383
225 7516
225 9282
226 261
226 1019
226 1097
226 1500
226 2801
226 3185
226 3235
226 3421
226 4220
226 4330
226 5384
226 6018
226 7089
226 9103
226 9618
226 9727
227 975
227 1859
227 3446
227 3496
227 5420
227 6434
227 7095
227 7884
227 8679
227 9490
228 782
228 4066
228 4377
228 5472
228 6580
228 7767
229 1698
229 4540
229 5236
229 5387
229 5539
229 5884
229 6121
229 7265
229 7678
229 8299
229 8485
229 8564
229 8870
230 2408
230 2503
230 2635
230 3223
230 3303
230 4285
230 4318
230 5799
230 5829
230 5842
230 6496
230 8062
230 8846
231 1466
231 1839
231 3506
231 6740
231 7183
231 7439
232 984
232 2283
232 3515
232 4483
232 5354
232 5772
232 9338
233 1142
233 1744
233 2048
233 3526
233 4813
233 7419
233 7645
233 8806
234 300
234 1037
234 1817
234 1984
234 4782
234 6131
234 6526
234 6986
234 7411
234 9192
234 9231
234 9938
235 1565
235 3451
235 6385
235 6559
235 7841
235 9216
236 1384
236 1430
236 2125
236 3129
236 3675
236 4118
236 4327
236 5080
236 5576
236 6238
236 7323
236 9161
236 9950
236 9980
237 1357
237 1563
237 1696
237 4938
237 6410
237 6846
237 8492
237 9355
238 1119
238 3514
238 7261
238 7543
238 7894
238 8518
238 9369
239 418
239 1021
239 1072
239 3133
239 3244
239 3251
239 3271
239 5437
239 6027
239 6679
239 8003
239 8235
239 8549
239 8697
239 8860
239 9682
240 727
240 1000
240 2199
240 2216
240 2527
240 2939
240 3755
240 3932
240 4475
240 4769
240 5160
240 6860
241 578
241 4619
241 6251
241 8304
241 9075
241 9165
241 9845
242 1091
242 1426
242 4117
242 5251
242 6691
242 7480
242 7754
242 8167
242 8486
242 8609
243 1388
243 1555
243 2887
243 4859
243 5990
243 9806
244 267
244 840
244 1808
244 2508
244 4198
244 5008
244 5980
244 7999
244 8287
244 9242
245 1472
245 3764
245 4260
245 4658
245 5204
245 5756
245 6466
245 7911
245 8200
245 8357
246 780
246 1011
246 2949
246 3477
246 4985
246 5661
246 7301
246 8051
246 8086
246 9635
247 606
247 1265
247 1708
247 2124
247 4129
247 5506
247 6050
247 7099
247 7750
248 557
248 1255
248 4550
248 7328
248 7497
248 9568
249 2075
249 2275
249 4087
249 8901
250 4103
250 4941
250 5815
250 8350
250 9294
251 474
251 861
251 1029
251 3347
251 3734
251 3991
251 6880
251 7111
251 7420
251 7539
252 4517
252 4584
252 7253
252 7969
252 8383
252 9608
253 827
253 1950
253 2763
253 5418
253 9197
254 298
254 2606
254 2991
254 5353
254 6640
254 8672
255 1735
255 4901
255 8506
255 8582
255 8871
256 930
256 1637
256 2190
256 2358
256 4815
256 6137
256 7008
256 7677
256 9997
257 1213
257 4073
257 5093
257 5259
257 7842
258 3487
258 5135
258 7673
258 9502
259 696
259 2820
259 3365
259 5331
259 5465
259 6731
259 7091
259 7985
259 9116
260 3047
260 3329
260 5545
260 7092
260 8094
260 8740
260 9420
261 870
261 1051
261 2281
261 2826
261 3891
261 5097
261 5948
261 6320
261 8653
262 732
262 931
262 1461
262 6886
262 8398
263 2238
263 3549
263 3623
263 4922
263 5038
263 5897
263 6527
263 7181
263 7357
263 8008
263 8663
263 9079
264 631
264 1047
264 1727
264 5146
264 9829
265 426
265 1036
265 1659
265 5064
265 6801
265 7126
265 8426
265 9136
266 2898
266 3763
266 5695
266 5944
266 7766
266 8989
267 272
267 319
267 2191
267 3609
267 4684
267 7797
267 9019
267 9698
267 9803
268 5436
269 442
269 1355
269 2973
269 3149
269 3265
269 9342
270 1257
270 3888
270 5447
270 6563
270 8394
270 8673
271 2995
271 3681
271 4783
271 7050
271 9064
271 9713
272 1949
272 3942
272 4115
272 5316
272 6015
272 7893
272 8520
273 420
273 680
273 2185
273 2371
273 2540
273 4761
273 6823
273 8961
274 573
274 1180
274 5415
274 6255
274 7069
275 2650
275 6405
275 8561
275 9382
276 427
276 3291
276 3392
276 3703
276 6073
276 6871
276 8579
276 9309
276 9697
277 701
277 776
277 1220
277 2673
277 3804
277 4809
277 5598
277 6022
277 7536
278 1343
278 1916
278 3377
278 5677
278 6016
278 7799
279 3950
279 6858
279 7537
279 7816
280 1979
280 5785
280 8057
281 1926
281 3009
281 4878
281 8384
282 445
282 531
282 2524
282 3856
282 8403
282 8852
282 9248
282 9796
283 1203
283 1700
283 1908
283 1983
283 2767
283 3935
283 4234
283 4603
284 571
284 1529
284 3364
284 4067
284 4196
284 4788
284 6979
284 7267
284 8848
285 1139
285 1291
285 1526
285 1583
285 2623
285 4381
285 5051
285 7505
285 8371
286 5050
286 6517
287 1331
287 2209
287 4949
287 6658
287 8066
287 9053
288 1576
288 2420
288 3494
288 8092
288 8498
288 8728
288 9577
289 628
289 1707
289 2791
289 4629
289 8544
289 8545
290 359
290 2850
290 5314
290 7225
290 7563
290 9896
290 9998
291 419
291 968
291 1513
291 2141
291 2285
291 2449
291 3775
291 5067
291 5402
291 8946
291 9724
291 10000
292 1773
292 3901
292 4468
293 328
293 1596
293 6211
293 6956
293 7227
294 724
294 6370
295 2530
295 3595
295 5090
295 5562
295 6025
295 6439
295 8877
296 334
296 1369
296 2322
296 5195
296 7309
296 8811
296 9868
297 1218
297 3006
297 6544
297 8509
297 9892
298 1818
298 4376
298 4755
298 7879
299 8880
300 2241
300 3971
300 7827
301 1118
301 2393
302 2649
302 2797
302 8326
303 4478
304 2356
304 5175
304 8204
305 1055
305 3455
305 4950
305 4998
305 6728
305 7523
305 8786
306 2712
306 4951
306 6533
306 7119
307 853
307 2461
307 3000
307 5309
307 6176
307 7652
307 7983
309 5848
309 7795
310 845
310 2123
310 2404
310 3581
310 4224
310 4777
310 5782
310 8310
310 8477
310 9445
310 9613
311 1351
311 9221
312 1077
312 3620
312 3911
312 5650
312 7065
312 7513
312 9798
314 1709
314 1946
314 2003
314 3355
314 4826
314 6343
314 6503
314 7082
314 8921
314 9298
315 672
315 1755
315 2014
315 5421
315 6488
316 1494
316 5710
316 7907
317 838
317 8020
317 8833
318 1734
318 4078
318 7273
319 5210
319 6637
319 7988
320 2877
320 7441
321 2009
321 2422
321 3194
321 4639
321 8205
321 9132
322 369
322 411
322 5569
322 8859
322 9001
323 397
323 3168
323 3449
323 6903
323 8378
323 8974
324 1624
324 4126
324 4687
324 5682
324 6934
324 9119
325 1113
325 7618
326 2512
326 5102
326 5128
326 6278
327 1297
327 2436
327 6361
327 7155
328 1149
328 9900
329 2350
329 5693
329 6418
329 9066
330 3169
331 691
331 3336
331 4423
331 9503
332 593
332 4959
333 565
333 1020
333 3052
333 3953
334 2391
334 5016
334 8665
335 621
335 4092
335 5114
335 7806
335 8788
335 9628
336 2541
336 6266
337 552
337 932
337 1723
337 2664
337 3180
337 5998
337 9982
338 352
338 3046
338 4485
338 4597
338 6062
338 6297
338 8015
338 8272
339 3653
340 461
340 1832
340 4348
340 5718
340 9517
341 6048
342 4989
342 9541
343 2389
343 4637
343 9271
344 9481
345 669
345 2783
345 3970
345 5373
345 9212
346 7373
347 1549
347 4016
347 9916
348 1687
348 6417
348 7769
349 612
349 1354
349 1682
349 2157
349 2223
349 9759
350 1917
350 3862
350 9354
351 1197
351 4626
351 8712
352 3289
352 4396
352 7346
352 8508
353 4711
353 5773
353 8239
354 7990
354 8250
355 1882
355 6946
356 1932
356 4954
356 5687
356 8462
357 2915
357 5100
357 6089
357 6312
357 7208
357 7696
357 8770
358 5586
359 1731
359 2578
359 5791
360 6594
360 6646
360 7848
361 1073
361 6212
362 2272
362 6796
363 372
363 6328
363 9999
366 4227
366 5607
366 8457
367 1261
367 2282
367 8370
368 3502
369 6789
370 5503
370 6584
370 7116
370 8668
371 8919
372 1130
372 1453
373 385
373 1076
373 7803
374 1143
374 6521
374 7525
374 9290
375 4249
375 8343
376 1030
376 1230
376 1323
377 1615
378 3728
378 5273
378 7956
379 843
379 6350
379 8470
380 3852
380 5746
381 1440
381 1649
381 9339
381 9370
382 674
382 2633
382 2841
382 5887
383 2784
383 6011
383 7469
384 7149
385 1782
385 3428
386 3921
386 7084
387 739
387 1492
387 3806
388 8926
389 1061
389 7916
389 9522
390 3704
390 6285
391 477
391 1310
391 5522
392 3013
392 3213
392 6923
393 6026
394 3398
395 746
395 1884
395 3988
395 4384
399 3518
399 6019
399 7656
400 2875
400 5698
400 8129
400 9006
401 922
402 3512
402 6436
403 1236
403 2354
403 3832
403 4069
403 8982
404 5077
404 9183
405 4429
406 4372
406 4731
407 1183
407 1906
407 4871
407 8889
408 491
408 8511
409 1108
409 5982
409 9152
410 1109
410 1274
411 6822
411 9918
413 700
413 955
413 9397
413 9799
414 4940
414 7888
415 633
415 7438
415 8670
415 9873
416 5096
417 1656
417 9755
419 6748
419 8189
420 4333
421 9480
422 1338
422 1610
423 8348
424 5696
425 545
426 8876
428 685
429 3776
429 7989
429 9085
429 9347
432 5342
434 1871
434 9902
435 4566
436 9410
437 2113
437 8533
439 1023
440 8002
441 3137
441 7413
442 684
442 6101
443 614
443 5962
444 8187
445 2242
445 7495
447 3378
450 523
452 7945
452 9077
454 4021
455 5956
455 8276
457 2154
457 3576
460 810
460 5540
460 8141
461 2337
461 8014
464 3561
464 7341
465 720
465 2307
466 9463
468 6150
469 616
470 3002
470 3059
474 4555
474 4712
474 9826
475 5550
475 6997
478 1684
478 2964
478 6461
481 6891
482 8329
485 4740
489 1399
491 2153
492 5169
492 6669
496 2174
497 8908
498 6843
502 3769
502 9890
504 6601
505 9379
506 5689
510 4660
518 2709
519 3781
521 751
522 1459
522 3115
524 9415
525 9020
532 4141
536 1725
536 8419
540 8194
543 2856
544 9096
545 663
550 9025
554 1658
554 9061
555 8169
556 9942
559 6780
559 9087
566 5808
566 8597
567 2025
568 9921
583 1968
584 9647
591 3955
607 1240
607 2493
612 9121
615 4314
618 8063
630 4177
640 7698
647 9880
671 4636
673 713
674 6737
674 9360
684 4286
705 9395
711 4668
715 5601
720 4842
720 9819
789 9825
794 7798
844 7412
847 5927
904 2016
941 3342
