1 63
1 66
1 107
1 140
1 169
1 203
1 291
1 301
1 331
1 355
1 401
1 510
1 593
1 651
1 766
1 810
1 891
1 993
1 1017
2 27
2 64
2 93
2 181
2 208
2 217
2 232
2 253
2 301
2 312
2 350
2 393
2 404
2 499
2 582
2 619
2 655
2 671
2 707
2 735
2 791
2 811
2 833
2 1039
3 168
3 199
3 206
3 250
3 457
3 462
3 511
3 542
3 614
3 645
3 694
3 727
3 743
3 931
3 948
3 1044
3 1049
4 138
4 204
4 215
4 291
4 420
4 430
4 464
4 526
4 548
4 594
4 663
4 667
4 672
4 733
4 816
4 825
4 849
4 874
4 914
4 954
4 964
4 968
4 1068
5 60
5 136
5 183
5 222
5 256
5 272
5 303
5 323
5 451
5 455
5 456
5 480
5 554
5 697
5 836
5 889
5 927
5 946
5 1047
5 1069
6 17
6 214
6 284
6 337
6 453
6 490
6 508
6 516
6 522
6 546
6 676
6 703
6 723
6 740
6 773
6 830
6 837
6 850
6 894
6 975
6 1006
6 1009
6 1022
6 1026
6 1037
6 1044
7 28
7 43
7 92
7 163
7 174
7 176
7 235
7 238
7 261
7 278
7 313
7 368
7 536
7 554
7 628
7 704
7 769
7 910
7 936
7 943
7 972
7 995
7 1029
7 1049
8 67
8 117
8 338
8 370
8 503
8 599
8 613
8 627
8 657
8 737
8 795
8 815
8 819
8 944
8 1062
9 57
9 124
9 260
9 263
9 277
9 314
9 344
9 348
9 356
9 462
9 492
9 514
9 532
9 552
9 558
9 789
9 867
9 1000
9 1062
9 1067
10 32
10 38
10 87
10 165
10 199
10 252
10 384
10 400
10 562
10 751
10 828
10 834
10 847
10 950
10 1002
11 37
11 199
11 266
11 343
11 352
11 431
11 434
11 481
11 484
11 518
11 684
11 687
11 1001
11 1015
11 1018
11 1046
12 17
12 29
12 42
12 392
12 423
12 573
12 580
12 608
12 623
12 730
12 734
12 778
12 891
12 994
12 1025
12 1063
13 107
13 185
13 255
13 259
13 316
13 389
13 524
13 650
13 711
13 747
13 753
13 783
13 784
13 902
13 1073
14 109
14 240
14 256
14 488
14 706
14 1058
14 1059
15 83
15 176
15 200
15 334
15 377
15 381
15 429
15 468
15 555
15 622
15 665
15 685
15 720
15 745
15 878
15 971
16 55
16 102
16 105
16 128
16 152
16 154
16 248
16 260
16 383
16 410
16 497
16 509
16 530
16 579
16 744
16 768
16 796
16 1061
17 26
17 79
17 227
17 268
17 799
17 826
17 869
17 1035
17 1060
18 63
18 77
18 143
18 213
18 236
18 242
18 243
18 249
18 292
18 413
18 465
18 512
18 586
18 641
18 708
18 765
18 916
18 963
19 26
19 41
19 65
19 157
19 318
19 359
19 426
19 561
19 589
19 648
19 804
19 845
19 882
19 898
19 920
19 939
19 999
19 1010
20 27
20 34
20 71
20 125
20 180
20 341
20 501
20 564
20 669
20 852
20 856
20 1033
21 58
21 93
21 330
21 419
21 538
21 758
21 818
21 917
22 64
22 274
22 394
22 405
22 521
22 578
22 846
22 853
22 965
22 980
22 985
22 1019
22 1065
23 43
23 106
23 129
23 257
23 342
23 442
23 471
23 668
23 713
23 762
23 806
23 915
23 924
23 955
23 996
23 1048
23 1056
24 103
24 238
24 275
24 281
24 294
24 358
24 360
24 424
24 437
24 601
24 686
24 698
24 699
24 782
24 802
24 870
24 875
25 85
25 176
25 245
25 283
25 304
25 376
25 386
25 406
25 618
25 636
25 642
25 724
25 831
25 892
25 900
25 949
25 1012
26 40
26 162
26 184
26 385
26 470
26 640
26 702
26 838
26 843
26 913
26 941
27 113
27 216
27 450
27 567
27 705
27 774
27 876
27 879
27 938
27 951
27 1070
28 254
28 265
28 297
28 440
28 485
28 848
28 930
28 986
29 201
29 280
29 287
29 365
29 506
29 571
29 646
29 803
29 823
29 872
29 1071
30 99
30 111
30 123
30 147
30 179
30 203
30 225
30 345
30 469
30 472
30 551
30 575
30 662
30 715
30 820
30 890
30 919
31 157
31 210
31 289
31 445
31 780
31 790
31 832
31 871
31 960
32 333
32 477
32 595
32 598
32 738
32 771
32 865
32 907
32 1011
32 1032
33 42
33 62
33 69
33 177
33 290
33 299
33 466
33 565
33 809
33 812
33 947
34 50
34 116
34 139
34 191
34 346
34 407
34 487
34 666
34 746
34 822
34 827
34 866
34 909
35 55
35 219
35 293
35 375
35 388
35 421
35 533
35 616
35 689
36 124
36 130
36 161
36 310
36 379
36 382
36 489
36 560
36 624
36 637
36 677
36 692
36 886
36 922
36 998
37 156
37 403
37 475
37 537
37 658
37 752
37 821
37 976
38 53
38 54
38 86
38 205
38 212
38 326
38 528
38 588
38 855
38 1016
39 100
39 143
39 196
39 409
39 427
39 611
39 794
39 906
39 966
39 1045
40 194
40 547
40 585
40 653
40 656
40 757
40 962
41 153
41 207
41 220
41 324
41 402
41 739
41 839
41 923
42 84
42 193
42 491
42 570
42 574
42 606
42 638
42 649
42 787
43 494
43 664
43 673
43 736
43 958
43 981
43 1013
43 1021
44 52
44 72
44 146
44 155
44 209
44 223
44 405
44 438
44 566
44 691
44 756
44 817
44 860
44 896
44 932
44 1066
45 79
45 188
45 276
45 321
45 372
45 714
45 750
45 895
45 935
45 959
46 74
46 96
46 138
46 285
46 361
46 452
46 483
46 604
46 675
46 678
46 755
46 982
46 1038
47 81
47 116
47 229
47 258
47 320
47 425
47 447
47 925
47 1004
48 113
48 267
48 311
48 373
48 467
48 527
48 725
48 989
49 201
49 241
49 271
49 322
49 460
49 644
49 670
49 862
49 953
49 1020
50 282
50 495
50 563
50 807
50 813
50 901
50 921
50 956
51 298
51 427
51 433
51 700
51 992
52 104
52 173
52 178
52 328
52 444
52 559
52 717
53 61
53 164
53 171
53 197
53 279
53 398
53 486
54 141
54 167
54 502
54 541
54 577
54 908
55 90
55 418
55 454
55 635
55 863
55 887
55 893
55 897
56 64
56 137
56 363
56 754
56 814
56 851
56 928
56 970
56 1036
56 1054
57 246
57 307
57 336
57 979
58 182
58 367
58 535
58 942
58 1034
58 1042
59 77
59 94
59 175
59 296
59 315
59 690
59 777
59 934
60 309
60 415
60 436
60 905
61 134
61 144
61 230
61 270
61 369
61 417
61 763
61 945
61 983
61 988
62 115
62 166
62 192
62 443
62 798
62 918
63 108
63 244
63 302
63 397
63 482
63 592
63 633
64 237
64 390
64 557
64 701
64 710
65 476
65 496
65 722
65 779
65 899
65 903
65 967
66 190
66 295
66 693
66 801
67 325
67 347
67 617
67 741
67 776
67 969
67 1027
68 143
68 195
68 1040
69 132
69 371
69 387
69 493
69 629
69 978
69 1030
70 71
70 198
70 545
70 630
70 634
70 785
70 973
71 234
71 721
71 835
72 286
72 498
72 539
72 587
72 840
72 868
72 1031
73 81
73 142
73 160
73 411
73 631
73 764
73 1051
74 591
74 775
74 952
75 125
75 172
75 505
75 576
75 659
75 797
76 103
76 121
76 683
76 760
76 961
76 974
76 1053
77 354
77 1043
78 86
78 479
78 523
78 904
78 1003
79 118
79 540
79 612
79 1005
80 90
80 317
80 517
80 749
80 792
80 1050
81 399
81 568
81 607
81 632
81 682
81 859
82 150
82 324
82 679
82 728
83 459
83 940
83 1028
84 97
84 221
85 95
85 149
85 416
86 226
86 327
86 463
86 696
87 335
87 543
88 105
88 408
88 504
89 145
89 183
89 300
89 507
89 597
89 680
89 788
89 912
90 233
90 519
90 793
91 213
91 602
91 864
91 880
92 127
92 131
92 158
92 351
92 529
92 877
93 114
93 148
93 378
93 432
93 448
93 515
94 228
94 661
95 446
95 933
96 353
96 600
96 674
96 937
96 1064
97 218
97 391
97 929
97 957
98 100
98 101
98 264
99 112
99 151
99 339
99 380
99 458
99 991
100 534
100 732
100 844
101 224
102 126
102 364
103 603
103 1014
104 159
104 428
104 620
105 681
106 374
106 652
106 873
107 119
107 1041
108 122
108 239
108 1055
109 639
109 786
109 861
109 1023
110 196
110 332
110 449
111 1072
112 520
112 544
112 605
112 884
113 133
113 549
114 362
114 742
116 366
116 412
116 997
117 759
117 800
118 553
118 824
119 643
119 726
119 1008
120 228
122 435
122 550
122 984
123 187
123 729
124 1007
125 414
126 572
126 718
126 770
127 719
127 885
127 1052
128 569
128 596
128 858
129 262
129 395
129 716
130 513
130 1057
131 987
133 211
134 308
134 911
135 153
136 615
137 251
137 1024
138 186
138 306
138 329
139 474
139 808
140 583
140 654
142 854
143 805
144 990
146 695
147 829
148 772
149 625
149 842
150 170
150 977
152 531
153 269
153 731
155 305
155 610
156 422
157 748
158 439
159 525
162 761
163 500
165 688
167 473
167 926
170 319
172 478
177 340
185 349
186 841
187 590
189 281
189 626
191 357
192 288
195 231
195 781
199 584
202 215
202 441
203 767
207 881
214 888
216 621
222 273
223 647
224 581
229 660
246 712
247 346
259 396
262 556
264 609
270 709
280 461
284 883
334 857
