1 333
1 493
1 807
1 880
1 897
1 952
1 1005
1 1094
1 1889
1 1899
1 1918
1 1930
1 1993
1 2578
1 2643
1 2668
1 2671
1 3298
1 3605
1 3671
1 4025
1 4175
1 4193
1 4343
1 4670
1 4955
2 92
2 910
2 1510
2 1650
2 2126
2 2274
2 2591
2 3176
2 3242
2 4294
2 4306
2 4466
2 4660
2 4825
2 4928
2 4995
3 708
3 753
3 887
3 968
3 1042
3 1316
3 1699
3 1744
3 1813
3 1871
3 1882
3 2313
3 2441
3 2589
3 3174
3 3937
3 4367
3 4576
3 4803
3 4866
3 4874
3 4957
4 260
4 360
4 459
4 567
4 777
4 1617
4 1704
4 1750
4 1897
4 2024
4 2510
4 2802
4 2985
4 3042
4 3467
4 3483
4 3568
4 3590
4 3751
4 4047
4 4109
4 4263
4 4588
4 4696
4 4807
5 984
5 2084
5 2134
5 2219
5 2300
5 2430
5 2506
5 2594
5 2705
5 2720
5 2938
5 3188
5 3298
5 3730
5 3752
5 3934
5 4034
5 4414
5 4690
6 246
6 324
6 500
6 684
6 693
6 1045
6 1083
6 1710
6 1803
6 1866
6 1948
6 2067
6 2234
6 3038
6 3106
6 3123
6 3286
6 3369
6 3507
6 3575
6 3647
6 3865
6 3975
6 4013
6 4335
6 4516
6 4784
7 30
7 218
7 226
7 518
7 727
7 885
7 1821
7 2159
7 2189
7 2806
7 2875
7 2951
7 3152
7 3223
7 3732
7 3747
7 4002
7 4177
7 4264
7 4655
8 36
8 1000
8 1112
8 1571
8 1675
8 1680
8 1683
8 1771
8 1777
8 2118
8 2195
8 2288
8 2346
8 2539
8 2576
8 2611
8 3303
8 3616
8 4266
8 4548
8 4659
9 723
9 926
9 1005
9 1115
9 1559
9 1640
9 2013
9 2031
9 2161
9 2420
9 2591
9 2632
9 2736
9 2786
9 2829
9 3071
9 3080
9 3372
9 4076
9 4319
9 4849
9 4918
10 260
10 570
10 891
10 1190
10 1232
10 1289
10 1500
10 2244
10 2378
10 2467
10 2559
10 2692
10 3056
10 3480
10 3951
10 4979
11 655
11 937
11 1062
11 1169
11 1589
11 1873
11 2066
11 2232
11 2296
11 2332
11 2504
11 2664
11 3022
11 3103
11 3300
11 3864
11 3894
11 4338
11 4429
11 4583
12 30
12 303
12 356
12 578
12 855
12 1112
12 1392
12 1537
12 1628
12 1783
12 2395
12 2624
12 2685
12 2796
12 2813
12 2831
12 3009
12 3902
12 4164
12 4502
12 4730
12 4935
13 676
13 1037
13 1038
13 1426
13 1806
13 2014
13 2279
13 2383
13 2475
13 3342
13 3806
13 3929
13 4045
13 4532
13 4662
13 4668
14 171
14 355
14 381
14 621
14 910
14 1385
14 1529
14 1742
14 2344
14 2552
14 3172
14 3219
14 3445
14 3590
14 3750
14 3844
14 3988
14 4144
14 4168
14 4247
14 4919
15 142
15 637
15 1738
15 1961
15 2040
15 2252
15 2431
15 2848
15 2902
15 3043
15 3414
15 3594
15 3621
15 3624
15 3644
15 3869
15 3928
15 4226
15 4491
16 152
16 751
16 826
16 1027
16 1086
16 1196
16 1200
16 1360
16 1725
16 2075
16 2317
16 2694
16 2797
16 3242
16 3895
16 4033
16 4116
16 4152
16 4504
16 4519
16 4663
16 4841
17 19
17 710
17 1233
17 1509
17 1645
17 1690
17 1699
17 1772
17 1942
17 2462
17 2530
17 2559
17 2637
17 2843
17 3280
17 3289
17 3813
17 4209
17 4378
17 4707
18 39
18 444
18 474
18 886
18 1000
18 1464
18 1484
18 1568
18 1668
18 1847
18 2029
18 2071
18 2135
18 2262
18 2379
18 3541
18 3613
18 4476
18 4586
18 4657
19 302
19 946
19 1286
19 1305
19 1449
19 1580
19 1632
19 1906
19 2135
19 2256
19 2451
19 2728
19 3118
19 3134
19 3181
19 3236
19 3373
19 3458
19 3658
19 3759
19 3784
19 3850
19 4537
19 4899
19 4923
20 206
20 331
20 1175
20 1226
20 1284
20 1430
20 1642
20 1956
20 2065
20 2210
20 2219
20 2221
20 2333
20 2457
20 2652
20 2812
20 2867
20 2892
20 3322
20 3718
20 3743
20 3972
20 3990
20 4000
20 4376
20 4666
20 4902
21 501
21 713
21 758
21 1201
21 1708
21 1878
21 1943
21 1965
21 2020
21 2214
21 2274
21 2605
21 2954
21 3192
21 3587
21 3631
21 3693
21 3761
21 3820
21 4272
21 4369
21 4401
21 4735
21 4833
22 64
22 445
22 471
22 556
22 624
22 713
22 1209
22 1429
22 1549
22 1667
22 2102
22 2286
22 2564
22 2614
22 2717
22 3098
22 3165
22 3198
22 3471
22 3554
22 4071
22 4220
22 4314
22 4681
23 329
23 667
23 699
23 957
23 1195
23 1253
23 1521
23 1681
23 2085
23 2401
23 2458
23 2534
23 2712
23 2785
23 2826
23 2982
23 3109
23 3169
23 3311
23 3431
23 3512
23 3534
23 3571
23 3579
23 3617
23 3688
23 3790
23 3837
23 4025
23 4094
23 4153
23 4354
23 4411
23 4523
23 4566
23 4975
24 308
24 402
24 416
24 538
24 791
24 844
24 1002
24 1040
24 1171
24 1252
24 1402
24 1849
24 2088
24 2227
24 2309
24 2325
24 2646
24 2927
24 2980
24 3111
24 3359
24 3667
24 3815
24 3880
24 3925
24 4042
24 4467
24 4670
25 261
25 437
25 511
25 851
25 1150
25 1881
25 2294
25 2471
25 2579
25 2822
25 3070
25 3114
25 3178
25 3231
25 3645
25 3655
25 3858
25 4500
25 4862
25 4876
25 4943
26 381
26 383
26 1014
26 1090
26 1117
26 1185
26 1945
26 1961
26 2281
26 2419
26 2501
26 3104
26 3254
26 3535
26 3645
26 4444
26 4675
26 4701
26 4772
26 4823
27 430
27 743
27 755
27 904
27 1026
27 1039
27 1252
27 1258
27 1502
27 1514
27 1758
27 1866
27 1982
27 2375
27 3059
27 3131
27 3757
27 3872
27 4192
27 4248
27 4787
27 4870
27 4916
28 150
28 438
28 1278
28 1503
28 1521
28 1755
28 2648
28 3034
28 3842
28 3954
29 251
29 539
29 654
29 661
29 849
29 1247
29 1445
29 1707
29 1849
29 1895
29 2208
29 2522
29 2775
29 3039
29 3357
29 3725
29 3897
29 3984
29 4090
29 4265
29 4383
29 4583
29 4639
30 222
30 750
30 1069
30 1301
30 1689
30 1857
30 2203
30 2331
30 2415
30 2604
30 2670
30 2723
30 2817
30 3324
30 3808
30 3823
30 3927
30 4061
30 4115
30 4119
30 4281
30 4300
30 4729
30 4890
30 4948
31 77
31 240
31 545
31 1010
31 1150
31 1609
31 1614
31 2513
31 3143
31 3368
31 3798
31 3862
31 3877
31 4069
31 4451
31 4672
31 4828
32 115
32 365
32 392
32 680
32 950
32 1784
32 1872
32 2024
32 2025
32 2192
32 2242
32 2287
32 2335
32 2743
32 3107
32 3408
32 3630
32 4421
32 4793
32 4887
33 323
33 534
33 728
33 734
33 836
33 850
33 857
33 917
33 1038
33 1103
33 1257
33 1364
33 1572
33 1637
33 1706
33 2134
33 2487
33 2617
33 2711
33 3105
33 3309
33 3493
33 3697
33 3778
33 4207
33 4388
33 4574
34 206
34 238
34 384
34 481
34 889
34 907
34 998
34 1256
34 1279
34 1283
34 1450
34 1480
34 1653
34 1713
34 2304
34 2387
34 2585
34 2837
34 2853
34 3162
34 3350
34 3489
34 3710
34 4029
34 4039
34 4235
34 4310
34 4387
34 4521
34 4959
35 68
35 90
35 555
35 816
35 882
35 1106
35 1110
35 1220
35 1600
35 1752
35 1897
35 2276
35 3323
35 3387
35 3561
35 3853
35 3867
35 3892
35 4174
35 4246
35 4608
35 4871
35 4984
36 144
36 167
36 253
36 576
36 628
36 919
36 1646
36 1798
36 2265
36 2359
36 3023
36 3888
36 3964
36 4456
36 4526
36 4777
36 4785
37 548
37 573
37 660
37 1188
37 1304
37 1780
37 1984
37 2021
37 2832
37 2853
37 3264
37 3265
37 4023
37 4066
37 4385
37 4492
37 4645
37 4855
37 4906
38 185
38 298
38 785
38 960
38 977
38 1404
38 1647
38 2298
38 2481
38 2792
38 3156
38 3533
38 4007
38 4152
38 4364
38 4839
39 91
39 107
39 317
39 593
39 692
39 877
39 884
39 1080
39 1243
39 1439
39 1504
39 2511
39 2731
39 2852
39 3184
39 3244
39 3506
39 3611
39 3705
39 3965
39 4195
39 4349
39 4413
39 4480
39 4533
39 4556
40 517
40 548
40 679
40 744
40 1408
40 2047
40 2246
40 2407
40 2699
40 2773
40 2774
40 2847
40 2897
40 3075
40 4561
40 4619
40 4629
41 105
41 307
41 323
41 646
41 798
41 814
41 1318
41 1386
41 1421
41 1728
41 1900
41 2165
41 2235
41 2338
41 3245
41 3277
41 3366
41 3569
41 4290
41 4348
41 4375
41 4560
42 491
42 537
42 651
42 809
42 967
42 1050
42 1330
42 1533
42 1726
42 1759
42 1767
42 1856
42 2517
42 2651
42 2982
42 3556
42 3950
42 4022
42 4072
42 4275
42 4527
42 4621
42 4894
42 4911
42 4934
42 4966
43 95
43 237
43 330
43 424
43 985
43 1195
43 1741
43 1855
43 2146
43 2449
43 2519
43 2823
43 2838
43 3079
43 3113
43 3351
43 3776
43 4098
43 4826
44 426
44 431
44 826
44 888
44 928
44 1512
44 1535
44 1932
44 2056
44 2158
44 2293
44 2404
44 2629
44 2793
44 3735
44 3966
44 4132
44 4206
44 4575
44 4958
45 296
45 575
45 1186
45 1226
45 1846
45 1870
45 2154
45 2180
45 2580
45 2673
45 2681
45 2839
45 3168
45 3336
45 3755
45 4107
45 4222
45 4468
45 4615
45 4744
45 4745
46 98
46 139
46 307
46 1684
46 1804
46 2779
46 4001
46 4280
46 4572
46 4698
46 4809
46 4942
46 4988
47 547
47 648
47 649
47 820
47 1046
47 1121
47 1167
47 1454
47 1649
47 1994
47 2076
47 2489
47 2546
47 2764
47 2848
47 3859
47 4415
47 4685
47 4905
47 4930
48 122
48 341
48 472
48 659
48 1093
48 1495
48 1550
48 1849
48 2545
48 2551
48 2567
48 2815
48 3027
48 3272
48 3686
48 3968
48 4134
48 4185
48 4458
48 4650
48 4867
49 441
49 532
49 1136
49 1211
49 1255
49 1564
49 1565
49 1622
49 1670
49 1881
49 1923
49 2385
49 2398
49 2508
49 2588
49 2801
49 2926
49 3008
49 3058
49 3065
49 3427
49 3551
49 4099
49 4328
49 4584
50 158
50 249
50 328
50 610
50 707
50 807
50 1058
50 1059
50 1102
50 1428
50 1694
50 1805
50 2447
50 2760
50 3315
50 3384
50 3664
50 4279
50 4315
50 4482
51 88
51 436
51 446
51 751
51 1391
51 1763
51 1886
51 2063
51 2216
51 2384
51 2473
51 2548
51 3448
51 3942
51 4334
51 4599
51 4780
51 4831
51 4944
52 239
52 267
52 283
52 352
52 386
52 597
52 1209
52 1312
52 1384
52 1669
52 2045
52 2860
52 2983
52 3911
52 4165
52 4308
52 4428
53 261
53 454
53 1314
53 1765
53 1832
53 2153
53 2157
53 2231
53 2268
53 2622
53 2981
53 2990
53 3142
53 4064
54 61
54 193
54 598
54 640
54 771
54 819
54 1088
54 1225
54 1371
54 1519
54 1563
54 1722
54 2373
54 2720
54 2730
54 2970
54 3028
54 3643
54 4250
54 4753
55 104
55 174
55 533
55 816
55 971
55 1022
55 1353
55 2319
55 2550
55 3313
55 3409
55 3444
55 3810
55 3834
55 3841
55 3922
55 3981
55 4289
55 4407
55 4509
55 4693
55 4941
56 111
56 520
56 600
56 713
56 1383
56 1718
56 1952
56 2381
56 2563
56 2763
56 2889
56 2965
56 3195
56 3416
56 3564
56 3848
56 4105
56 4517
56 4830
57 289
57 646
57 1072
57 2155
57 2570
57 3164
57 3627
57 3741
57 3836
57 3871
57 4043
57 4417
57 4495
57 4635
57 4859
57 4936
58 357
58 621
58 691
58 1698
58 1799
58 1949
58 2748
58 3602
58 3637
58 4086
58 4242
58 4926
58 4931
58 4980
59 243
59 833
59 862
59 905
59 956
59 1163
59 1351
59 2012
59 2118
59 2124
59 2191
59 2484
59 2732
59 2737
59 3548
59 4219
60 160
60 348
60 988
60 1111
60 1429
60 2228
60 2746
60 3064
60 3146
60 3753
60 3847
60 3999
60 4089
60 4487
61 736
61 742
61 976
61 986
61 1036
61 1123
61 1322
61 1418
61 1838
61 1927
61 2015
61 2181
61 2412
61 3420
61 3573
61 3762
61 4038
61 4234
61 4296
61 4603
61 4706
61 4861
62 70
62 244
62 377
62 683
62 896
62 920
62 1360
62 1483
62 1825
62 2230
62 2758
62 3040
62 3221
62 3316
62 3581
62 3737
62 3943
62 4123
62 4363
62 4898
63 208
63 643
63 863
63 960
63 1487
63 2003
63 2103
63 2156
63 3208
63 3222
63 4149
63 4184
64 784
64 864
64 903
64 912
64 1293
64 1518
64 1558
64 2455
64 2833
64 2919
64 3301
64 3576
64 4245
64 4605
64 4775
65 349
65 532
65 853
65 973
65 1192
65 1508
65 1652
65 1863
65 1963
65 2086
65 2721
65 3273
65 3435
65 3522
65 3763
65 3830
65 3898
65 4008
65 4447
65 4620
65 4778
65 4998
66 378
66 426
66 560
66 945
66 1063
66 1403
66 2018
66 2266
66 3263
66 3292
66 3379
66 3619
66 3700
66 4270
67 927
67 1038
67 1126
67 1272
67 1488
67 1523
67 1801
67 1824
67 1935
67 2450
67 3191
67 3498
67 3598
67 3653
67 3793
67 3802
67 4286
67 4299
67 4352
67 4587
67 4736
68 131
68 141
68 759
68 782
68 978
68 1048
68 1147
68 2170
68 2245
68 2303
68 2845
68 3217
68 4030
68 4355
68 4723
68 4754
69 210
69 679
69 982
69 1328
69 1367
69 1496
69 1677
69 1700
69 1820
69 3036
69 3558
69 4483
70 102
70 732
70 1332
70 1590
70 1596
70 1791
70 1808
70 1921
70 2360
70 2380
70 2461
70 2514
70 2877
70 3567
70 3795
70 3803
70 4837
70 4983
71 825
71 875
71 881
71 928
71 1595
71 2019
71 2087
71 2188
71 2353
71 2498
71 2716
71 2719
71 2969
71 3816
71 3870
71 4422
71 4752
71 4763
71 4880
72 1703
72 1723
72 1786
72 1939
72 2163
72 2244
72 2312
72 3160
72 3441
72 3595
72 3719
72 3783
72 4511
72 4794
72 4987
73 841
73 905
73 1553
73 1864
73 1917
73 2598
73 2997
73 3044
73 3246
73 3475
73 3791
73 4015
73 4278
73 4425
74 402
74 768
74 1513
74 1678
74 1916
74 1922
74 2070
74 2090
74 2260
74 2656
74 3051
74 3170
74 3216
74 3497
74 3673
74 4313
74 4651
75 107
75 367
75 1085
75 1250
75 1546
75 1785
75 1928
75 2988
75 3457
75 3492
75 3789
75 4433
76 234
76 360
76 1442
76 1460
76 1594
76 1605
76 1659
76 3026
76 3173
76 3204
76 3459
76 3525
76 3899
76 4137
76 4213
76 4231
76 4371
77 101
77 1032
77 1065
77 1354
77 1833
77 1839
77 2072
77 2791
77 2894
77 3434
77 3520
77 3996
77 4036
77 4124
77 4221
77 4623
77 4731
78 266
78 282
78 288
78 408
78 817
78 827
78 977
78 1194
78 1327
78 1701
78 1991
78 2394
78 2529
78 3849
78 3918
78 4438
78 4616
78 4678
78 4783
78 4854
79 169
79 207
79 710
79 2115
79 2314
79 2388
79 2568
79 2742
79 3047
79 3127
79 4254
79 4258
79 4391
79 4741
80 85
80 494
80 592
80 948
80 965
80 1076
80 1115
80 1555
80 1604
80 2140
80 3001
80 3698
80 4110
80 4225
80 4353
81 195
81 382
81 591
81 625
81 865
81 914
81 922
81 1067
81 1274
81 1365
81 1460
81 1782
81 1888
81 2120
81 2630
81 3238
81 3447
81 4121
81 4269
81 4490
81 4564
81 4689
81 5000
82 193
82 546
82 795
82 1078
82 1300
82 1422
82 1913
82 1914
82 2207
82 2396
82 2631
82 2918
82 3308
82 3477
82 3660
82 3665
82 3729
82 4111
82 4484
82 4788
82 4974
83 486
83 519
83 779
83 857
83 1151
83 1325
83 1466
83 1492
83 1516
83 1651
83 2114
83 2654
83 2811
83 3268
83 3539
83 4178
83 4804
83 4877
83 4889
84 637
84 830
84 899
84 1217
84 1259
84 1880
84 2125
84 2182
84 2434
84 2735
84 2825
84 2841
84 2916
84 2943
84 3020
84 3057
84 3203
84 3319
84 4203
84 4544
85 1043
85 1717
85 2106
85 2428
85 4186
85 4461
85 4933
86 216
86 336
86 738
86 786
86 1255
86 1538
86 1719
86 2295
86 2392
86 2861
86 2976
86 3270
86 3290
86 3382
86 3505
86 4273
86 4700
87 423
87 1039
87 1459
87 1874
87 2406
87 3553
87 3731
87 3962
87 3991
87 4238
87 4291
87 4716
88 248
88 319
88 429
88 1309
88 1807
88 2600
88 2900
88 3018
88 3083
88 3225
88 4095
88 4614
89 162
89 168
89 714
89 1748
89 1904
89 1913
89 1973
89 2479
89 3193
89 3310
89 3397
89 3413
89 3528
89 3610
89 3821
89 3843
89 4182
89 4350
89 4607
90 228
90 706
90 761
90 1162
90 1534
90 2099
90 2200
90 2280
90 2726
90 4240
90 4705
90 4758
90 4847
91 265
91 442
91 1465
91 2037
91 2369
91 2515
91 3185
91 3200
91 3614
91 4277
91 4452
91 4907
91 4965
91 4992
92 653
92 796
92 972
92 1153
92 2028
92 2074
92 2702
92 2753
92 3002
92 3095
92 3112
92 3358
92 3824
92 4416
93 95
93 1235
93 1263
93 1388
93 1557
93 1577
93 2464
93 2895
93 2989
93 3462
93 3589
93 3714
93 4199
93 4702
93 4893
94 294
94 501
94 1277
94 1493
94 1734
94 2083
94 2253
94 3196
94 4187
94 4218
94 4592
94 4795
95 700
95 1262
95 1306
95 1730
95 1809
95 1841
95 1854
95 1903
95 2079
95 2240
95 2849
95 2937
95 3389
95 3450
95 4205
95 4565
95 4737
95 4940
96 378
96 515
96 964
96 1761
96 1831
96 1972
96 1979
96 2354
96 2649
96 3335
96 4441
97 169
97 391
97 735
97 1836
97 2148
97 2722
97 3074
97 3177
97 3214
97 3439
97 3656
97 3792
97 3860
97 4312
98 450
98 585
98 586
98 741
98 1456
98 1865
98 1954
98 2109
98 2237
98 2560
98 2850
98 2941
98 3084
98 3276
98 3577
98 3866
98 4393
98 4596
98 4798
98 4897
98 4999
99 468
99 935
99 1152
99 1190
99 1556
99 1583
99 1862
99 2770
99 2995
99 2996
99 3508
99 3764
99 3903
99 4019
99 4324
99 4908
99 4947
100 405
100 480
100 651
100 810
100 878
100 1031
100 1281
100 1581
100 1599
100 2022
100 2376
100 2500
100 2581
100 2930
100 3339
100 3890
100 3997
100 4065
100 4341
100 4374
100 4687
100 4709
100 4835
101 313
101 404
101 746
101 1013
101 1135
101 1313
101 2249
101 2469
101 2618
101 2640
101 2866
101 2898
101 2944
101 3748
101 4055
101 4287
101 4436
101 4646
101 4734
102 116
102 159
102 401
102 1141
102 1769
102 1901
102 2128
102 2272
102 2590
102 2688
102 3519
102 3550
102 4035
102 4054
102 4088
102 4233
102 4569
102 4713
102 4790
103 116
103 496
103 1009
103 1049
103 1451
103 1562
103 1709
103 2005
103 2008
103 2111
103 2684
103 2886
103 3163
103 3318
103 3377
103 3405
103 3659
103 3727
103 3734
103 4497
104 134
104 263
104 1315
104 1413
104 1859
104 1861
104 2068
104 2583
104 3108
104 3378
104 3412
104 3674
104 3904
104 4618
104 4727
104 4755
105 418
105 658
105 669
105 1845
105 2064
105 2223
105 2593
105 2905
105 3085
105 3669
105 4082
105 4634
106 1053
106 1385
106 1412
106 2160
106 2426
106 2607
106 3470
106 3986
106 4108
106 4262
106 4267
106 4435
106 4581
106 4714
106 4792
106 4881
107 1221
107 1240
107 1436
107 2168
107 2855
107 3126
107 3135
107 4426
107 4667
108 883
108 1254
108 1698
108 1829
108 1971
108 2696
108 2798
108 3096
108 3119
108 3396
108 4004
108 4307
108 4477
108 4535
108 4791
108 4884
109 189
109 530
109 602
109 646
109 740
109 908
109 1554
109 2225
109 2347
109 2355
109 2478
109 2935
109 3288
109 3346
109 3422
109 3465
109 3745
109 4318
109 4389
109 4762
109 4864
110 231
110 249
110 421
110 1641
110 1729
110 1757
110 1814
110 2425
110 2882
110 3166
110 3296
110 3825
110 4027
110 4431
110 4743
110 4759
110 4888
111 264
111 345
111 443
111 702
111 915
111 1100
111 1506
111 1545
111 1606
111 2049
111 2184
111 2243
111 2264
111 2931
111 2991
111 3187
111 4031
112 431
112 769
112 775
112 1145
112 1310
112 1802
112 1835
112 1950
112 2110
112 2520
112 3159
112 3540
112 3736
113 259
113 275
113 624
113 1320
113 1693
113 2222
113 2682
113 2986
113 3552
113 3555
113 4139
113 4180
113 4699
113 4865
113 4969
114 226
114 368
114 581
114 981
114 1285
114 1919
114 2334
114 2374
114 2448
114 2470
114 3049
114 3670
114 4589
114 4796
114 4949
115 304
115 780
115 1015
115 1016
115 1326
115 1697
115 2362
115 2752
115 3521
115 3580
115 3724
115 3833
115 4135
115 4191
115 4223
115 4409
115 4626
116 187
116 374
116 652
116 1001
116 1047
116 1851
116 1955
116 2248
116 2356
116 2606
116 2835
116 2876
116 2959
116 3638
116 4057
116 4217
116 4819
117 170
117 1146
117 1218
117 1228
117 1377
117 1680
117 1876
117 1925
117 2257
117 3011
117 3050
117 4472
117 4522
117 4630
117 4747
117 4853
117 4879
118 179
118 373
118 772
118 1051
118 1300
118 1414
118 1912
118 2176
118 2463
118 2677
118 2769
118 2787
118 3201
118 4550
119 668
119 770
119 870
119 1098
119 1099
119 1190
119 1781
119 2572
119 3625
119 4601
119 4827
119 4925
120 306
120 334
120 409
120 473
120 482
120 503
120 554
120 639
120 682
120 711
120 764
120 1107
120 1482
120 1522
120 1844
120 1847
120 2305
120 2780
120 3224
120 3302
120 3501
120 3531
120 4091
120 4096
120 4255
120 4512
120 4820
120 4960
121 244
121 1113
121 2566
121 2697
122 577
122 1695
122 1720
122 1773
122 2747
122 3261
122 3694
122 3775
122 4379
122 4901
122 4904
123 619
123 640
123 1180
123 1213
123 1238
123 1245
123 1790
123 2006
123 2316
123 2393
123 2474
123 3046
123 3210
123 3504
123 3796
123 4060
124 285
124 523
124 729
124 738
124 1222
124 1341
124 1626
124 2096
124 2250
124 3158
124 3266
124 3278
124 3807
124 4200
124 4708
125 246
125 290
125 512
125 670
125 1129
125 1796
125 1819
125 1837
125 1891
125 2701
125 2842
125 3171
125 3696
125 4120
125 4749
125 4769
125 4982
126 305
126 569
126 878
126 921
126 1164
126 1358
126 2528
126 2547
126 2660
126 3212
126 3353
126 3428
126 3800
126 4154
126 4404
126 4786
126 4896
127 201
127 493
127 541
127 633
127 934
127 947
127 1157
127 2082
127 2185
127 2658
127 2749
127 2977
127 3452
127 3687
127 4750
128 138
128 174
128 828
128 996
128 1601
128 2667
128 3526
128 3959
128 4167
128 4317
128 4712
129 539
129 1373
129 1489
129 1852
129 2133
129 2255
129 2713
129 2756
129 3496
129 4028
129 4257
129 4457
129 4536
129 4568
129 4631
130 212
130 229
130 486
130 499
130 1621
130 1662
130 1960
130 2400
130 3404
130 4155
130 4591
130 4760
131 808
131 1079
131 1149
131 1177
131 1183
131 1368
131 1409
131 1547
131 1566
131 1588
131 2417
131 2459
131 2495
131 4494
131 4724
131 4725
132 188
132 579
132 602
132 1203
132 1208
132 1319
132 1692
132 2108
132 2164
132 2357
132 2493
132 3045
132 3502
132 3828
132 3910
132 4776
133 296
133 840
133 1199
133 2446
133 2573
133 2754
133 3048
133 3250
133 3622
133 4251
133 4530
133 4840
134 620
134 2488
134 2686
134 2966
134 3279
134 3518
134 4360
134 4832
135 276
135 439
135 659
135 861
135 2452
135 2571
135 2625
135 2661
135 2693
135 3689
135 4503
135 4815
135 4915
135 4973
136 210
136 465
136 507
136 1407
136 2496
136 2803
136 2873
136 3102
136 3436
136 4342
136 4386
136 4964
137 338
137 447
137 652
137 656
137 838
137 966
137 1663
137 1724
137 2121
137 2367
137 2703
137 2762
137 2874
137 2998
137 3243
137 4143
137 4642
137 4674
137 4850
138 156
138 173
138 762
138 794
138 1970
138 3182
138 3514
138 3668
138 3679
138 3781
138 4802
139 219
139 925
139 1800
139 2190
139 2204
139 2275
139 2491
139 2526
139 2993
139 3347
139 3957
139 4357
139 4852
139 4860
139 4914
140 862
140 900
140 1248
140 1472
140 2494
140 2808
140 3426
140 4024
140 4188
140 4669
140 4863
141 665
141 993
141 1142
141 1181
141 1223
141 1424
141 1579
141 1633
141 1686
141 2923
141 3641
141 3722
141 4073
141 4079
141 4232
142 332
142 1517
142 1793
142 1823
142 2007
142 2290
142 3782
142 4439
143 403
143 439
143 895
143 1473
143 1655
143 2023
143 2397
143 2454
143 2533
143 2554
143 2768
143 3136
144 197
144 788
144 1766
144 2193
144 2767
144 3218
144 3461
144 4857
145 257
145 296
145 980
145 1097
145 1170
145 1381
145 1397
145 1570
145 1638
145 2098
145 2147
145 2626
145 2912
145 2961
145 3411
145 3417
145 3563
145 3756
145 3876
145 3931
145 4474
146 304
146 311
146 582
146 650
146 1850
146 2152
146 2460
146 3464
146 3609
146 4163
146 4858
147 246
147 492
147 502
147 2557
147 2612
147 2669
147 2809
147 3274
147 4358
147 4927
147 4929
148 565
148 679
148 1119
148 1127
148 1394
148 1623
148 1760
148 2414
148 2525
148 2751
148 2952
148 3032
148 3090
148 3570
148 4610
148 4661
148 4715
148 4912
149 468
149 1490
149 2644
149 2744
149 2859
149 2953
149 3649
149 4056
149 4961
150 835
150 1260
150 1592
150 1740
150 2273
150 2766
150 4390
150 4595
150 4710
151 343
151 522
151 545
151 662
151 1087
151 2179
151 2854
151 2934
151 3739
151 4606
152 521
152 876
152 1834
152 2339
152 2358
152 3692
152 3974
152 4420
152 4463
152 4547
153 282
153 1448
153 1787
153 2094
153 2908
153 3294
153 4311
153 4970
154 255
154 267
154 369
154 822
154 1345
154 1587
154 1687
154 2553
154 3004
154 3393
154 3606
154 4157
154 4624
154 4773
154 4892
155 631
155 980
155 1057
155 1064
155 1435
155 3154
155 3482
155 3900
155 3916
155 4041
155 4227
156 157
156 299
156 949
156 1350
156 1575
156 1612
156 1915
156 2104
156 2659
156 2718
156 3081
156 4656
157 1060
157 1295
157 2226
157 3503
157 4129
157 4259
157 4748
157 4800
158 322
158 417
158 467
158 868
158 1270
158 2186
158 4746
158 4922
158 4924
159 485
159 1268
159 2377
159 3817
159 4359
159 4392
159 4442
159 4609
159 4836
159 4900
160 543
160 715
160 831
160 1631
160 1674
160 1909
160 2081
160 2913
160 3033
160 3675
160 3711
160 4253
161 175
161 222
161 320
161 617
161 675
161 852
161 1139
161 1764
161 2038
161 2107
161 2326
161 2336
161 2623
161 2653
161 3527
161 3544
161 4329
161 4506
161 4529
162 235
162 894
162 1231
162 1244
162 1475
162 2642
162 2683
162 3612
162 3642
162 4112
162 4937
163 323
163 1132
163 1578
163 2167
163 2174
163 2278
163 2679
163 2869
163 3077
163 3542
163 3978
163 4117
163 4434
163 4694
163 4695
163 4939
163 4956
164 377
164 958
164 990
164 1081
164 1116
164 1382
164 1420
164 1515
164 1624
164 1627
164 1827
164 2284
164 2638
164 2929
164 3000
164 3189
164 3398
164 3646
164 3958
164 4211
164 4373
165 254
165 586
165 747
165 1671
165 1902
165 2017
165 2044
165 2776
165 2788
165 3472
165 3495
165 3651
165 4130
165 4351
166 547
166 1137
166 1410
166 1542
166 1636
166 2112
166 2199
166 2636
166 2945
166 3097
166 3121
166 3122
166 3137
166 4208
166 4505
166 4628
166 4891
167 353
167 549
167 657
167 1073
167 1630
167 1822
167 1986
167 2026
167 2299
167 2596
167 2628
167 2663
167 2940
167 3831
167 4711
167 4822
168 562
168 1661
168 2750
168 2844
168 2858
168 3391
168 3766
168 4145
168 4578
168 4739
169 787
169 918
169 1907
169 2538
169 2830
169 3062
169 3248
169 4077
169 4151
169 4282
170 712
170 1311
170 1574
170 1753
170 1775
170 1924
170 1990
170 2888
170 3410
170 4406
170 4682
170 4697
170 4703
170 4765
171 354
171 412
171 696
171 1156
171 2101
171 2755
171 3186
171 3317
171 3400
171 3423
171 4331
171 4789
172 177
172 445
172 2002
172 2016
172 2820
172 3067
172 4553
172 4640
173 931
173 1017
173 1754
173 1815
173 2136
173 3101
173 3437
173 3652
173 3706
173 3786
173 3883
173 4346
174 837
174 1607
174 2715
174 2816
174 3037
174 3239
174 3754
174 4075
174 4910
175 504
175 514
175 673
175 1158
175 3425
175 3442
175 3827
175 4074
175 4543
175 4895
176 300
176 340
176 962
176 1121
176 2183
176 2992
176 3799
177 703
177 1634
177 2178
177 3388
177 4169
177 4917
178 482
178 634
178 1714
178 2544
178 3488
178 3982
178 4843
179 860
179 1828
179 2149
179 3006
179 3415
179 3709
179 3721
179 4720
180 233
180 589
180 878
180 879
180 2503
180 3678
180 3822
181 1045
181 1494
181 2143
181 2368
181 3017
181 4084
181 4479
181 4627
182 210
182 211
182 829
182 1291
182 2171
182 3839
183 233
183 256
183 279
183 284
183 376
183 406
183 606
183 909
183 2033
183 2527
183 4147
183 4181
184 220
184 224
184 262
184 362
184 382
184 1329
184 1561
184 1977
184 2828
184 4006
184 4322
185 476
185 1334
185 1342
185 1499
185 1603
185 1716
185 1998
185 2301
185 2486
185 2505
185 2577
185 3583
186 515
186 552
186 627
186 718
186 1498
186 1666
186 2342
186 2922
186 3939
186 4909
187 217
187 1008
187 1012
187 3269
187 3432
187 3779
187 3855
187 4981
188 407
188 999
188 1461
188 1539
188 2956
188 2975
188 3233
188 3510
188 4321
189 435
189 1034
189 3454
189 3469
189 3857
189 3882
190 217
190 1471
190 2247
190 2439
191 1240
191 1275
191 3601
191 3926
192 215
192 408
192 749
192 812
192 1287
192 1321
192 1479
192 2209
192 2556
192 3055
192 3355
192 3832
192 4471
193 626
193 1323
193 1437
193 3360
193 3509
193 3726
193 4010
193 4170
193 4740
194 610
194 941
194 1453
194 1532
194 1591
194 3399
194 3654
194 3716
194 3838
194 4604
194 4612
195 2238
195 3029
195 3091
195 3144
195 3229
195 4405
195 4501
195 4641
195 4834
196 390
196 618
196 732
196 1361
196 1446
196 1974
196 2729
196 2907
196 3240
196 3484
196 3771
196 3879
196 3913
197 951
197 1029
197 1355
197 1749
197 1911
197 3326
197 3330
197 4465
197 4766
198 308
198 806
198 1531
198 1711
198 1795
198 1867
198 3402
198 3566
199 309
199 338
199 371
199 1024
199 1629
199 2323
199 2958
199 3532
199 3702
199 4194
199 4326
200 491
200 1957
200 3078
200 3478
200 3517
200 3629
200 4384
200 4732
201 802
201 832
201 974
201 1189
201 1308
201 3703
201 3788
201 4032
202 250
202 436
202 505
202 594
202 1006
202 1794
202 2438
202 3909
202 4381
202 4978
203 236
203 289
203 449
203 2361
203 2386
203 2615
203 2666
203 4412
204 289
204 757
204 774
204 1282
204 2424
204 2633
204 4003
205 252
205 275
205 644
205 1210
205 1525
205 1602
205 2036
205 3650
205 3908
205 4156
206 397
206 2807
206 2863
206 2921
206 2960
206 2971
206 3099
206 3672
206 3715
206 4228
206 4462
206 4559
206 4633
207 1159
207 1288
207 1405
207 1658
207 1964
207 2263
207 2925
207 3370
207 3536
207 4395
207 4950
208 272
208 901
208 1033
208 1212
208 1890
208 2562
208 3005
208 4189
208 4229
208 4427
208 4445
208 4546
209 409
209 892
209 906
209 1298
209 2001
209 2413
209 2601
209 2639
209 3340
209 3374
209 4625
209 4811
209 4946
210 866
210 1336
210 2052
210 2270
210 2509
210 3343
210 3919
210 3947
210 4453
210 4842
211 411
211 622
211 1597
211 1826
211 3093
211 3578
211 3777
211 3814
211 4742
212 258
212 687
212 1398
212 1779
212 2366
212 2429
212 2745
212 2917
212 3291
212 3639
212 4020
212 4243
212 4285
212 4473
212 4508
212 4684
212 4768
213 316
213 441
213 608
213 1541
213 2175
213 2674
213 3758
213 4539
214 442
214 611
214 1003
214 2132
214 2220
214 2893
214 3449
214 3516
214 4567
215 516
215 599
215 1682
215 1737
215 1962
215 3337
215 3628
215 3636
215 3953
215 4011
215 4886
216 1735
216 2978
216 3256
216 3479
216 4018
216 4241
217 278
217 315
217 536
217 924
217 1543
217 3851
217 4283
217 4878
217 4882
218 1664
218 2233
218 2584
218 2973
218 3513
218 3976
218 4058
219 902
219 1715
219 3329
219 3620
219 4093
220 457
220 859
220 898
220 1299
220 1401
220 1883
220 1969
220 3260
220 3333
220 3657
220 4303
220 4518
220 4594
220 4814
221 302
221 510
221 1476
221 2308
221 2402
221 3780
221 4044
221 4102
221 4118
221 4295
221 4991
222 2139
222 2727
222 3167
222 3765
222 4622
222 4818
223 380
223 645
223 1098
223 1236
223 1357
223 1378
223 3130
223 3906
224 291
224 1352
224 3025
224 3341
224 4131
224 4419
225 467
225 793
225 1101
225 1374
225 1817
225 1938
225 2217
225 2994
225 3148
225 3546
225 4009
226 478
226 1124
226 3924
226 4052
226 4993
227 324
227 342
227 425
227 1860
227 2783
227 3401
228 1061
228 1204
228 1569
228 1778
228 3021
228 3338
228 3829
229 616
229 790
229 1191
229 2166
229 2657
229 2795
229 3066
229 3232
229 3861
229 4252
229 4333
229 4488
229 4951
229 4990
230 1768
230 2006
230 2292
230 2330
230 2497
230 2687
230 2909
230 3345
230 3385
231 387
231 815
231 2437
231 4339
231 4372
232 591
232 1884
232 2740
232 2805
232 3451
232 3500
232 3592
232 4078
233 1423
233 2122
233 2261
233 3262
233 3440
233 3623
233 4797
233 4963
234 1552
234 3321
234 4276
235 245
235 1294
235 1348
235 1644
235 2903
235 2942
235 3253
235 4053
235 4464
236 689
236 719
236 1346
236 3453
236 3749
236 4114
237 1092
237 1762
237 2411
237 3190
237 3889
237 4454
238 564
238 677
238 1109
238 1337
238 1339
239 281
239 396
239 463
239 1007
239 1743
239 1816
239 2289
239 2597
239 2613
239 3088
239 3433
240 271
240 344
240 455
240 1524
240 2734
240 3354
240 3826
241 789
241 860
241 2341
241 2399
241 3227
241 4067
241 4271
242 311
242 351
242 484
242 846
242 890
242 2197
242 2405
242 3421
242 3474
242 3881
242 4268
242 4397
243 805
243 1251
243 1303
243 1756
243 3013
243 3314
243 3944
244 584
244 873
244 930
244 1485
244 2371
244 3003
244 3361
244 3456
244 3744
244 4410
245 528
245 1528
245 2542
245 3543
245 3699
245 4570
245 4806
246 1095
246 1168
246 1920
246 2536
246 2569
246 3349
246 3885
246 3932
247 261
247 1616
247 3797
247 3989
247 4370
248 557
248 612
248 997
248 1019
248 1366
248 1455
248 3863
249 607
249 811
249 1635
249 2282
249 3120
249 3297
249 3615
250 1879
250 2549
250 3443
250 3691
250 3952
250 4138
251 321
251 730
251 823
251 1165
252 2880
252 3284
252 4325
252 4649
253 393
253 1071
253 1340
253 1999
253 4122
253 4945
254 1733
254 1746
254 2251
254 2436
254 3031
254 3473
254 3618
254 3970
254 4440
254 4885
255 1593
255 1892
255 4113
255 4316
255 4470
255 4593
255 4648
255 4972
256 690
256 697
256 803
256 1347
256 1526
256 1936
256 2097
256 2116
256 4048
257 346
257 558
257 1440
257 1573
257 2177
257 2468
257 4332
257 4493
257 4524
258 469
258 542
258 603
259 1443
259 1462
259 1586
259 2418
259 2442
259 2540
259 2575
259 3053
259 3634
259 3738
261 717
261 2650
261 2955
261 4932
262 433
262 1812
262 1959
262 2662
263 327
263 2343
263 2665
263 3145
263 3787
263 4106
264 1193
264 1458
264 2241
264 3597
264 3676
264 4239
264 4582
264 4781
265 1249
265 2131
265 2502
265 2708
265 3235
265 4162
265 4733
265 4808
266 2061
266 2306
266 2372
266 2582
266 3812
266 4525
267 385
267 415
267 3640
268 511
268 1021
268 1025
268 1125
268 1154
268 3068
268 4962
269 485
269 2011
269 3306
269 3371
269 3769
270 290
270 1705
270 2483
270 3424
270 3878
270 4756
271 363
271 760
271 1953
271 2586
271 2911
271 3054
271 4297
271 4366
271 4448
271 4738
272 2093
272 2129
272 2987
273 330
273 1028
273 1173
273 1985
273 2800
273 3845
273 3936
273 4202
274 454
274 1239
274 1363
274 2532
274 2984
274 3914
274 4159
275 2127
275 2810
275 3466
275 3886
275 4196
275 4677
276 1584
276 1929
276 2057
276 3468
276 4288
276 4382
276 4394
277 286
277 303
277 358
277 923
277 936
277 1030
277 2507
277 3971
278 531
278 2370
278 2409
278 2676
278 3380
278 3557
278 3565
279 524
279 1068
279 2322
279 3234
279 3887
279 4215
280 656
280 1202
280 2145
280 2543
280 2565
280 3063
281 1056
281 1797
281 2610
281 3180
281 3344
282 2172
282 2518
282 2947
283 1174
283 1996
283 2499
283 3155
283 3683
284 2173
284 2283
284 4903
285 428
285 641
285 842
285 1978
285 2078
285 2672
285 3717
285 3852
285 4126
286 1875
286 2285
286 4683
287 580
287 599
287 1182
287 1343
287 2053
287 3117
287 4585
288 1261
288 1447
288 3041
288 4726
288 4812
289 488
289 1179
289 1478
289 1511
290 1096
290 3205
290 3328
290 4398
291 1302
291 1317
291 2558
291 2707
291 3662
291 4320
292 364
292 371
292 1267
292 1452
292 1505
292 1688
292 2680
292 2821
292 2928
292 3150
292 3661
292 4499
292 4868
292 4977
293 313
293 553
293 818
293 1349
293 2043
293 2390
293 2819
293 4085
293 4212
294 1469
294 2046
294 3704
294 4160
294 4172
294 4198
294 4875
295 317
295 1074
295 1084
295 1089
295 1206
295 1792
295 3305
295 3588
295 4600
296 566
296 2039
296 3742
296 3912
297 468
297 720
297 969
297 1269
297 1362
297 2211
297 2675
297 3666
297 3907
298 456
298 513
298 647
298 1227
298 1266
298 2759
298 3129
298 3481
298 4016
299 1234
299 1359
299 1576
299 1951
300 318
300 613
300 674
300 1219
300 1736
300 3157
300 3283
300 4408
301 694
301 803
301 3230
301 3794
301 4261
301 4478
302 1148
302 1425
302 2444
302 2599
303 1893
303 4424
304 792
304 1276
304 2641
304 3007
304 3060
304 3348
304 3608
304 4402
304 4829
305 1143
305 2772
305 2974
305 4510
305 4617
306 1474
306 3331
306 4486
307 1265
307 3874
307 3963
307 4012
307 4722
308 1114
308 3635
308 3905
308 3940
308 4577
309 991
309 3258
309 4309
309 4597
309 4644
309 4767
310 842
310 2537
311 3124
312 554
312 2690
312 2950
312 4757
313 737
313 776
314 387
314 2827
314 3151
314 3681
314 4237
315 489
315 2267
315 3016
315 3138
315 3935
315 4166
315 4557
316 1625
316 2824
316 3211
316 3875
316 4638
316 4691
316 4782
317 992
317 1419
317 1788
317 2055
317 2423
317 3785
317 4717
318 2095
318 2864
318 2936
318 3977
318 4176
318 4994
319 942
319 1370
319 1992
319 2054
319 2259
319 4654
320 361
320 716
320 839
320 1937
320 1946
320 2456
320 3362
320 3701
320 4551
320 4562
320 4816
321 1618
321 3772
322 458
322 1656
322 2050
322 3515
323 1486
323 1810
324 366
324 911
324 1877
324 1894
324 2206
324 2872
324 3596
324 3682
324 3708
324 4520
325 369
325 1324
325 2700
326 360
326 596
326 605
326 688
326 983
326 1172
326 2857
326 4063
326 4423
327 2324
327 4845
328 709
328 748
328 1530
328 2739
328 3490
328 3768
328 4128
329 1120
329 1582
329 1776
329 2215
329 2349
329 2574
329 2627
329 4092
329 4323
329 4430
329 4938
330 509
330 781
330 1264
330 2218
330 2920
331 2138
331 2555
331 2868
331 3392
331 3524
331 4361
332 604
332 678
332 2602
332 3407
332 4021
333 3073
333 3363
333 4141
334 1216
334 4080
335 360
335 427
335 2389
335 3933
335 4531
336 379
336 963
336 2062
336 3281
336 3327
336 4097
336 4327
337 488
337 595
337 1673
337 3586
337 4127
338 1387
338 1415
338 2320
338 2865
339 423
339 527
339 629
339 2695
339 2896
339 3257
339 3945
340 1041
340 3804
341 563
341 2524
341 4260
341 4305
342 940
342 1727
342 3072
342 4643
343 434
344 932
344 3545
344 3979
345 752
345 1958
345 2678
345 4883
346 495
346 871
346 1995
346 2465
346 2957
346 3035
346 3076
347 621
347 3955
348 609
348 854
348 2258
348 3153
348 4083
349 1187
349 2236
349 2741
349 2932
349 4356
350 822
350 2302
350 2724
350 2804
350 3891
350 3961
350 4014
350 4688
351 767
351 2608
351 3923
351 4485
352 726
352 3287
352 4528
353 623
353 1438
353 1818
353 2432
353 3209
353 4256
353 4872
354 587
354 1161
354 1184
355 410
355 705
355 1070
355 1140
355 2856
355 3868
355 4214
355 4475
356 487
356 869
356 1905
356 2634
356 4070
357 1395
357 1491
357 2277
358 1205
358 1390
358 3356
359 495
359 2433
359 2761
359 3607
360 1679
360 2427
360 2887
360 3019
360 3572
361 1477
361 3455
361 3713
361 4068
361 4298
361 4801
362 1560
362 2403
363 1004
363 1023
363 1044
363 1380
363 1980
363 2933
363 3998
363 4336
363 4469
364 540
364 1166
364 2485
364 2890
364 3194
364 4450
365 3695
366 989
366 1230
366 1536
366 3014
366 3365
367 2213
367 2351
367 2410
367 4158
367 4676
367 4728
368 1665
368 3197
368 3993
368 4481
369 413
369 867
369 1610
369 2297
369 4554
369 4838
369 4997
370 505
370 568
370 2105
370 2269
370 2345
370 2512
370 2635
370 4136
370 4552
371 2655
371 3115
372 1126
372 3562
372 4968
373 1134
373 3299
374 3383
375 477
375 777
375 2327
375 4146
376 939
376 4236
377 632
377 701
377 2939
377 3476
377 3523
377 4489
377 4611
378 1441
378 1691
378 3603
379 1082
379 1908
379 1931
379 1934
379 3920
379 4459
380 1104
380 1613
380 1685
380 1944
380 2000
380 2027
380 4204
381 2946
382 799
382 1131
382 2616
382 3746
383 756
383 1643
383 1840
383 3364
384 1868
384 2878
384 3149
384 3249
385 497
385 1296
385 1372
385 1527
385 1654
385 2059
385 3202
386 389
386 2034
386 2871
386 3770
387 475
387 3835
388 534
388 2482
388 4399
388 4540
389 970
389 1066
389 1457
389 2196
389 3213
389 4571
390 3394
390 4996
391 1887
391 2144
391 3591
391 3633
392 698
392 1608
392 1910
392 2205
392 3228
393 3949
394 590
394 673
394 2689
394 3293
394 3419
395 818
395 834
395 3680
395 4344
395 4704
396 1467
396 4598
397 1975
397 2328
397 2964
397 3252
397 4301
397 4846
398 658
399 596
399 671
399 3179
400 525
400 821
400 873
400 994
400 1160
400 3282
400 4150
401 1280
401 1926
401 3390
401 4197
401 4498
402 1399
402 3684
403 2119
403 3141
403 4770
404 2885
404 3856
404 4573
404 4718
405 466
405 2352
405 4046
406 1947
406 2899
406 3403
407 1416
407 1966
407 3930
407 4799
408 1774
408 1853
408 2321
408 4771
409 1417
409 4455
410 2048
411 1077
411 3446
411 4210
413 2311
413 3206
413 4173
414 450
414 765
414 1406
414 2949
414 3593
415 2416
415 4101
416 448
416 847
416 3125
417 1054
417 1676
417 2032
417 2198
417 2914
418 961
418 1732
419 826
419 1468
419 1657
419 1739
419 2130
419 2621
419 4971
420 645
420 1108
420 2757
421 4449
422 501
422 561
422 1396
422 3295
422 3626
423 1811
423 2073
423 2348
423 2968
423 3632
423 4558
423 4821
425 872
426 783
427 848
427 2453
427 4921
428 3092
428 3312
428 3600
428 4721
429 1122
429 1548
429 1976
429 2603
429 2891
429 3161
430 2818
430 3585
431 1997
431 2187
431 4460
431 4805
432 530
432 2142
432 2799
432 4133
434 2592
434 3728
434 4005
434 4304
435 3599
436 1118
436 1540
437 1427
437 2051
439 2271
440 676
440 2239
441 526
441 4692
442 1214
442 2862
442 3486
442 3720
443 843
443 1896
443 3110
443 4249
444 2492
445 1307
445 2704
446 686
448 3530
448 4515
449 1987
449 4443
450 3215
451 711
451 2041
452 466
452 3707
453 688
453 929
453 1933
453 2733
453 4347
454 571
454 2030
454 2834
455 3418
455 4652
456 1338
457 1431
458 601
458 1105
458 2789
458 3487
458 4062
458 4563
459 2778
460 1243
460 2963
460 3733
460 4679
461 529
461 2215
461 2790
461 2884
462 743
462 856
462 2069
463 663
463 2794
464 698
464 2846
464 4059
464 4613
465 874
465 1747
465 3915
466 3723
467 695
467 3147
468 1178
468 3854
470 514
470 953
470 3430
470 4049
471 3367
471 3819
471 4140
472 3884
472 3938
472 4396
472 4513
473 498
473 1138
473 1497
474 2194
474 3559
474 4673
475 681
475 1983
475 3582
477 724
477 1544
477 2535
477 3052
477 3087
477 3948
478 4856
479 1186
480 672
480 944
481 725
483 1182
483 2141
484 3685
484 4967
485 745
485 1176
486 4224
487 4514
487 4869
488 3100
488 3285
489 1241
489 2117
489 3015
489 4087
490 561
490 2814
491 722
491 3304
491 3846
491 4545
492 1981
492 2967
492 3275
492 4549
492 4647
493 3994
494 2999
494 3381
495 1389
495 2738
495 4125
496 2435
496 3334
496 3805
497 1434
498 3663
499 733
499 1237
499 1507
499 3395
499 3801
499 4751
500 1052
500 1481
500 3537
500 4636
501 801
501 1344
501 1648
501 2329
501 2340
503 731
503 2490
503 3030
504 1712
504 2516
505 630
505 704
505 4216
506 519
506 2004
506 3325
506 3767
507 1273
507 2836
507 3549
507 4292
507 4985
508 1256
508 2440
508 3082
509 1501
510 3139
510 3774
511 2906
511 4632
513 3024
515 1128
516 2254
516 2910
516 2962
517 574
517 1848
517 2523
518 2870
519 4813
520 3226
521 2477
521 4507
521 4976
522 4664
523 943
524 550
524 2587
524 3320
526 1941
526 3220
526 3429
531 1144
531 4774
533 1271
533 1400
533 2058
533 2531
534 4671
535 949
535 2364
535 2521
535 2979
536 1615
536 2645
536 4026
538 3183
539 773
539 2710
539 2781
541 2472
543 3199
544 652
544 858
544 3760
545 3352
546 987
546 1155
546 2391
546 4437
547 995
547 2123
547 4680
548 721
548 1215
549 824
549 4380
550 1989
550 3376
550 4418
550 4873
551 804
551 1007
551 4179
552 3375
552 3985
553 1091
554 2310
554 4579
555 1331
555 1940
555 4810
556 3094
557 1751
558 685
558 1379
559 1104
559 2698
559 3247
559 3574
560 2080
560 3485
560 3960
561 1885
562 3307
562 3463
562 3740
562 3873
564 1224
566 4590
567 614
567 1229
568 666
568 1292
569 955
569 3511
569 4555
570 1619
570 1967
571 2421
571 2709
571 2915
572 822
572 2784
572 3584
572 4920
573 4542
574 1075
575 3604
577 2408
578 1869
582 2924
583 671
583 1297
584 3690
584 4081
584 4403
585 3538
585 3648
585 4103
586 1198
586 1702
588 687
588 1520
588 2561
588 3983
589 636
589 3893
589 3917
590 4824
591 1770
592 1567
592 4989
593 975
593 2315
594 2201
594 2609
595 2466
597 4779
598 1376
599 913
599 1968
602 2100
603 1356
604 1432
608 959
609 763
609 778
609 2422
610 2060
611 638
611 1207
611 2363
611 4602
613 3386
615 1207
615 2476
616 2224
616 3012
616 4954
617 4377
618 1598
618 1789
618 4051
619 1611
620 3086
620 3255
621 1055
624 2229
624 3529
629 2777
629 3491
631 1333
633 1433
634 1411
635 745
635 1639
635 2725
635 2883
637 3712
638 3956
639 2307
641 1731
642 828
642 4446
644 933
644 2318
644 3773
644 3969
644 4230
644 4400
645 1290
646 800
647 4362
648 1988
652 4665
653 2091
654 1620
655 3460
657 4104
659 2879
660 4337
662 2212
662 2541
663 1246
663 3560
663 4541
664 960
667 2151
669 3089
669 4161
671 2035
672 739
672 2706
673 2972
674 4037
676 3987
678 1672
680 1393
681 1375
682 1197
684 1898
691 1335
692 3992
693 3677
694 1842
694 3069
694 4274
697 2042
698 1035
700 3494
700 4538
701 2089
703 4340
704 1858
704 2881
705 4330
708 2010
709 2150
709 2443
710 4100
713 2291
714 3237
715 2480
717 4040
720 1745
721 813
723 2851
723 4183
724 1018
724 1660
731 3941
732 2765
733 4496
739 4580
740 938
744 4953
745 3946
747 3901
750 3896
754 1138
762 1843
763 3499
765 4244
766 1127
766 1130
767 4284
768 4764
769 4302
770 1551
771 3140
772 2620
773 3438
774 916
777 845
777 4761
780 3809
784 1242
784 4637
786 3251
788 1011
788 2714
789 2782
796 3241
797 1091
801 1696
806 4986
807 2901
807 4190
811 3010
812 4365
817 3921
817 4817
818 3547
831 3061
834 3207
839 3973
841 4201
850 4017
851 2077
854 2904
854 4658
857 2445
864 2840
866 4653
872 4368
873 3406
879 1020
883 4148
885 3818
887 3133
889 4913
893 909
897 4686
901 4844
909 3267
909 3840
911 3995
919 2092
919 3175
923 4050
924 4534
932 2948
935 1470
947 3271
950 2647
952 2691
954 976
959 2009
965 4142
966 3811
967 4719
970 1830
970 3332
973 2337
979 991
990 3128
993 3980
995 2169
1000 2619
1011 3116
1017 4293
1021 4345
1022 4171
1040 1463
1056 2382
1061 4952
1063 3259
1065 2595
1067 1133
1072 2771
1078 1585
1089 2365
1091 2350
1103 2113
1126 2202
1160 3132
1186 3967
1190 4851
1203 4432
1219 2162
1333 4848
1369 1536
1444 1503
1570 2137
1721 1744
