1 60
1 102
1 208
1 297
1 576
1 595
1 635
1 637
1 683
1 721
1 763
1 782
1 789
1 803
1 824
1 846
1 870
1 889
1 893
1 900
1 909
1 932
2 117
2 207
2 342
2 388
2 396
2 402
2 415
2 573
2 591
2 612
2 635
2 663
2 665
2 687
2 779
2 781
2 822
2 851
2 854
2 894
2 914
2 956
2 964
2 1030
2 1067
2 1069
3 12
3 67
3 79
3 90
3 236
3 255
3 260
3 298
3 325
3 373
3 425
3 452
3 526
3 579
3 775
3 857
3 911
3 931
3 961
3 994
3 1040
3 1041
3 1064
4 36
4 122
4 185
4 199
4 248
4 336
4 362
4 425
4 437
4 462
4 540
4 546
4 610
4 744
4 783
5 80
5 83
5 131
5 159
5 193
5 245
5 416
5 462
5 479
5 511
5 574
5 630
5 632
5 750
5 759
5 778
5 792
5 837
5 977
5 988
5 1026
5 1035
6 74
6 81
6 209
6 245
6 323
6 350
6 391
6 410
6 459
6 477
6 485
6 494
6 505
6 519
6 585
6 677
6 723
6 780
6 822
6 920
6 1032
6 1073
7 58
7 319
7 321
7 398
7 580
7 688
7 746
7 753
7 757
7 789
7 862
7 991
7 1059
8 88
8 134
8 190
8 237
8 321
8 347
8 372
8 503
8 631
8 686
8 768
8 836
8 840
8 873
8 916
8 948
8 1007
8 1042
9 121
9 214
9 227
9 331
9 448
9 495
9 502
9 546
9 551
9 563
9 567
9 604
9 672
9 797
9 871
9 906
9 982
9 1021
9 1029
10 109
10 138
10 188
10 284
10 345
10 509
10 524
10 568
10 599
10 623
10 627
10 635
10 786
10 799
10 808
10 866
10 1004
10 1010
11 440
11 550
11 605
11 639
11 729
11 817
11 849
11 866
11 880
11 986
12 63
12 72
12 107
12 210
12 259
12 303
12 356
12 357
12 394
12 465
12 624
12 692
12 726
12 728
12 762
12 767
12 794
12 821
12 847
12 905
13 17
13 23
13 67
13 152
13 168
13 176
13 178
13 224
13 327
13 348
13 512
13 754
13 818
13 875
13 882
13 1002
13 1045
13 1061
13 1071
14 69
14 75
14 78
14 256
14 268
14 279
14 408
14 412
14 599
14 641
14 696
14 969
14 1027
15 75
15 108
15 160
15 212
15 229
15 250
15 278
15 291
15 308
15 311
15 360
15 375
15 390
15 403
15 521
15 587
15 678
15 695
15 708
15 769
15 812
15 829
15 835
15 891
15 940
16 21
16 45
16 48
16 116
16 164
16 195
16 220
16 265
16 309
16 323
16 430
16 498
16 606
16 611
16 654
16 975
16 987
16 1017
17 34
17 46
17 55
17 56
17 275
17 300
17 380
17 386
17 476
17 486
17 501
17 681
17 707
17 711
17 734
17 751
17 787
17 823
17 883
17 917
17 971
18 145
18 190
18 240
18 436
18 442
18 508
18 548
18 634
18 653
18 659
18 953
18 983
18 1057
18 1058
19 41
19 85
19 102
19 149
19 216
19 283
19 381
19 395
19 438
19 525
19 530
19 547
19 552
19 566
19 642
19 735
19 839
19 858
19 887
19 1022
20 23
20 87
20 198
20 244
20 358
20 383
20 387
20 570
20 661
20 942
20 998
20 1006
21 33
21 40
21 73
21 91
21 144
21 180
21 290
21 304
21 338
21 341
21 449
21 542
21 618
21 658
21 758
21 877
22 62
22 88
22 106
22 146
22 223
22 251
22 263
22 315
22 431
22 461
22 492
22 558
22 651
22 664
22 682
22 690
22 703
22 718
22 802
22 913
22 968
22 1014
22 1054
23 28
23 99
23 105
23 153
23 272
23 289
23 320
23 379
23 404
23 417
23 475
23 622
23 650
23 884
24 92
24 98
24 114
24 157
24 183
24 240
24 471
24 514
24 529
24 670
24 712
24 816
24 838
24 888
24 897
24 908
24 974
24 1037
25 66
25 144
25 192
25 267
25 537
25 562
25 685
25 693
25 720
25 747
25 941
26 65
26 98
26 235
26 241
26 266
26 346
26 359
26 458
26 472
26 527
26 924
26 930
26 1009
27 68
27 72
27 96
27 150
27 201
27 334
27 352
27 507
27 539
27 628
27 673
27 709
27 832
27 861
27 898
27 1060
28 165
28 175
28 343
28 374
28 443
28 533
28 561
28 629
28 649
28 691
28 801
28 929
28 938
29 149
29 232
29 270
29 287
29 335
29 420
29 493
29 643
29 796
29 936
29 959
29 1003
30 80
30 354
30 460
30 474
30 481
30 602
30 699
30 705
30 776
30 806
30 868
30 886
31 50
31 61
31 103
31 169
31 179
31 210
31 277
31 281
31 330
31 414
31 554
31 745
31 843
31 878
32 288
32 321
32 351
32 401
32 483
32 656
32 684
32 760
32 819
32 826
32 842
32 965
33 127
33 273
33 333
33 369
33 513
33 531
33 701
33 731
33 980
34 93
34 113
34 203
34 252
34 544
34 549
34 565
34 597
34 645
34 719
34 995
35 43
35 69
35 130
35 258
35 363
35 487
35 541
35 793
35 841
35 872
35 943
35 1072
36 120
36 202
36 409
36 497
36 555
36 730
36 904
36 907
37 56
37 110
37 280
37 312
37 407
37 556
37 582
37 594
37 669
37 993
37 1048
37 1050
38 64
38 77
38 80
38 126
38 339
38 400
38 428
38 589
38 717
38 777
38 788
38 874
38 1013
38 1036
38 1053
39 74
39 154
39 324
39 517
39 737
39 947
39 1038
39 1051
40 42
40 49
40 54
40 156
40 163
40 181
40 211
40 217
40 424
40 714
40 738
41 196
41 426
41 444
41 463
41 598
41 603
41 700
41 996
41 1028
41 1062
42 184
42 371
42 376
42 392
42 435
42 538
42 575
42 620
42 702
42 755
42 813
42 1008
43 238
43 257
43 340
43 510
43 518
43 528
43 609
43 660
43 736
44 50
44 141
44 167
44 239
44 285
44 306
44 399
44 856
45 59
45 269
45 271
45 316
45 427
45 724
45 791
45 804
46 82
46 95
46 111
46 377
46 393
46 397
46 429
46 571
46 825
46 831
46 885
46 990
46 1065
47 174
47 290
47 295
47 322
47 553
47 752
47 1020
48 234
48 478
48 480
48 706
48 876
48 899
48 925
49 53
49 384
49 534
49 646
49 761
49 896
49 954
49 979
49 1018
49 1039
50 137
50 457
50 491
50 667
50 926
50 1033
51 96
51 101
51 182
51 301
51 648
51 713
51 742
51 743
51 901
51 960
51 966
51 1055
52 159
52 310
52 367
52 413
52 418
52 451
52 488
52 834
52 933
52 944
52 1025
53 84
53 366
53 434
53 464
53 515
53 545
53 619
53 662
53 852
53 923
54 652
54 679
55 274
55 455
55 532
55 616
55 1031
56 170
56 200
56 370
56 445
56 447
56 596
56 671
56 848
57 100
57 231
57 312
57 329
57 657
57 921
57 1011
57 1034
57 1044
58 140
58 206
58 490
58 704
58 727
58 764
58 860
58 1049
59 147
59 148
59 607
59 668
59 1056
60 151
60 307
60 1023
61 139
61 222
61 226
61 569
61 583
61 740
61 774
61 815
61 830
61 950
62 70
62 293
62 504
62 636
62 770
62 805
62 978
62 1046
63 118
63 249
63 467
63 608
63 697
63 715
64 125
64 361
64 739
64 984
64 1047
64 1068
65 292
65 621
65 640
65 922
66 225
66 423
66 915
67 349
67 716
67 765
68 733
69 71
69 647
69 985
69 1019
70 89
70 123
70 177
70 246
70 355
70 500
71 166
71 446
71 484
71 523
71 749
71 853
71 1000
72 143
72 577
72 614
72 833
73 94
73 219
73 305
73 859
73 955
74 247
74 282
74 827
74 949
75 382
75 473
75 535
75 807
76 176
76 389
76 564
76 593
76 600
77 294
77 869
78 364
79 741
79 771
79 951
80 186
80 419
80 864
81 97
81 128
81 722
82 228
82 253
82 344
82 520
82 590
82 918
82 946
83 112
83 119
83 261
83 952
84 124
84 694
85 135
85 912
86 105
86 411
86 482
86 945
86 1063
87 666
87 892
88 115
88 469
88 674
89 173
89 213
89 368
89 814
89 867
90 328
90 855
91 450
91 613
92 318
92 378
92 601
92 939
92 1024
93 927
94 617
94 675
94 919
94 963
94 976
95 162
95 560
95 895
95 999
96 205
96 317
96 578
96 581
96 772
96 798
96 881
97 221
98 142
98 230
98 499
98 845
98 981
99 441
100 189
100 655
100 811
103 276
103 406
103 934
104 216
104 385
105 286
105 625
106 155
107 766
107 784
108 865
109 592
111 615
111 800
111 1052
112 522
112 710
112 928
113 191
113 314
113 588
114 218
114 732
114 820
115 433
115 453
116 828
116 1012
117 1070
118 638
119 337
120 233
120 559
120 773
121 332
121 439
121 756
121 903
122 902
124 158
125 172
125 572
126 215
126 1015
127 698
127 790
129 153
129 204
130 454
131 489
131 516
131 937
131 970
132 134
132 405
132 536
133 159
133 197
133 844
133 1043
134 187
134 365
134 470
135 633
136 150
137 644
138 785
139 543
139 586
140 194
141 264
142 989
144 676
144 967
145 161
148 626
149 997
150 421
150 935
152 957
153 850
155 1066
157 584
159 242
161 506
163 1005
164 299
165 171
166 468
167 432
167 795
170 456
173 910
175 748
176 890
177 680
179 326
179 992
182 958
183 1001
184 863
189 313
194 353
194 557
198 262
199 1016
200 972
201 466
202 243
204 809
213 689
214 254
214 879
215 973
217 725
224 302
236 296
238 962
268 496
284 422
327 810
