1 53
1 109
1 137
1 370
1 473
1 492
1 520
1 566
1 579
1 659
1 686
1 874
1 923
1 1021
1 1028
2 35
2 37
2 66
2 135
2 182
2 380
2 388
2 467
2 518
2 613
2 644
2 983
2 1015
3 21
3 265
3 531
3 646
3 672
3 732
4 10
4 73
4 105
4 110
4 123
4 506
4 547
4 724
4 734
4 805
4 973
5 134
5 168
5 488
5 650
5 725
5 839
5 895
5 897
5 1009
6 40
6 135
6 155
6 221
6 282
6 308
6 718
6 755
6 1003
6 1013
6 1051
7 48
7 60
7 95
7 230
7 430
7 679
7 850
7 933
7 987
7 1006
7 1049
8 224
8 425
8 473
8 497
8 575
8 578
8 716
8 781
8 803
9 12
9 256
9 325
9 348
9 416
9 495
9 584
9 727
9 747
9 789
9 836
9 900
9 986
9 1033
10 53
10 87
10 112
10 156
10 342
10 431
10 524
10 539
10 587
10 720
10 963
11 105
11 297
11 346
11 362
11 389
11 433
11 643
11 743
11 750
11 962
11 1000
12 116
12 157
12 359
12 786
12 860
12 864
13 100
13 155
13 391
13 747
13 851
14 43
14 221
14 222
14 232
14 243
14 312
14 453
14 465
14 544
14 687
14 693
14 694
14 756
14 801
14 804
14 844
14 957
14 1036
15 283
15 580
15 661
15 677
15 760
15 826
15 841
15 876
15 915
16 104
16 175
16 209
16 304
16 320
16 387
16 455
16 627
16 669
16 838
16 860
16 923
16 975
17 18
17 48
17 96
17 343
17 360
17 379
17 410
17 568
17 574
17 606
17 665
17 718
17 915
17 953
17 1032
18 193
18 287
18 553
18 991
18 1050
19 20
19 108
19 162
19 192
19 223
19 243
19 247
19 290
19 329
19 417
19 628
19 883
19 1002
19 1031
20 94
20 190
20 227
20 268
20 296
20 393
20 418
20 535
20 691
20 928
20 934
21 46
21 228
21 507
21 592
21 617
21 622
21 709
21 808
22 104
22 255
22 623
22 719
22 726
22 824
22 849
22 1044
23 143
23 359
23 474
23 515
23 516
23 551
23 717
23 767
23 825
23 877
23 917
23 1029
24 100
24 125
24 129
24 149
24 658
24 1056
25 197
25 283
25 529
25 600
25 814
25 902
25 971
26 33
26 202
26 239
26 247
26 565
26 666
26 1004
27 77
27 86
27 114
27 397
27 448
27 730
27 756
27 1042
27 1073
28 30
28 76
28 173
28 434
28 474
28 653
28 731
28 1020
28 1046
28 1066
29 265
29 462
29 470
29 521
29 662
29 716
30 271
30 280
30 310
30 327
30 458
30 548
30 736
30 816
30 974
31 302
31 427
31 479
31 562
31 633
31 650
31 751
31 781
32 59
32 84
32 160
32 211
32 347
32 417
32 498
32 688
32 1016
32 1063
33 229
33 238
33 338
33 401
33 525
33 538
33 701
33 742
33 960
34 42
34 288
34 404
34 455
34 557
34 708
34 939
34 1019
35 50
35 88
35 390
35 634
35 884
35 976
35 979
36 484
36 631
36 747
36 894
36 909
36 1034
36 1057
37 189
37 366
37 408
37 576
37 593
37 609
37 952
37 1052
38 73
38 167
38 208
38 336
38 384
38 396
39 48
39 273
39 624
39 695
39 830
39 846
39 868
40 295
40 689
40 771
40 829
40 840
40 898
41 74
41 124
41 306
41 358
41 558
41 629
41 724
41 865
42 85
42 101
42 113
42 164
42 258
42 275
42 355
42 385
42 428
42 637
42 652
42 660
43 226
43 259
43 367
43 772
43 780
43 858
43 999
44 92
44 153
44 180
44 281
44 487
44 508
44 626
44 755
44 820
45 160
45 402
45 741
45 765
45 779
45 800
45 821
46 136
46 161
46 195
46 298
46 602
46 632
46 749
46 1053
47 78
47 180
47 533
47 599
47 770
47 793
47 881
48 142
48 456
48 460
48 769
48 936
48 1064
48 1067
49 127
49 160
49 307
49 316
49 601
49 607
49 852
50 213
50 406
50 674
50 859
50 904
50 906
50 935
51 93
51 107
51 197
51 441
52 55
52 89
52 257
52 302
52 349
52 352
52 421
52 918
52 1012
53 240
53 291
53 383
53 567
53 763
53 799
53 1072
54 218
54 273
54 540
54 739
54 784
54 790
54 810
54 959
55 58
55 163
55 293
55 318
55 334
55 461
55 715
56 91
56 191
56 248
56 307
56 451
56 522
56 523
56 542
57 351
57 584
57 680
57 910
57 1059
57 1068
58 581
58 696
58 744
58 1010
59 374
59 951
60 146
60 855
61 144
61 163
61 466
61 668
61 794
62 65
62 253
62 261
62 358
62 740
62 776
62 879
62 1061
63 105
63 510
63 610
63 729
63 913
63 984
64 88
64 246
64 254
64 571
64 685
64 700
64 713
64 788
64 1025
65 200
65 241
65 537
65 988
65 1011
66 219
66 477
66 759
66 856
67 89
67 121
67 216
67 483
67 640
67 1024
68 268
68 284
68 545
68 648
68 871
69 126
69 387
69 435
69 450
69 612
69 834
70 106
70 174
70 417
70 605
70 690
70 797
70 822
70 887
70 1054
70 1058
71 197
71 394
71 773
71 774
71 955
72 224
72 235
72 943
72 1018
73 436
73 863
73 893
73 969
73 978
73 1040
74 75
74 363
74 439
74 783
75 294
75 857
76 332
76 815
76 1017
77 102
77 405
77 921
77 956
77 982
77 989
78 147
78 176
78 204
78 577
78 931
78 1008
79 116
79 560
79 1047
80 147
80 237
80 371
80 449
80 480
80 481
80 945
81 212
81 221
81 263
81 350
81 636
81 667
81 848
81 1001
82 88
82 361
82 445
82 657
82 748
82 764
82 782
82 818
83 211
83 494
83 647
83 965
83 1039
84 452
84 842
85 90
85 245
85 286
85 503
85 891
86 154
86 305
86 496
86 552
86 611
86 861
86 977
86 1060
87 140
87 392
87 615
87 853
88 924
89 315
89 768
89 985
90 795
90 966
91 835
91 889
93 301
93 344
93 398
93 594
93 675
93 753
94 199
94 234
94 317
94 454
94 585
94 911
95 138
96 99
96 115
96 289
96 471
96 573
96 621
97 100
97 207
97 446
97 559
97 705
97 885
97 908
97 1007
98 240
98 722
98 886
98 993
99 118
99 120
99 171
99 260
99 378
99 595
99 758
99 914
99 926
100 373
100 555
100 663
101 313
101 493
101 888
102 252
102 811
103 327
103 569
103 947
103 948
103 1069
104 274
104 867
104 949
105 550
105 563
105 777
105 958
106 395
106 972
107 188
107 236
108 457
108 927
109 1043
110 603
110 754
110 968
111 118
111 151
111 270
111 485
111 880
111 890
111 929
112 206
112 570
112 996
112 1041
114 300
114 500
114 711
114 798
115 210
115 345
116 323
116 903
116 1035
117 183
117 318
117 377
117 654
117 703
118 179
118 339
118 340
118 341
119 197
119 616
120 186
120 203
120 625
120 641
121 272
121 386
121 819
121 831
122 148
122 184
122 253
122 459
122 468
122 596
122 919
122 942
123 845
124 277
124 311
124 735
125 541
125 721
126 264
126 670
126 710
126 925
127 330
128 349
128 426
128 572
129 937
130 168
130 597
130 699
130 970
131 171
131 321
131 608
132 143
132 326
132 505
132 930
133 223
133 655
133 912
134 714
134 827
135 491
136 158
136 244
136 368
136 583
137 443
137 878
138 201
138 356
138 381
138 941
139 181
139 321
139 372
139 526
139 990
140 536
141 178
141 385
141 738
141 980
142 152
142 411
142 792
143 177
143 638
143 806
144 225
144 322
144 382
144 486
145 167
145 217
146 423
146 752
146 938
147 807
148 205
148 292
148 519
149 242
149 862
149 1055
150 222
150 532
151 233
151 1038
152 645
152 994
152 1037
153 875
153 920
153 1026
154 328
154 514
155 262
155 489
155 1030
156 276
156 684
156 812
157 400
157 513
157 706
158 269
159 369
159 405
159 501
159 745
160 231
160 1023
161 549
162 409
164 250
164 440
165 217
165 907
166 185
166 266
166 334
166 432
166 589
167 604
167 892
169 340
169 707
170 206
171 785
172 262
172 828
173 249
173 437
174 873
175 728
177 319
178 314
178 702
179 1022
180 554
181 422
182 278
182 309
183 303
183 413
183 940
183 954
185 512
185 561
186 546
186 817
187 479
188 775
188 787
188 843
189 365
189 527
189 598
190 375
190 854
191 618
192 757
193 331
194 288
194 511
194 733
195 464
196 298
197 442
198 276
198 504
199 530
199 802
200 517
201 447
202 543
205 469
206 588
207 482
208 916
211 376
211 642
211 866
212 964
213 590
213 697
214 252
214 698
214 737
214 791
215 345
215 833
216 337
216 762
216 847
218 932
220 383
221 813
223 419
223 944
225 364
225 1048
227 476
228 412
228 981
229 251
229 354
229 420
230 502
230 872
233 357
236 333
236 766
237 809
238 399
242 1065
243 267
245 614
246 279
246 639
248 335
250 490
251 556
251 635
251 899
251 1027
252 995
253 967
255 619
256 992
257 682
258 1005
261 778
262 664
263 414
264 837
268 444
268 681
270 438
272 998
273 534
278 472
281 869
282 676
285 463
285 473
285 678
287 961
289 475
290 564
292 649
294 761
296 712
297 478
297 905
299 308
300 901
302 832
303 1014
306 1062
307 630
308 651
313 582
314 509
316 403
316 586
320 656
320 673
322 823
324 394
331 429
337 407
337 692
343 671
344 896
348 353
350 870
352 997
360 882
365 950
367 746
384 723
395 1070
405 499
415 445
417 591
417 683
424 452
430 946
436 704
458 796
474 922
483 528
498 1045
552 620
639 1071
