1 53
1 90
1 93
1 101
1 121
1 254
1 304
1 350
1 430
1 447
1 479
1 542
1 551
1 562
1 610
1 637
1 684
1 850
1 893
1 894
1 906
1 1002
1 1022
2 10
2 31
2 82
2 104
2 148
2 167
2 283
2 291
2 331
2 363
2 373
2 410
2 517
2 540
2 544
2 612
2 691
2 713
2 751
2 761
2 948
2 991
2 1014
2 1049
3 11
3 34
3 108
3 110
3 150
3 274
3 341
3 421
3 458
3 476
3 600
3 694
3 745
3 817
3 966
3 1030
3 1039
4 156
4 173
4 269
4 273
4 280
4 330
4 334
4 354
4 366
4 385
4 449
4 457
4 549
4 584
4 597
4 608
4 644
4 728
4 771
4 811
4 845
4 863
4 985
4 1000
4 1035
5 16
5 75
5 80
5 112
5 218
5 249
5 266
5 294
5 328
5 379
5 410
5 436
5 453
5 538
5 586
5 587
5 596
5 603
5 653
5 767
5 811
5 895
5 959
5 973
5 1012
6 100
6 111
6 166
6 183
6 235
6 261
6 304
6 320
6 432
6 433
6 467
6 472
6 477
6 491
6 552
6 651
6 653
6 655
6 668
6 679
6 710
6 752
6 837
6 856
7 30
7 205
7 238
7 247
7 283
7 333
7 395
7 459
7 466
7 499
7 563
7 598
7 600
7 623
7 659
7 673
7 702
7 737
7 758
7 814
8 141
8 338
8 355
8 370
8 433
8 442
8 503
8 512
8 626
8 649
8 661
8 672
8 851
8 867
8 905
8 938
8 1009
8 1025
9 82
9 117
9 194
9 243
9 372
9 374
9 377
9 381
9 414
9 415
9 426
9 523
9 529
9 604
9 646
9 682
9 763
9 859
9 866
9 870
9 899
9 916
9 995
9 1056
9 1070
10 96
10 157
10 226
10 230
10 233
10 268
10 303
10 311
10 321
10 327
10 356
10 388
10 721
10 739
10 741
10 806
10 838
10 911
10 983
10 1003
10 1032
11 163
11 202
11 209
11 211
11 293
11 298
11 301
11 371
11 420
11 485
11 558
11 560
11 648
11 686
11 717
11 735
11 925
11 982
11 1019
11 1023
11 1031
11 1052
12 230
12 324
12 339
12 473
12 568
12 640
12 671
12 769
12 783
12 829
12 904
12 912
12 957
12 972
13 42
13 88
13 132
13 212
13 269
13 276
13 347
13 456
13 465
13 516
13 533
13 543
13 605
13 621
13 785
13 835
13 890
13 892
13 915
13 935
13 1001
13 1006
14 21
14 65
14 98
14 145
14 202
14 220
14 245
14 318
14 417
14 524
14 731
14 744
14 815
14 816
14 841
14 842
14 943
14 955
14 1059
14 1068
15 17
15 61
15 81
15 133
15 147
15 269
15 342
15 362
15 526
15 582
15 629
15 693
15 719
15 865
15 889
15 936
15 975
15 1073
16 41
16 46
16 246
16 250
16 258
16 398
16 403
16 428
16 515
16 634
16 635
16 681
16 877
16 951
16 964
16 978
16 1047
17 38
17 97
17 151
17 170
17 206
17 237
17 440
17 478
17 486
17 657
17 787
17 794
18 19
18 59
18 100
18 126
18 161
18 215
18 217
18 307
18 422
18 513
18 532
18 546
18 674
18 714
18 722
18 754
18 757
18 779
18 818
18 834
18 956
18 1004
18 1018
18 1058
19 195
19 228
19 405
19 470
19 592
19 609
19 613
19 643
19 692
19 708
19 798
19 833
19 902
19 953
19 997
20 114
20 164
20 212
20 296
20 335
20 450
20 658
20 698
20 839
20 918
20 954
20 967
20 1041
20 1046
21 26
21 51
21 76
21 130
21 281
21 351
21 394
21 406
21 407
21 460
21 471
21 569
21 601
21 602
21 703
21 746
21 996
21 1017
22 95
22 96
22 232
22 264
22 267
22 286
22 306
22 322
22 380
22 418
22 575
22 639
22 780
22 796
22 824
22 920
23 33
23 62
23 76
23 83
23 119
23 353
23 443
23 475
23 534
23 590
23 631
23 652
23 843
23 864
23 942
23 969
23 998
23 1057
24 38
24 70
24 129
24 239
24 345
24 375
24 511
24 607
24 624
24 756
24 828
24 840
24 896
24 977
25 34
25 219
25 278
25 284
25 329
25 425
25 482
25 619
25 625
25 900
26 28
26 48
26 483
26 514
26 554
26 665
26 961
27 32
27 48
27 74
27 175
27 192
27 265
27 464
27 536
27 801
27 887
27 940
27 970
27 1016
27 1050
28 404
28 446
28 463
28 493
28 750
28 930
28 931
29 85
29 114
29 201
29 302
29 429
29 500
29 695
29 725
29 770
29 812
29 858
29 934
29 1042
30 180
30 272
30 336
30 348
30 352
30 359
30 387
30 484
30 550
30 589
30 678
30 688
30 788
30 799
30 819
31 63
31 107
31 305
31 365
31 411
31 614
31 620
31 716
31 791
31 965
31 1033
31 1044
32 35
32 87
32 118
32 144
32 189
32 191
32 295
32 389
32 424
32 508
32 593
32 642
32 913
32 950
32 984
32 1036
32 1043
32 1061
32 1063
33 72
33 73
33 115
33 140
33 197
33 314
33 413
33 506
33 622
33 715
33 755
33 825
34 136
34 241
34 277
34 309
34 326
34 337
34 408
34 498
34 522
34 636
34 706
34 772
35 120
35 125
35 152
35 174
35 270
35 369
35 378
35 393
35 509
35 591
35 689
35 903
35 921
36 43
36 96
36 240
36 313
36 748
36 830
36 853
36 908
36 1005
36 1027
37 102
37 117
37 252
37 253
37 367
37 368
37 556
37 574
37 669
37 730
37 784
37 878
37 1067
38 142
38 186
38 222
38 317
38 488
38 531
38 548
38 578
38 581
38 712
38 740
38 939
39 61
39 146
39 188
39 364
39 519
39 571
39 616
39 720
39 775
39 876
39 1040
40 46
40 200
40 229
40 315
40 357
40 383
40 434
40 504
40 888
40 1010
40 1028
40 1048
41 198
41 497
41 765
41 776
41 882
41 897
41 922
42 55
42 310
42 566
42 572
42 650
42 879
43 576
43 654
43 729
43 883
44 107
44 300
44 340
44 419
44 567
44 611
44 676
44 709
44 872
44 881
45 54
45 72
45 99
45 190
45 207
45 223
45 234
45 396
45 547
45 662
45 696
45 760
45 852
45 909
45 952
45 1024
46 84
46 122
46 196
46 360
46 525
46 606
46 687
46 734
46 742
46 766
47 55
47 106
47 160
47 199
47 792
47 802
47 1062
48 262
48 580
48 615
48 726
49 107
49 231
49 236
49 663
49 683
49 700
49 793
49 857
50 59
50 185
50 255
50 292
50 454
50 474
50 553
50 561
50 645
51 66
51 135
51 431
51 505
51 733
51 781
51 928
51 993
52 167
52 169
52 399
52 462
52 541
52 1011
53 564
53 736
53 759
53 884
53 992
53 1029
54 86
54 308
54 518
54 583
54 727
54 855
54 979
55 57
55 312
55 423
55 565
55 960
56 76
56 260
56 451
56 666
56 697
56 924
56 1015
57 184
57 400
57 813
57 1065
58 83
58 444
58 481
58 690
58 705
59 290
59 599
59 685
59 707
59 885
59 958
59 1013
60 132
60 221
60 836
60 860
60 1038
61 89
61 256
61 271
61 910
61 941
62 109
62 193
62 349
62 495
62 963
62 1060
62 1066
63 743
63 1069
64 95
64 172
64 316
64 777
64 981
64 1021
65 131
65 346
65 559
65 868
65 929
66 468
66 786
67 104
67 214
67 279
67 585
67 732
68 95
68 134
68 778
69 94
69 125
69 448
69 667
69 800
70 854
70 1020
71 183
71 376
71 390
71 401
71 487
71 555
72 489
72 749
72 873
72 914
72 980
73 319
73 392
73 452
73 496
73 849
73 919
74 412
74 490
74 797
74 945
75 1055
76 116
76 227
76 282
76 627
76 962
76 989
77 137
77 266
77 287
77 638
77 862
77 901
77 994
78 111
78 617
78 782
79 229
79 455
79 701
79 1034
80 628
81 139
81 143
81 204
81 441
82 216
82 469
82 521
82 535
82 675
82 846
82 1007
83 155
83 159
83 557
83 660
83 1071
84 162
84 248
84 427
84 537
84 768
85 181
85 530
85 774
86 325
86 539
86 738
86 790
86 823
87 927
88 416
88 520
89 789
89 898
90 225
90 397
90 461
90 753
91 106
91 435
91 723
91 810
91 1037
92 115
92 285
92 577
93 344
93 664
93 699
93 832
94 588
94 632
95 178
95 618
95 990
96 494
96 528
96 704
96 711
96 871
97 809
98 182
98 764
99 177
99 633
99 656
99 807
100 510
101 103
101 545
101 805
102 480
103 158
103 289
104 988
105 106
106 154
106 773
107 149
107 937
108 275
108 630
108 886
109 176
109 208
109 244
109 647
110 570
110 986
110 1053
111 926
112 999
113 193
114 677
115 1051
116 439
116 880
118 127
118 501
119 203
119 382
119 831
120 848
121 213
121 949
123 153
123 210
123 234
124 131
125 138
128 163
128 445
128 976
129 187
130 323
132 165
132 242
133 822
133 844
134 507
134 875
135 573
136 747
137 724
138 869
139 944
139 946
140 874
141 409
141 527
144 968
146 171
147 224
148 804
148 827
148 1008
149 891
150 437
151 332
151 579
151 1072
153 907
154 641
155 297
155 1054
156 384
159 718
160 263
162 168
163 1064
164 288
164 343
168 826
169 492
170 820
171 251
172 821
176 808
176 923
177 947
178 361
178 987
179 214
179 257
179 391
181 299
183 502
185 402
188 933
191 358
192 803
196 795
196 932
197 762
198 917
198 971
199 259
199 974
205 670
214 680
216 861
225 1045
247 386
260 847
282 594
286 595
298 438
326 1026
