1 49
1 93
1 168
1 219
1 291
1 307
1 332
1 364
1 447
1 448
1 558
1 625
1 766
1 802
1 811
1 819
1 897
1 941
1 975
2 17
2 34
2 100
2 184
2 204
2 217
2 233
2 236
2 260
2 316
2 317
2 419
2 469
2 491
2 580
2 597
2 671
2 680
2 776
2 856
2 875
2 891
2 1006
2 1013
2 1015
2 1018
3 20
3 28
3 51
3 65
3 94
3 131
3 172
3 361
3 567
3 588
3 692
3 718
3 731
3 848
3 903
3 957
4 73
4 165
4 217
4 252
4 285
4 354
4 356
4 443
4 451
4 637
4 638
4 687
4 701
4 781
4 795
4 839
4 868
4 869
4 1014
4 1038
4 1050
5 19
5 68
5 103
5 115
5 136
5 138
5 140
5 149
5 311
5 341
5 354
5 375
5 406
5 418
5 483
5 484
5 486
5 518
5 541
5 565
5 645
5 789
5 814
5 828
5 1001
5 1059
6 37
6 72
6 94
6 249
6 295
6 374
6 401
6 433
6 461
6 478
6 486
6 550
6 595
6 616
6 628
6 696
6 709
6 798
6 801
6 932
6 983
6 986
6 1065
7 25
7 65
7 66
7 111
7 237
7 263
7 304
7 430
7 477
7 485
7 488
7 492
7 526
7 579
7 654
7 662
7 673
7 674
7 694
7 698
7 754
7 881
7 885
7 906
7 916
7 926
7 948
7 989
7 992
8 47
8 48
8 75
8 76
8 87
8 161
8 173
8 212
8 255
8 374
8 400
8 425
8 503
8 596
8 665
8 713
8 715
8 747
8 749
8 809
8 855
8 880
8 922
8 982
8 1045
8 1054
9 34
9 83
9 85
9 117
9 156
9 171
9 186
9 278
9 298
9 306
9 358
9 581
9 678
9 685
9 719
9 842
9 896
9 949
9 987
9 993
9 997
9 1002
9 1063
10 69
10 154
10 380
10 387
10 415
10 557
10 582
10 691
10 718
10 732
10 735
10 750
10 799
10 811
10 815
10 843
10 865
10 917
10 929
10 971
10 995
11 48
11 90
11 99
11 339
11 592
11 682
11 774
11 834
11 898
11 927
11 1022
11 1066
11 1073
12 36
12 75
12 124
12 145
12 157
12 310
12 353
12 428
12 456
12 482
12 513
12 622
12 626
12 725
12 866
12 928
13 66
13 112
13 119
13 132
13 247
13 421
13 422
13 467
13 548
13 632
13 708
13 786
13 791
13 825
13 849
13 1062
14 46
14 60
14 133
14 152
14 178
14 186
14 258
14 269
14 352
14 367
14 395
14 399
14 460
14 519
14 547
14 734
14 744
14 853
14 883
14 973
14 1043
15 149
15 218
15 231
15 238
15 267
15 283
15 333
15 346
15 362
15 371
15 462
15 490
15 576
15 600
15 812
15 901
15 944
16 19
16 32
16 107
16 225
16 347
16 649
16 716
16 810
16 857
16 911
16 974
16 1034
16 1042
17 248
17 261
17 282
17 432
17 546
17 768
17 858
17 887
18 93
18 141
18 201
18 274
18 444
18 536
18 551
18 639
18 695
18 739
18 755
18 778
18 824
18 847
18 956
18 962
18 1070
19 27
19 38
19 50
19 101
19 160
19 270
19 277
19 394
19 427
19 464
19 523
19 533
19 702
19 726
19 745
19 784
19 861
19 942
19 998
19 1003
19 1053
20 56
20 57
20 86
20 271
20 331
20 439
20 705
20 769
20 900
21 150
21 208
21 217
21 235
21 449
21 569
21 574
21 594
21 764
21 818
21 821
21 845
21 895
21 1020
22 39
22 127
22 247
22 256
22 279
22 355
22 534
23 110
23 121
23 201
23 529
23 532
23 560
23 826
23 888
23 963
24 70
24 80
24 107
24 191
24 276
24 357
24 403
24 493
24 495
24 577
24 601
24 610
24 653
24 711
24 712
24 722
24 723
24 751
24 938
25 54
25 74
25 102
25 167
25 273
25 393
25 398
25 435
25 553
25 608
25 617
25 655
25 740
25 800
25 808
25 950
25 990
25 1000
25 1011
26 44
26 56
26 84
26 129
26 197
26 216
26 221
26 280
26 327
26 329
26 438
26 471
26 539
26 954
26 1028
27 31
27 181
27 226
27 272
27 305
27 376
27 472
27 524
27 542
27 697
27 823
27 905
27 1007
27 1021
28 104
28 130
28 151
28 429
28 474
28 527
28 586
28 623
28 651
28 658
28 676
28 833
28 940
28 1051
29 96
29 114
29 137
29 161
29 245
29 369
29 506
29 508
29 647
29 724
29 1067
30 116
30 222
30 231
30 268
30 385
30 446
30 593
30 640
30 657
30 663
30 737
30 777
30 792
30 864
31 180
31 188
31 337
31 408
31 450
31 606
31 669
31 879
31 923
31 959
32 214
32 381
32 386
32 496
32 846
32 884
32 931
32 1044
33 148
33 231
33 405
33 473
33 517
33 659
33 661
33 693
33 717
33 742
33 780
33 1005
34 251
34 402
34 476
34 675
34 840
34 892
34 918
34 964
34 1061
34 1071
35 66
35 113
35 177
35 195
35 250
35 556
35 583
35 633
35 765
35 770
35 946
36 287
36 500
36 615
36 636
36 782
36 790
36 841
36 844
36 919
36 935
37 215
37 300
37 522
37 525
37 543
37 854
37 862
37 943
38 175
38 455
38 572
38 882
38 933
38 984
38 1009
38 1025
38 1037
39 42
39 158
39 194
39 262
39 302
39 366
39 382
39 501
39 528
39 612
39 753
39 1033
40 95
40 131
40 338
40 458
40 603
40 690
41 103
41 200
41 224
41 294
41 359
41 379
41 390
41 423
41 544
41 642
41 763
41 832
41 1046
42 299
42 383
42 440
42 459
42 562
42 598
42 619
42 703
42 720
42 874
42 1024
42 1064
42 1069
43 104
43 170
43 230
43 414
43 646
43 785
43 850
43 863
43 878
43 955
43 960
43 981
44 71
44 120
44 373
44 516
44 664
44 788
44 1039
44 1057
45 102
45 123
45 335
45 349
45 442
45 531
45 552
46 92
46 348
46 602
46 631
46 759
47 163
47 189
47 240
47 322
47 877
47 947
48 292
48 454
48 571
48 831
48 872
48 889
48 910
48 1047
49 155
49 630
49 837
49 886
49 951
49 958
49 1016
50 470
50 650
50 660
50 961
50 999
51 187
51 202
51 641
51 822
51 966
51 1019
52 139
52 352
52 413
52 729
53 222
53 264
53 351
53 914
54 174
54 336
54 397
54 817
55 103
55 561
55 681
55 867
55 913
55 967
56 259
56 293
56 890
56 1031
57 575
57 635
57 686
57 772
58 88
58 105
58 234
58 269
58 377
58 465
58 509
58 530
58 746
58 838
58 945
58 979
58 1010
59 79
59 89
59 112
59 144
59 281
59 350
59 392
59 521
59 589
59 672
59 761
59 871
59 1030
60 135
60 254
60 360
60 514
60 627
61 90
61 407
61 431
61 614
61 870
61 1036
62 106
62 141
62 176
62 489
62 624
62 728
63 80
63 164
63 312
63 315
63 396
63 564
63 912
64 110
64 323
64 667
64 762
65 179
65 241
65 468
65 555
65 621
65 689
65 704
65 775
65 952
65 1072
66 246
66 301
66 378
66 494
66 699
66 937
66 1056
67 80
67 122
67 388
68 81
68 193
68 670
68 829
68 830
68 907
68 936
68 991
69 512
69 535
69 566
69 851
70 78
70 203
70 644
70 760
70 1055
71 153
71 284
71 342
71 434
71 683
71 977
71 1040
72 417
72 479
72 554
72 894
73 321
73 370
73 902
74 198
74 210
74 257
74 453
74 480
74 573
74 656
75 384
75 412
75 803
75 835
76 297
76 391
76 452
76 545
76 549
76 568
77 106
77 758
77 807
78 324
78 436
78 475
79 537
79 988
80 253
80 445
80 497
80 738
81 118
81 205
81 783
81 836
82 91
82 104
82 125
82 229
82 372
82 587
82 727
82 797
82 820
83 908
83 920
83 924
84 318
84 502
84 507
84 510
84 816
85 220
85 232
85 424
85 578
85 968
86 207
86 505
86 787
86 980
86 1029
87 604
87 1017
88 98
88 213
88 466
88 481
88 688
88 707
88 873
89 126
89 206
89 710
89 771
89 1008
90 192
90 570
91 426
91 607
92 146
92 169
92 228
92 319
92 340
92 994
93 128
93 563
93 756
93 976
94 162
94 618
94 1052
95 183
95 730
95 1023
96 211
96 520
96 779
97 128
97 190
97 290
97 343
97 643
97 1060
98 199
98 410
98 420
98 733
98 1041
99 308
100 286
101 182
101 266
101 325
101 463
101 613
101 904
102 409
102 794
102 804
102 925
103 223
103 227
104 108
104 404
104 620
104 767
104 909
104 965
105 143
105 921
105 930
105 1068
106 1012
107 265
107 487
107 714
107 970
107 1032
108 441
108 498
109 127
109 320
109 985
110 142
110 239
110 504
110 700
111 538
111 748
113 209
113 330
113 1035
114 411
114 752
114 953
114 969
115 416
115 652
117 313
117 457
118 334
118 773
119 288
120 363
120 389
120 741
120 827
121 437
121 757
122 134
122 345
123 344
124 303
124 939
124 1004
125 196
127 365
127 679
128 499
128 806
129 275
130 185
130 743
130 1026
133 996
134 328
134 684
135 159
136 511
136 859
137 706
137 915
140 309
141 243
141 314
143 796
145 605
145 611
145 1027
146 972
147 197
147 326
147 368
151 584
152 629
153 677
153 721
156 876
157 648
157 852
160 515
161 934
165 242
166 201
166 609
168 899
172 813
177 289
178 244
180 1049
182 540
187 666
191 805
196 634
207 599
208 559
210 591
214 736
214 793
218 893
220 978
224 860
238 1058
259 296
267 668
313 590
336 1048
350 585
