1 27
1 33
1 79
1 109
1 131
1 180
1 446
1 486
1 641
1 676
1 692
1 878
1 895
1 995
1 1037
1 1111
1 1245
1 1617
1 1638
1 1740
1 1759
1 1774
1 1776
1 1786
1 1869
1 1901
1 2147
1 2176
1 2214
1 2250
1 2283
1 2492
1 2515
1 2527
1 2598
1 2657
1 2844
1 2921
1 2954
1 3407
1 3540
1 3791
1 3809
1 3846
1 3948
1 3973
1 4018
1 4036
1 4229
1 4267
1 4477
1 4519
1 4567
1 4707
1 4788
1 4814
1 4862
1 4941
2 49
2 266
2 415
2 441
2 484
2 486
2 508
2 650
2 1105
2 1326
2 1328
2 1517
2 1548
2 1552
2 1568
2 1588
2 1663
2 1668
2 1674
2 1768
2 1850
2 1883
2 1993
2 2155
2 2208
2 2223
2 2243
2 2261
2 2447
2 2470
2 2535
2 2626
2 2642
2 2893
2 2918
2 3075
2 3117
2 3250
2 3553
2 3784
2 3826
2 3852
2 3863
2 4052
2 4168
2 4354
2 4505
2 4528
2 4566
2 4573
2 4766
2 4953
3 91
3 269
3 341
3 368
3 589
3 806
3 832
3 935
3 1062
3 1094
3 1199
3 1210
3 1213
3 1373
3 1407
3 1752
3 1844
3 1873
3 1920
3 2016
3 2198
3 2255
3 2287
3 2303
3 2353
3 2366
3 2381
3 2390
3 2681
3 2826
3 2887
3 3189
3 3191
3 3352
3 3412
3 3569
3 3696
3 3702
3 3713
3 3785
3 3822
3 3865
3 3866
3 3982
3 4150
3 4162
3 4192
3 4243
3 4352
3 4442
3 4538
3 4540
3 4578
3 4598
3 4840
3 4910
4 98
4 229
4 390
4 823
4 846
4 1136
4 1246
4 1332
4 1375
4 1379
4 1407
4 1461
4 1588
4 1610
4 1868
4 1928
4 1965
4 1970
4 1981
4 1985
4 2164
4 2331
4 2395
4 2437
4 2563
4 2858
4 2884
4 2896
4 2974
4 3170
4 3193
4 3218
4 3486
4 3573
4 3596
4 3608
4 3640
4 3874
4 3896
4 3965
4 4087
4 4149
4 4213
4 4529
4 4582
4 4754
4 4767
4 4801
4 4838
4 4843
4 4851
4 4926
5 70
5 264
5 407
5 572
5 573
5 902
5 928
5 994
5 1091
5 1350
5 1626
5 1640
5 1771
5 1830
5 1888
5 2002
5 2103
5 2233
5 2263
5 2311
5 2486
5 2559
5 2807
5 2875
5 2949
5 2995
5 3092
5 3125
5 3127
5 3170
5 3372
5 3475
5 3492
5 3604
5 3883
5 3907
5 3920
5 3942
5 3980
5 4010
5 4058
5 4241
5 4294
5 4384
5 4844
6 19
6 35
6 257
6 338
6 355
6 580
6 727
6 818
6 872
6 890
6 920
6 1079
6 1229
6 1245
6 1390
6 1593
6 1634
6 1696
6 1824
6 1835
6 1891
6 2171
6 2244
6 2268
6 2278
6 2322
6 2375
6 2440
6 2588
6 2647
6 2786
6 2910
6 3018
6 3134
6 3162
6 3212
6 3267
6 3327
6 3424
6 3446
6 3464
6 3643
6 3672
6 3715
6 3790
6 3844
6 4053
6 4059
6 4082
6 4136
6 4319
6 4467
6 4521
6 4534
6 4576
6 4577
6 4797
6 4830
7 37
7 210
7 317
7 416
7 456
7 603
7 724
7 807
7 955
7 1009
7 1083
7 1227
7 1252
7 1325
7 1442
7 1503
7 1529
7 1703
7 1704
7 1745
7 1882
7 1955
7 2022
7 2089
7 2094
7 2138
7 2149
7 2694
7 2720
7 2801
7 2812
7 3203
7 3273
7 3278
7 3536
7 3545
7 3644
7 3718
7 3833
7 3947
7 3978
7 3987
7 4188
7 4202
7 4235
7 4342
7 4468
7 4602
7 4644
7 4987
8 42
8 55
8 162
8 598
8 726
8 929
8 932
8 933
8 959
8 1061
8 1162
8 1423
8 1676
8 1680
8 1900
8 2011
8 2048
8 2180
8 2198
8 2272
8 2306
8 2315
8 2356
8 2572
8 2659
8 2716
8 2908
8 2989
8 3002
8 3017
8 3209
8 3560
8 3635
8 3722
8 3729
8 3837
8 3911
8 3936
8 4108
8 4426
8 4669
8 4702
8 4703
8 4932
8 4970
9 86
9 104
9 113
9 134
9 181
9 266
9 856
9 1113
9 1156
9 1171
9 1196
9 1324
9 1531
9 1546
9 1746
9 1754
9 1792
9 1834
9 1878
9 1909
9 2005
9 2177
9 2237
9 2295
9 2355
9 2362
9 2490
9 2504
9 2557
9 2658
9 2678
9 2836
9 2959
9 3088
9 3176
9 3246
9 3406
9 3441
9 3506
9 3613
9 3642
9 3701
9 3814
9 3853
9 3931
9 4012
9 4152
9 4161
9 4496
9 4518
9 4697
9 4720
9 4739
9 4859
10 27
10 56
10 138
10 151
10 177
10 204
10 233
10 295
10 393
10 490
10 517
10 765
10 799
10 830
10 1124
10 1447
10 1670
10 1730
10 1737
10 1810
10 1866
10 1922
10 1998
10 2052
10 2162
10 2258
10 2264
10 2607
10 2691
10 2694
10 2872
10 3027
10 3219
10 3232
10 3283
10 3410
10 3531
10 3547
10 3632
10 3675
10 3830
10 3879
10 3909
10 4065
10 4208
10 4247
10 4334
10 4431
10 4481
10 4491
10 4580
10 4615
10 4672
10 4829
10 4891
11 54
11 69
11 106
11 225
11 257
11 391
11 529
11 651
11 690
11 913
11 1362
11 1411
11 1469
11 1511
11 1532
11 1553
11 1898
11 2274
11 2461
11 2501
11 2503
11 2614
11 2631
11 2731
11 2797
11 2816
11 2823
11 2840
11 2988
11 3016
11 3479
11 3499
11 3548
11 3669
11 3817
11 3904
11 4016
11 4033
11 4056
11 4224
11 4393
11 4645
11 4666
11 4822
12 338
12 372
12 435
12 591
12 630
12 810
12 976
12 1043
12 1097
12 1147
12 1214
12 1268
12 1323
12 1377
12 1388
12 1401
12 1412
12 1508
12 1621
12 1780
12 1797
12 1800
12 1880
12 2115
12 2159
12 2259
12 2556
12 2621
12 2907
12 2979
12 3006
12 3024
12 3107
12 3132
12 3295
12 3333
12 3376
12 3593
12 3598
12 3628
12 3661
12 4203
12 4453
12 4504
12 4679
12 4760
12 4761
12 4983
12 4996
13 29
13 202
13 218
13 280
13 469
13 515
13 966
13 1168
13 1176
13 1231
13 1309
13 1348
13 1557
13 1637
13 1650
13 1784
13 1911
13 2070
13 2072
13 2134
13 2239
13 2318
13 2385
13 2595
13 2637
13 2821
13 2870
13 2885
13 2936
13 3330
13 3443
13 3462
13 3483
13 3566
13 3664
13 3892
13 3970
13 3981
13 4018
13 4030
13 4071
13 4138
13 4147
13 4508
13 4757
13 4794
13 4820
13 4825
13 4985
14 92
14 227
14 358
14 370
14 392
14 577
14 597
14 709
14 1078
14 1453
14 1533
14 1581
14 1644
14 1694
14 1711
14 1815
14 1870
14 1901
14 2058
14 2210
14 2313
14 2627
14 2628
14 2756
14 2779
14 2878
14 3147
14 3149
14 3210
14 3335
14 3458
14 3507
14 3688
14 3710
14 3740
14 4118
14 4129
14 4157
14 4470
14 4479
14 4695
14 4708
14 4764
14 4765
15 99
15 241
15 253
15 268
15 446
15 505
15 575
15 636
15 665
15 703
15 1392
15 1444
15 1501
15 1586
15 1625
15 1648
15 1770
15 2017
15 2077
15 2517
15 2673
15 2755
15 2859
15 2933
15 2980
15 3023
15 3063
15 3135
15 3139
15 3465
15 4399
15 4921
16 79
16 108
16 212
16 582
16 600
16 746
16 766
16 786
16 931
16 949
16 991
16 1023
16 1033
16 1109
16 1137
16 1154
16 1223
16 1477
16 1562
16 1575
16 1716
16 1742
16 1747
16 1803
16 1956
16 1988
16 2000
16 2059
16 2201
16 2230
16 2248
16 2301
16 2336
16 2413
16 2472
16 2566
16 2703
16 2706
16 2734
16 2735
16 2745
16 2835
16 3099
16 3106
16 3152
16 3153
16 3165
16 3380
16 3615
16 3776
16 3875
16 3927
16 3941
16 4183
16 4201
16 4236
16 4316
16 4378
16 4499
16 4583
16 4684
16 4806
16 4816
16 4860
16 4984
17 111
17 596
17 776
17 981
17 1028
17 1392
17 1875
17 2049
17 2083
17 2117
17 2939
17 2965
17 3043
17 3065
17 3098
17 3120
17 3122
17 3215
17 3231
17 3405
17 3592
17 3645
17 3840
17 4057
17 4182
17 4250
17 4608
17 4631
17 4662
17 4856
17 4894
17 4907
17 4948
17 5000
18 175
18 286
18 299
18 348
18 759
18 775
18 827
18 929
18 1085
18 1119
18 1125
18 1149
18 1185
18 1307
18 1403
18 1425
18 1472
18 1480
18 1510
18 1571
18 1647
18 1772
18 1783
18 1935
18 2060
18 2400
18 2690
18 2744
18 3402
18 3438
18 3546
18 3694
18 3816
18 3916
18 3960
18 4051
18 4609
18 4622
18 4731
18 4832
18 4873
18 4930
19 58
19 101
19 115
19 245
19 255
19 281
19 349
19 645
19 763
19 764
19 819
19 893
19 917
19 973
19 1360
19 1464
19 1466
19 1484
19 1487
19 1666
19 1790
19 1916
19 1971
19 1986
19 2038
19 2053
19 2247
19 2406
19 2482
19 2644
19 2728
19 2853
19 2903
19 3041
19 3167
19 3198
19 3422
19 3437
19 3497
19 3514
19 3689
19 3697
19 3746
19 4038
19 4061
19 4275
19 4444
19 4464
19 4523
19 4706
19 4877
19 4911
19 4964
20 125
20 194
20 218
20 365
20 383
20 503
20 541
20 544
20 721
20 739
20 1153
20 1402
20 1441
20 1449
20 1504
20 1607
20 1620
20 1818
20 2039
20 2097
20 2181
20 2232
20 2316
20 2750
20 2827
20 2834
20 3108
20 3322
20 3386
20 3447
20 3934
20 3964
20 3999
20 4008
20 4258
20 4331
20 4347
20 4635
20 4775
20 4848
20 4874
20 4902
20 4917
20 4940
21 71
21 204
21 337
21 426
21 452
21 609
21 614
21 742
21 756
21 879
21 1128
21 1175
21 1287
21 1385
21 1416
21 1429
21 1506
21 1813
21 1952
21 2030
21 2102
21 2245
21 2376
21 2389
21 2529
21 2581
21 2608
21 2742
21 2997
21 3329
21 3381
21 3389
21 3626
21 3744
21 3968
21 4002
21 4357
21 4438
21 4747
21 4770
22 435
22 805
22 884
22 964
22 1041
22 1186
22 1384
22 1547
22 1556
22 1599
22 1665
22 2212
22 2319
22 2340
22 2433
22 2506
22 2811
22 2940
22 3058
22 3157
22 3259
22 3753
22 3755
22 3807
22 4001
22 4021
22 4427
22 4500
22 4547
22 4550
22 4607
22 4637
22 4743
22 4803
22 4854
22 4872
22 4934
22 4967
23 219
23 316
23 356
23 420
23 602
23 829
23 840
23 940
23 975
23 1013
23 1051
23 1069
23 1233
23 1255
23 1259
23 1465
23 1560
23 1633
23 1685
23 1731
23 1845
23 1895
23 2016
23 2098
23 2240
23 2361
23 2497
23 2521
23 2583
23 2900
23 2930
23 3081
23 3208
23 3450
23 3500
23 3501
23 3848
23 3890
23 3926
23 4110
23 4165
23 4228
23 4305
23 4433
23 4458
23 4588
23 4589
23 4628
24 119
24 182
24 343
24 498
24 579
24 659
24 739
24 896
24 898
24 918
24 947
24 1415
24 1455
24 1618
24 1629
24 1851
24 2007
24 2119
24 2292
24 2377
24 2561
24 2668
24 2711
24 2800
24 2856
24 2862
24 2924
24 2956
24 3071
24 3142
24 3156
24 3315
24 3321
24 3537
24 4039
24 4041
24 4180
24 4270
24 4473
24 4494
24 4724
24 4892
25 257
25 283
25 386
25 410
25 677
25 862
25 881
25 916
25 1364
25 1767
25 1804
25 1856
25 2426
25 2430
25 2697
25 2738
25 2873
25 2879
25 3169
25 3199
25 3204
25 3575
25 3679
25 3724
25 3917
25 4014
25 4032
25 4189
25 4215
25 4220
25 4394
25 4463
25 4629
25 4875
25 4952
25 4994
25 4995
26 126
26 349
26 655
26 737
26 748
26 869
26 873
26 1448
26 1596
26 1623
26 1632
26 1764
26 1926
26 2020
26 2050
26 2085
26 2101
26 2327
26 2465
26 2479
26 3047
26 3076
26 3087
26 3133
26 3401
26 3413
26 3779
26 4000
26 4091
26 4325
26 4349
26 4358
26 4418
26 4493
26 4738
26 4893
26 4919
27 308
27 453
27 458
27 660
27 751
27 885
27 1040
27 1101
27 1180
27 1243
27 1305
27 1311
27 1434
27 1443
27 1446
27 1450
27 2056
27 2187
27 2675
27 2709
27 2952
27 2992
27 3480
27 3747
27 3758
27 3975
27 4063
27 4333
27 4408
27 4439
27 4445
27 4461
27 4605
27 4656
27 4693
27 4752
27 4773
27 4792
27 4833
27 4870
27 4935
28 44
28 345
28 486
28 674
28 698
28 761
28 1302
28 1489
28 1507
28 1661
28 1762
28 1806
28 1848
28 1887
28 1944
28 1990
28 2003
28 2113
28 2207
28 2445
28 2458
28 2622
28 2625
28 2966
28 3328
28 3356
28 3543
28 3723
28 3884
28 4109
28 4155
28 4179
28 4244
28 4291
28 4435
28 4485
28 4530
28 4613
28 4646
28 4689
28 4709
28 4925
29 399
29 462
29 782
29 1030
29 1047
29 1135
29 1201
29 1299
29 1329
29 1488
29 1559
29 1809
29 2057
29 2154
29 2352
29 2530
29 2584
29 2613
29 2751
29 2922
29 3033
29 3093
29 3474
29 3588
29 3629
29 4044
29 4067
29 4714
29 4868
29 4960
29 4976
30 80
30 111
30 262
30 493
30 568
30 594
30 606
30 773
30 833
30 912
30 990
30 1284
30 1370
30 1462
30 1683
30 1744
30 1863
30 1896
30 1967
30 1979
30 2127
30 2178
30 2199
30 2238
30 2293
30 2403
30 2405
30 2455
30 2587
30 2686
30 2769
30 2817
30 2928
30 3048
30 3338
30 3418
30 3460
30 3490
30 3577
30 3599
30 3806
30 3811
30 4003
30 4465
30 4555
30 4606
30 4696
30 4791
30 4986
31 94
31 213
31 788
31 1022
31 1023
31 1060
31 1104
31 1220
31 1316
31 1438
31 1577
31 1889
31 1915
31 2013
31 2036
31 2046
31 2093
31 2432
31 2495
31 2641
31 2692
31 3146
31 3242
31 3323
31 3373
31 3523
31 3634
31 3728
31 3756
31 3795
31 3891
31 3971
31 3979
31 4120
31 4248
31 4375
31 4533
31 4625
31 4787
31 4896
31 4901
32 118
32 290
32 302
32 390
32 656
32 731
32 924
32 952
32 962
32 1012
32 1039
32 1132
32 1492
32 1516
32 1688
32 1715
32 1765
32 1839
32 1921
32 2143
32 2165
32 2341
32 2444
32 2491
32 2592
32 2818
32 3200
32 3310
32 4314
32 4429
32 4457
32 4581
32 4619
32 4701
32 4783
33 76
33 442
33 454
33 745
33 758
33 876
33 1144
33 1286
33 1300
33 1321
33 1825
33 1930
33 1968
33 1989
33 2109
33 2142
33 2152
33 2568
33 2611
33 2730
33 2739
33 2831
33 3015
33 3131
33 3764
33 4083
33 4217
33 4256
33 4313
33 4361
33 4459
33 4636
33 4715
33 4733
34 72
34 173
34 268
34 460
34 530
34 644
34 675
34 791
34 860
34 936
34 1036
34 1491
34 1513
34 1734
34 2169
34 2524
34 2600
34 2776
34 2982
34 2999
34 3498
34 3748
34 3771
34 3876
34 4037
34 4086
34 4269
34 4273
34 4345
34 4484
34 4735
34 4777
34 4973
35 51
35 81
35 112
35 507
35 849
35 1074
35 1282
35 1409
35 1520
35 1924
35 2151
35 2217
35 2590
35 2623
35 2667
35 2674
35 2804
35 2847
35 2938
35 3004
35 3010
35 3046
35 3262
35 3630
35 3670
35 3805
35 3908
35 4042
35 4054
35 4242
35 4308
35 4472
35 4698
35 4729
35 4837
36 46
36 198
36 278
36 300
36 303
36 354
36 412
36 531
36 571
36 742
36 887
36 1067
36 1624
36 1678
36 1687
36 2273
36 2507
36 2513
36 2665
36 2841
36 2845
36 3003
36 3124
36 3141
36 3166
36 3392
36 3712
36 3802
36 3859
36 4055
36 4306
36 4310
36 4321
36 4396
36 4665
36 4951
37 100
37 140
37 293
37 798
37 1178
37 1206
37 1413
37 1903
37 1933
37 1941
37 1991
37 1994
37 2221
37 2546
37 2591
37 2846
37 3056
37 3115
37 3178
37 3279
37 3385
37 3403
37 3512
37 3574
37 3648
37 3743
37 3798
37 3939
37 3983
37 4564
37 4969
38 66
38 94
38 336
38 357
38 693
38 696
38 738
38 767
38 1635
38 1646
38 1948
38 2033
38 2092
38 2454
38 2502
38 2704
38 2937
38 3035
38 3148
38 3202
38 3324
38 3426
38 3522
38 3610
38 3944
38 3990
38 4205
38 4402
38 4526
38 4535
39 251
39 342
39 435
39 545
39 629
39 816
39 877
39 965
39 1018
39 1297
39 1677
39 1874
39 1951
39 2021
39 2262
39 2267
39 2398
39 2569
39 2664
39 2700
39 2761
39 2882
39 3039
39 3044
39 3280
39 3342
39 3434
39 3456
39 3631
39 3650
39 3711
39 4430
39 4664
39 4699
39 4849
39 4852
40 218
40 272
40 459
40 512
40 599
40 617
40 662
40 679
40 719
40 1089
40 1127
40 1271
40 1296
40 1320
40 1337
40 1366
40 1576
40 1854
40 2107
40 2123
40 2204
40 2346
40 2399
40 2449
40 2459
40 2488
40 2663
40 2683
40 2741
40 2909
40 2931
40 3265
40 3652
40 3752
40 3857
40 3998
40 4225
40 4260
40 4374
40 4476
40 4772
40 4876
40 4887
41 223
41 224
41 248
41 254
41 262
41 291
41 866
41 1016
41 1035
41 1065
41 1374
41 1398
41 1437
41 1782
41 1972
41 2001
41 2139
41 2630
41 2770
41 2771
41 2793
41 2803
41 2824
41 2854
41 3365
41 3777
41 3919
41 4040
41 4245
41 4332
41 4359
41 4377
41 4675
41 4749
41 4972
42 61
42 242
42 353
42 557
42 631
42 855
42 867
42 945
42 1005
42 1071
42 1126
42 1129
42 1159
42 1160
42 1184
42 1344
42 1376
42 1832
42 1913
42 1919
42 1938
42 1957
42 2095
42 2269
42 2275
42 2330
42 2586
42 2633
42 2764
42 3312
42 3461
42 3502
42 3505
42 3856
42 3871
42 3950
42 3988
42 4299
42 4527
42 4593
42 4885
43 171
43 194
43 196
43 551
43 705
43 801
43 903
43 951
43 1283
43 1500
43 1729
43 1779
43 2080
43 2260
43 2280
43 2401
43 2639
43 2693
43 2865
43 3104
43 3253
43 3449
43 3562
43 3674
43 3721
43 3727
43 3966
43 4048
43 4210
43 4383
43 4437
43 4546
43 4549
43 4600
43 4624
43 4978
44 117
44 279
44 319
44 332
44 444
44 695
44 749
44 795
44 1197
44 1202
44 1351
44 1440
44 1565
44 1829
44 2153
44 2271
44 2300
44 2407
44 2578
44 2602
44 2749
44 2838
44 3286
44 3409
44 3476
44 3609
44 3638
44 3662
44 3738
44 3903
44 4277
44 4785
45 55
45 102
45 206
45 226
45 261
45 275
45 436
45 820
45 1031
45 1181
45 1295
45 1298
45 1391
45 1519
45 1574
45 1705
45 2251
45 2431
45 2483
45 2635
45 2722
45 2763
45 2962
45 2998
45 3026
45 3305
45 3313
45 3317
45 3419
45 3625
45 3714
45 3835
45 3873
45 3914
45 4034
45 4106
45 4125
45 4197
45 4221
45 4234
45 4280
45 4575
45 4592
45 4721
45 4727
45 4823
46 352
46 488
46 610
46 666
46 672
46 803
46 1082
46 1274
46 1579
46 2044
46 2219
46 2796
46 2839
46 2901
46 2926
46 3116
46 3186
46 3260
46 3663
46 4186
46 4198
46 4219
46 4680
46 4938
47 145
47 470
47 713
47 878
47 939
47 1014
47 1108
47 1207
47 1551
47 1615
47 1641
47 2124
47 2129
47 2290
47 2427
47 2768
47 2947
47 2973
47 2978
47 3061
47 3110
47 3126
47 3350
47 3766
47 4007
47 4013
47 4117
47 4171
47 4398
47 4722
47 4728
47 4759
47 4888
48 93
48 115
48 250
48 638
48 668
48 701
48 1063
48 1700
48 1846
48 2170
48 2190
48 2351
48 2473
48 2564
48 2874
48 3101
48 3240
48 3244
48 3375
48 3951
48 4079
48 4085
48 4230
48 4283
48 4389
48 4574
48 4789
48 4975
49 351
49 474
49 892
49 1021
49 1241
49 1420
49 1655
49 1892
49 2158
49 2192
49 2359
49 2443
49 2861
49 3001
49 3038
49 3078
49 3201
49 3296
49 3348
49 3368
49 3572
49 3659
49 3762
49 3887
49 3989
49 4069
49 4174
49 4363
49 4388
49 4404
49 4920
50 301
50 604
50 710
50 766
50 836
50 844
50 899
50 1122
50 1439
50 1890
50 1999
50 2191
50 2464
50 2570
50 2617
50 2850
50 3336
50 3364
50 3408
50 3556
50 3570
50 3597
50 4074
50 4497
50 4512
50 4737
50 4959
51 156
51 477
51 501
51 542
51 633
51 790
51 824
51 843
51 847
51 1203
51 1205
51 1381
51 1445
51 1454
51 1942
51 2028
51 2166
51 2733
51 2888
51 3582
51 3621
51 3761
51 3847
51 3952
51 3959
51 4105
51 4194
51 4510
51 4541
51 4630
51 4831
51 4869
51 4927
52 150
52 326
52 331
52 443
52 456
52 463
52 537
52 567
52 794
52 950
52 1019
52 1072
52 1393
52 1721
52 1958
52 2023
52 2027
52 2114
52 2560
52 2784
52 2857
52 2944
52 3161
52 3277
52 3839
52 3878
52 3992
52 4412
52 4495
52 4692
52 4705
52 4713
52 4730
52 4865
52 4981
53 85
53 150
53 183
53 216
53 388
53 510
53 628
53 1034
53 1053
53 1055
53 1236
53 1572
53 1669
53 1699
53 1827
53 1902
53 1908
53 2043
53 2099
53 2254
53 2429
53 2434
53 2712
53 2833
53 3069
53 3159
53 4081
53 4122
53 4597
53 4651
54 521
54 999
54 1609
54 1651
54 1964
54 2091
54 2121
54 2317
54 2383
54 2412
54 2596
54 2806
54 3155
54 3552
54 3763
54 3881
54 3898
54 4191
54 4587
54 4688
55 146
55 208
55 340
55 362
55 471
55 562
55 578
55 732
55 948
55 1056
55 1120
55 1146
55 1263
55 1597
55 1671
55 1672
55 1867
55 2014
55 2543
55 2567
55 2758
55 2808
55 2822
55 2935
55 3072
55 3587
55 3589
55 3735
55 3850
55 4134
55 4341
55 4360
55 4382
55 4861
55 4864
56 284
56 468
56 904
56 1158
56 1273
56 1279
56 1518
56 1523
56 1530
56 2009
56 2073
56 2523
56 2814
56 3070
56 3145
56 3177
56 3249
56 3430
56 3469
56 3794
56 4029
56 4159
56 4965
56 4990
57 92
57 519
57 682
57 716
57 1020
57 1164
57 1619
57 1743
57 1757
57 2670
57 2783
57 2805
57 2810
57 3143
57 3255
57 4035
57 4209
57 4350
57 4364
57 4690
58 320
58 613
58 643
58 921
58 938
58 1052
58 1138
58 1148
58 1603
58 1627
58 1719
58 1836
58 2325
58 2392
58 2553
58 2701
58 2799
58 2819
58 3121
58 3216
58 3435
58 3466
58 3477
58 3557
58 3565
58 3686
58 3692
58 3906
58 4199
58 4255
58 4424
58 4897
59 269
59 487
59 667
59 883
59 1222
59 1265
59 1697
59 1751
59 2522
59 3019
59 3034
59 3773
59 3933
59 4326
59 4740
59 4999
60 119
60 155
60 298
60 780
60 914
60 1365
60 1657
60 2105
60 2118
60 2218
60 2774
60 2791
60 2889
60 2975
60 3179
60 3463
60 3494
60 3601
60 3668
60 3922
60 4195
60 4304
60 4487
60 4572
60 4818
60 4939
61 785
61 993
61 1540
61 1710
61 1847
61 1857
61 2106
61 2329
61 2333
61 3021
61 3111
61 3171
61 3235
61 3432
61 3667
61 3687
61 3693
61 3719
61 3832
61 3897
61 3949
61 4265
61 4309
61 4312
61 4338
61 4395
61 4639
61 4974
62 713
62 880
62 1058
62 1095
62 1334
62 1524
62 1864
62 1960
62 2173
62 2241
62 2298
62 2307
62 2552
62 3196
62 3266
62 3397
62 3487
62 3595
62 3759
62 4307
62 4460
63 115
63 256
63 364
63 977
63 1049
63 1200
63 1237
63 1315
63 1748
63 2453
63 2509
63 3049
63 3073
63 3349
63 3366
63 3367
63 3399
63 3695
63 3709
63 3834
63 3905
63 4092
63 4482
63 4552
63 4717
63 4768
64 88
64 196
64 518
64 694
64 718
64 871
64 1174
64 1224
64 1314
64 1336
64 1953
64 2163
64 2299
64 2438
64 2450
64 2695
64 2961
64 2983
64 3175
64 3534
64 3576
64 3902
64 4015
64 4043
64 4369
64 4685
64 4805
65 97
65 223
65 373
65 381
65 450
65 689
65 796
65 967
65 1190
65 1209
65 1219
65 1789
65 1881
65 2314
65 2538
65 2740
65 2752
65 2864
65 3028
65 3362
65 4218
65 4263
65 4466
66 176
66 334
66 497
66 649
66 664
66 1198
66 1418
66 2108
66 2125
66 2357
66 2418
66 2579
66 3614
66 3651
66 3824
66 3954
66 4130
66 4503
66 4683
66 4780
66 4914
67 76
67 240
67 678
67 1006
67 1010
67 1050
67 1092
67 1256
67 1290
67 1291
67 1653
67 1931
67 2288
67 2505
67 2773
67 2899
67 3066
67 3074
67 3114
67 4330
67 4537
68 115
68 294
68 413
68 421
68 433
68 1428
68 1536
68 1582
68 1954
68 2128
68 2671
68 2677
68 2725
68 2732
68 3051
68 3084
68 3860
68 3864
68 3895
68 3977
68 4078
68 4163
68 4380
68 4556
69 185
69 346
69 570
69 669
69 687
69 697
69 744
69 757
69 861
69 980
69 1123
69 1169
69 1228
69 1294
69 1338
69 1345
69 1397
69 1463
69 1549
69 1561
69 1923
69 2227
69 2519
69 3194
69 3291
69 3580
69 3616
69 3953
69 4337
69 4356
70 271
70 624
70 711
70 1080
70 1262
70 1639
70 1978
70 1995
70 2554
70 2848
70 2911
70 3285
70 3510
70 3551
70 3803
70 4009
70 4193
70 4544
70 4753
71 237
71 325
71 992
71 1399
71 1410
71 1535
71 1707
71 2194
71 2415
71 2446
71 3130
71 3377
71 3579
71 3754
71 4062
71 4095
71 4599
71 4627
71 4810
72 312
72 1354
72 1490
72 1570
72 1722
72 1823
72 1885
72 1912
72 2055
72 2360
72 2409
72 2471
72 2542
72 2545
72 2638
72 2780
72 2981
72 3293
72 3757
72 4133
72 4239
72 4351
72 4405
72 4421
72 4594
72 4667
72 4942
73 310
73 325
73 555
73 735
73 837
73 941
73 1485
73 1681
73 1777
73 2006
73 2042
73 2157
73 2216
73 2236
73 2368
73 2550
73 3029
73 3067
73 3237
73 3417
73 3532
73 3591
73 3733
73 4328
73 4781
73 4793
73 4815
74 135
74 368
74 387
74 485
74 509
74 907
74 989
74 996
74 1096
74 1248
74 1736
74 2972
74 3007
74 3223
74 3230
74 3620
74 4097
74 4107
74 4253
74 4266
74 4474
74 4821
75 82
75 181
75 252
75 350
75 834
75 838
75 1073
75 1221
75 1249
75 1267
75 1378
75 1820
75 1862
75 2120
75 2402
75 2520
75 2573
75 2766
75 3083
75 3271
75 3339
75 3340
75 3829
75 4231
75 4614
75 4653
75 4826
76 635
76 681
76 911
76 972
76 987
76 1193
76 1693
76 1753
76 1949
76 2358
76 2374
76 2387
76 2487
76 2719
76 2777
76 3012
76 3085
76 3123
76 3521
76 3535
76 3774
76 4249
76 4272
76 4506
76 4845
76 4895
77 251
77 304
77 394
77 556
77 793
77 854
77 988
77 1150
77 1218
77 1424
77 1695
77 2710
77 2757
77 3275
77 3567
77 3858
77 4139
77 4362
77 4618
77 4890
77 4943
78 91
78 215
78 428
78 445
78 736
78 778
78 874
78 978
78 1001
78 1070
78 1194
78 1781
78 1841
78 1897
78 2772
78 2970
78 3064
78 3491
78 3808
78 3943
78 4317
78 4322
78 4329
78 4407
78 4410
78 4649
78 4687
78 4944
79 409
79 906
79 1066
79 1142
79 1684
79 2277
79 2286
79 2364
79 2452
79 2705
79 2760
79 2781
79 2782
79 3533
79 4264
79 4419
79 4480
79 4836
80 143
80 475
80 621
80 663
80 683
80 853
80 909
80 1339
80 1686
80 1962
80 2104
80 2195
80 2477
80 2943
80 3008
80 3653
80 4176
80 4449
80 4795
81 730
81 905
81 942
81 1419
81 1564
81 1606
81 1961
81 2167
81 3172
81 3520
81 3929
81 4148
81 4246
81 4284
81 4385
81 4819
82 222
82 267
82 534
82 539
82 848
82 1356
82 1628
82 1709
82 1750
82 1914
82 1976
82 2211
82 2265
82 2289
82 2603
82 3585
82 3586
82 3725
82 4300
82 4531
82 4947
83 129
83 390
83 723
83 729
83 747
83 808
83 1235
83 1353
83 1470
83 2206
83 2493
83 2654
83 2715
83 2904
83 3037
83 3137
83 3343
83 3374
83 3519
83 3605
83 3680
83 3788
83 3842
84 153
84 256
84 367
84 546
84 1032
84 1400
84 1427
84 1545
84 1679
84 2394
84 2411
84 2512
84 3053
84 3080
84 3641
84 3683
84 4353
84 4498
84 4634
84 4681
84 4704
84 4734
84 4954
85 313
85 700
85 1064
85 1157
85 1538
85 1664
85 1717
85 2188
85 2224
85 2380
85 2533
85 2565
85 3868
85 4302
85 4617
85 4641
86 234
86 491
86 639
86 1011
86 1112
86 1195
86 1616
86 1749
86 1761
86 2067
86 2220
86 2326
86 2388
86 2435
86 2666
86 2815
86 2867
86 2993
86 3163
86 3872
86 3932
86 4167
86 4348
86 4686
86 4867
87 507
87 661
87 1133
87 1254
87 1451
87 1631
87 1997
87 2161
87 2294
87 2629
87 2890
87 3160
87 3211
87 3331
87 3398
87 3869
87 3900
87 3969
87 4226
87 4323
87 4355
87 4979
88 123
88 127
88 400
88 553
88 1090
88 1306
88 1389
88 2132
88 2707
88 3068
88 3233
88 4025
89 157
89 193
89 292
89 411
89 484
89 548
89 654
89 792
89 963
89 1116
89 1539
89 1622
89 2082
89 2209
89 2514
89 3185
89 3433
89 3704
89 3792
89 3910
89 3923
89 4206
89 4640
89 4858
90 131
90 133
90 536
90 789
90 841
90 857
90 1189
90 1422
90 1590
90 2075
90 2348
90 2441
90 2558
90 2656
90 2727
90 2977
90 3810
90 3913
90 4558
90 4828
90 4955
91 160
91 408
91 466
91 483
91 489
91 1084
91 1177
91 1289
91 1483
91 1706
91 2228
91 2242
91 2297
91 3055
91 3318
91 3472
91 3542
91 3799
91 3961
91 4190
91 4616
91 4776
91 4866
92 124
92 430
92 500
92 658
92 900
92 1225
92 1611
92 1773
92 1838
92 2088
92 2253
92 2457
92 4093
93 195
93 448
93 520
93 712
93 1404
93 1431
93 1814
93 1853
93 2032
93 2175
93 2343
93 2498
93 4557
94 461
94 576
94 755
94 1057
94 1145
94 2460
94 2541
94 3347
94 3444
94 3731
94 4011
94 4124
94 4131
94 4177
94 4261
94 4335
94 4397
94 4561
94 4827
95 162
95 188
95 434
95 437
95 814
95 1587
95 1601
95 1980
95 2634
95 2699
95 3144
95 3151
95 3400
95 3732
95 4019
95 4068
95 4204
95 4285
95 4711
95 4817
96 205
96 385
96 393
96 427
96 574
96 842
96 968
96 1382
96 1605
96 1778
96 1860
96 2076
96 2087
96 2547
96 2594
96 2708
96 3236
96 3440
96 3482
96 3606
96 3618
96 3730
96 3912
96 4111
96 4611
96 4802
96 4905
96 4929
97 324
97 762
97 969
97 1313
97 1481
97 1714
97 2116
97 2196
97 2246
97 2296
97 2451
97 2652
97 2747
97 3197
97 3251
97 3421
97 3647
97 3804
97 4070
97 4392
97 4682
97 4913
98 440
98 481
98 506
98 590
98 734
98 1301
98 1436
98 1569
98 1673
98 1950
98 2393
98 3504
98 3698
98 3821
98 4144
98 4279
98 4881
99 953
99 1099
99 1842
99 2004
99 2436
99 3183
99 3302
99 3801
99 4443
99 4469
100 374
100 821
100 1024
100 1272
100 1342
100 1493
100 2084
100 3309
100 3649
100 3880
100 4620
100 4796
101 217
101 511
101 564
101 620
101 1251
101 1414
101 1558
101 1692
101 2743
101 2934
101 3227
101 3436
101 3590
101 3769
101 4292
102 174
102 232
102 377
102 653
102 770
102 809
102 1026
102 1285
102 1452
102 1537
102 1904
102 2185
102 2350
102 2371
102 3993
102 4137
102 4676
102 4678
102 4846
103 115
103 197
103 419
103 560
103 915
103 958
103 1107
103 1585
103 1934
103 1946
103 2184
103 2328
103 3319
103 3473
103 3760
103 4004
103 4113
103 4178
103 4565
103 4748
103 4774
103 4900
104 141
104 184
104 423
104 473
104 499
104 858
104 863
104 1204
104 1264
104 1475
104 1698
104 1788
104 1822
104 1831
104 2193
104 2197
104 2825
104 3057
104 3217
104 3289
104 3423
104 3600
104 3956
104 4164
104 4227
104 4282
104 4488
104 4612
104 4850
105 115
105 330
105 335
105 868
105 1275
105 1662
105 1732
105 2041
105 2135
105 2281
105 2382
105 2396
105 2649
105 2950
105 2985
105 3094
105 4251
105 4259
105 4415
105 4562
105 4601
105 4937
106 172
106 894
106 1139
106 1583
106 2386
106 2555
106 2619
106 2646
106 2968
106 3040
106 3154
106 3298
106 3539
106 3789
106 3818
106 3843
106 3855
106 3958
106 3963
106 4045
106 4084
106 4101
106 4151
106 4591
106 4762
107 437
107 626
107 1170
107 1886
107 1984
107 2650
107 2696
107 2955
107 3090
107 3158
107 3281
107 3453
107 3517
107 3827
107 4841
108 147
108 339
108 566
108 1167
108 1355
108 1591
108 2062
108 2339
108 2767
108 3014
108 3369
108 3627
108 3734
108 3894
108 4232
108 4238
109 203
109 1319
109 1322
109 2156
109 2525
109 2540
109 2571
109 2905
109 3484
109 4027
109 4158
109 4726
109 4786
110 262
110 811
110 1008
110 2078
110 2145
110 2837
110 2976
110 3036
110 4005
110 4094
110 4142
110 4376
110 4478
110 4756
111 1098
111 1215
111 1341
111 1387
111 1543
111 2179
111 2484
111 2957
111 2986
111 3420
111 3518
111 3706
111 3841
111 3889
111 4301
111 4409
111 4502
111 4742
111 4963
112 154
112 199
112 239
112 328
112 581
112 608
112 826
112 1458
112 1479
112 1769
112 1982
112 2074
112 3030
112 3213
112 3314
112 3530
112 4046
112 4196
112 4286
112 4584
112 4604
113 429
113 565
113 944
113 1509
113 1636
113 2213
113 2222
113 2661
113 2765
113 3269
113 3384
113 3481
113 3974
113 3984
113 4451
113 4671
113 4931
114 396
114 422
114 443
114 637
114 741
114 1242
114 1386
114 1473
114 1521
114 1816
114 2047
114 2136
114 2370
114 2597
114 2994
114 4089
114 4135
114 4156
114 4233
114 4400
114 4462
114 4966
115 285
115 329
115 514
115 588
115 691
115 925
115 1304
115 1395
115 1766
115 2008
115 2284
115 2500
115 2589
115 3020
115 3102
115 3867
115 4621
115 4782
115 4813
115 4863
115 4871
116 162
116 686
116 1088
116 1318
116 1371
116 1563
116 2829
116 3103
116 3578
116 3901
116 4281
116 4318
117 236
117 647
117 1660
117 1724
117 2575
117 2828
117 3252
117 3583
117 3893
117 4276
117 4638
118 164
118 307
118 817
118 1191
118 1478
118 2577
118 3284
118 3395
118 3673
118 4346
118 4413
118 4507
118 4647
118 4732
118 4968
119 243
119 249
119 482
119 587
119 642
119 974
119 1253
119 1526
119 1589
119 1720
119 2276
119 2335
119 2655
119 3192
119 4677
120 289
120 335
120 743
120 1042
120 1486
120 1733
120 2110
120 2310
120 2367
120 2474
120 3276
120 3326
120 3427
120 3544
120 3563
120 3831
120 4127
120 4386
120 4648
120 4886
120 4906
121 383
121 398
121 961
121 1260
121 2753
121 2969
121 3042
121 4207
121 4367
121 4751
121 4800
121 4923
122 332
122 1654
122 1708
122 1977
122 2585
122 3306
122 3611
122 3705
122 3708
122 3775
122 4489
122 4668
123 158
123 187
123 382
123 516
123 1172
123 1257
123 1406
123 1433
123 1872
123 2469
123 2548
123 3411
123 3527
123 4420
123 4434
123 4456
123 4568
123 4585
124 130
124 178
124 504
124 549
124 901
124 982
124 1630
124 1723
124 1959
124 2112
124 2462
124 3274
124 3554
124 3849
124 4128
125 522
125 926
125 1435
125 1884
125 2061
125 2478
125 2574
125 2645
125 2648
125 2869
125 3451
125 3538
125 4254
125 4642
125 4663
125 4745
125 4824
125 4853
126 170
126 189
126 263
126 502
126 781
126 850
126 1505
126 1675
126 1799
126 2302
126 2713
126 3623
127 220
127 657
127 768
127 930
127 1741
127 1876
127 2285
127 2894
127 3467
127 3617
127 3751
127 4100
127 4365
127 4835
127 4977
128 247
128 267
128 627
128 825
128 971
128 1151
128 1541
128 2148
128 2610
128 2883
128 3429
128 3700
128 4024
128 4090
128 4490
128 4652
128 4769
129 640
129 704
129 1250
129 1308
129 1349
129 1352
129 2408
129 2537
129 3300
129 3393
129 3925
129 3972
129 4603
129 4809
129 4956
130 625
130 720
130 1343
130 1369
130 3195
130 3334
130 4216
130 4736
130 4804
131 137
131 144
131 527
131 685
131 922
131 1000
131 1514
131 1738
131 1763
131 2304
131 2419
131 2798
131 2963
131 3119
131 3665
131 4066
131 4811
131 4898
131 4980
132 158
132 375
132 1642
132 2150
132 2215
132 2480
132 3457
132 3496
132 4492
133 148
133 379
133 451
133 983
133 1312
133 1567
133 1658
133 2018
133 2282
133 2442
133 2987
133 3261
133 3325
133 4262
133 4982
134 221
134 1217
134 1858
134 2096
134 3168
134 3633
134 3767
134 3768
134 3838
134 4017
134 4172
134 4957
135 1143
135 1280
135 2601
135 2830
135 3013
135 3105
135 3248
135 3828
135 4446
136 189
136 797
136 1739
136 2266
136 3379
136 3657
136 4371
136 4414
136 4423
136 4596
136 4660
136 4755
137 1038
137 1102
137 1281
137 1303
137 1396
137 3624
137 4924
138 406
138 802
138 1408
138 1594
138 2231
138 2689
138 3079
138 3112
138 3346
138 3820
138 4411
138 4569
138 4915
139 178
139 414
139 754
139 1550
139 1787
139 2024
139 2146
139 2958
139 3025
139 3234
139 3765
139 4771
140 418
140 851
140 1046
140 1093
140 1130
140 1277
140 1456
140 2200
140 4076
140 4184
140 4455
140 4623
140 4962
141 323
141 371
141 526
141 671
141 750
141 1945
141 2086
141 2946
141 2960
141 3485
141 3899
141 4288
141 4297
141 4842
142 211
142 237
142 480
142 1363
142 2612
142 2682
142 2948
142 3488
142 3737
142 3854
142 4632
142 4655
142 4997
143 347
143 1027
143 1106
143 1987
143 2605
143 2680
143 2929
143 3264
143 3345
143 3637
143 3991
143 4214
143 4440
144 166
144 366
144 753
144 1115
144 1380
144 1512
144 1613
144 1826
144 2321
144 3516
144 3639
144 4140
144 4373
144 4390
144 4403
144 4516
144 4670
145 228
145 706
145 1578
145 1667
145 2012
145 2787
145 3247
145 3297
145 3800
145 3836
145 4991
146 670
146 1003
146 1103
146 1121
146 2895
146 3164
146 3390
146 4511
146 4798
147 607
147 835
147 927
147 1173
147 1208
147 2308
147 2897
147 3243
147 3257
147 3571
147 4028
147 4878
147 4882
147 4936
148 725
148 956
148 1048
148 1192
148 1330
148 1333
148 2065
148 2291
148 2345
148 2526
148 2920
148 3526
148 3918
148 4839
148 4855
149 151
149 168
149 779
149 1029
149 1239
149 1580
149 2312
149 2860
149 3341
149 3471
149 4098
149 4222
150 309
150 870
150 1161
150 1230
150 1906
150 2379
150 4175
151 1566
151 2923
151 3742
151 4287
151 4298
151 4379
152 288
152 327
152 463
152 954
152 1600
152 1796
152 2880
152 2991
152 3513
152 3677
153 214
153 684
153 2079
153 2549
153 3658
153 4436
154 769
154 1152
154 1163
154 1498
154 1525
154 2334
154 3022
154 3813
154 4166
154 4422
154 4559
154 4834
154 4945
155 318
155 455
155 586
155 707
155 772
155 1155
155 1468
155 1645
155 2337
155 4539
155 4988
156 417
156 467
156 1327
156 1843
156 2416
156 2615
156 2721
156 4026
156 4126
157 395
157 897
157 1015
157 3239
157 3439
157 4799
158 265
158 478
158 583
158 979
158 1244
158 1497
158 1728
158 2025
158 2066
158 2189
158 2927
158 3428
158 4560
159 197
159 513
159 646
159 2130
159 3360
159 3678
160 273
160 277
160 3337
160 3861
160 4169
160 4475
161 219
161 886
161 2090
161 2133
161 2428
161 3825
161 4513
161 4744
162 859
162 1430
162 1614
162 1758
162 1819
162 2369
162 3445
162 3594
162 3707
162 3877
162 4146
162 4658
162 4961
163 533
163 568
163 1068
163 1947
163 2531
163 3750
163 3770
163 4047
163 4073
164 449
164 1421
164 1929
164 2518
164 2754
164 2967
164 3985
164 4257
164 4918
165 180
165 1110
165 1310
165 2071
165 3584
165 4340
165 4448
165 4542
165 4659
165 4661
165 4778
166 1140
166 1471
166 2126
166 2653
166 2915
166 4020
166 4064
166 4187
166 4654
167 207
167 302
167 552
167 2466
167 2855
167 3671
167 3921
167 4712
167 4723
167 4950
168 230
168 632
168 1331
168 1899
168 2528
168 2724
168 2736
168 3082
168 3780
168 3996
169 191
169 205
169 702
169 812
169 1817
169 2015
169 2788
169 2876
169 3000
169 3772
169 4324
169 4903
170 315
170 1183
170 1258
170 1849
170 2609
170 3097
171 282
171 680
171 852
171 1182
171 2324
171 2397
171 2467
171 2790
171 3945
171 4031
171 4154
171 4391
171 4525
172 401
172 1359
172 1394
172 1907
172 1917
172 2309
172 2748
172 2990
172 3691
172 4650
172 4716
172 4908
173 404
173 1460
173 1833
173 2662
173 2849
173 3220
173 4441
174 540
174 2270
174 2606
174 3454
174 4237
174 4674
174 4989
175 438
175 2054
175 2624
175 2717
175 3508
175 4514
176 457
176 845
176 1432
176 1798
176 1936
176 2037
176 2718
176 3031
176 3086
176 3749
176 4315
176 4517
177 605
177 611
177 1791
177 1879
177 1937
177 2384
177 2746
177 3089
177 3358
178 618
178 2349
178 2378
178 2685
178 2964
178 4946
179 299
179 800
179 1276
179 1794
179 1927
179 3229
179 4779
179 4807
180 1405
180 2660
180 3182
180 3489
180 3655
180 4123
180 4278
180 4344
181 2029
181 2203
181 3226
181 4916
182 543
182 2111
182 3184
182 3256
182 3272
182 3308
182 4099
182 4274
182 4912
183 619
183 3258
183 4691
183 4933
184 276
184 472
184 717
184 831
184 1087
184 1114
184 1555
184 3009
184 3425
184 3676
184 3703
184 4223
184 4366
184 4880
185 3455
185 3603
185 3646
185 4096
186 287
186 425
186 456
186 733
186 1134
186 1785
186 2551
186 3515
186 4153
186 4406
187 2868
187 4121
188 431
188 464
188 828
188 1760
188 2795
188 3136
188 3404
188 3503
188 3783
188 4185
189 1973
189 2425
189 2640
189 2914
189 3224
189 3612
189 3736
190 191
190 937
190 2618
190 3414
190 4509
191 1925
191 2063
191 2141
191 2410
191 2802
191 2917
191 3797
192 225
192 1188
192 2019
192 3221
192 3470
192 4746
193 492
193 1602
193 1659
193 1905
193 1910
193 2544
193 3468
193 3819
193 4452
193 4553
193 4922
194 708
194 1368
194 2160
194 2580
194 2714
194 2881
194 4289
195 2131
195 2892
195 3555
195 3684
195 4381
196 787
196 1515
196 3387
196 3660
196 3946
196 4339
196 4971
197 361
197 2122
197 3205
197 3666
198 2205
198 3054
198 3915
198 3986
198 4879
199 946
199 1793
199 2347
199 3011
199 3815
199 4072
199 4626
199 4884
200 324
200 2421
200 2475
200 2508
200 2996
200 3045
201 234
201 235
201 585
201 1735
201 3190
201 3940
202 3957
203 380
203 822
203 2676
203 2820
203 3174
203 4889
204 260
204 1118
204 2925
204 3568
204 4115
204 4673
204 4719
205 1317
205 2456
205 3602
205 4252
205 4520
205 4586
205 4694
205 4750
206 523
206 648
206 1534
206 1718
206 2906
206 3288
206 3682
206 3994
206 4102
207 322
207 405
207 2064
207 2913
207 3720
207 4075
207 4160
208 783
208 1165
208 3140
208 3448
208 3452
208 3558
208 4909
209 507
209 569
209 1612
209 1992
209 2256
209 2323
209 2636
209 2672
209 2902
209 4104
209 4454
210 1007
210 1712
210 1963
210 2898
210 3292
210 3529
210 4116
211 888
211 998
211 4271
211 4293
212 270
212 777
212 1643
212 2516
212 3316
212 3524
213 1234
213 2499
213 2852
213 3344
213 3549
213 3739
214 634
214 2651
214 2809
214 3357
214 3363
214 4295
215 1811
215 2010
215 2140
215 2404
215 3096
215 4515
215 4571
215 4590
215 4883
216 479
216 2257
216 2632
216 3862
216 3938
217 525
217 3745
217 4543
217 4998
218 815
218 943
218 2363
218 3207
219 3885
219 3976
219 4372
220 550
220 601
220 864
220 1554
220 1702
220 2026
220 3303
220 3382
220 3654
221 559
221 1002
221 1689
221 2234
221 2481
221 2534
221 2932
221 4368
222 1346
222 1682
222 3050
223 333
223 908
223 1086
223 2448
223 2539
224 314
224 2034
224 3619
224 4471
224 4657
225 1502
225 3787
225 4022
226 1996
226 3851
227 258
227 3113
228 306
228 476
228 1584
228 3100
228 3541
228 3823
228 4170
228 4758
229 403
229 2424
230 535
230 1372
230 2249
230 4548
231 312
231 2045
231 3301
232 1756
232 3032
232 3180
233 344
233 592
233 1802
233 2279
233 2679
233 3935
233 4181
233 4643
234 363
234 384
234 1004
234 1476
234 1969
234 1983
234 3396
235 4119
236 1726
237 839
237 934
237 1459
237 1871
237 3622
237 4532
238 249
238 1238
238 1495
238 1499
238 1861
238 2866
239 2338
239 3307
239 3361
239 4088
239 4114
240 359
240 524
240 4173
241 3353
241 4551
242 2877
242 3812
242 4327
242 4486
242 4949
243 378
243 532
243 1542
243 2031
243 4847
244 366
244 1131
245 447
245 1598
246 254
246 2137
246 3222
246 4212
247 1821
247 3228
247 3354
247 3681
247 4416
247 4899
248 494
248 1226
248 1278
248 1795
248 3656
249 728
249 1932
249 2687
249 2762
249 3245
249 3786
249 4522
250 714
250 1482
250 2168
250 3150
250 3263
251 2562
251 2871
251 2916
251 2971
251 3187
251 4417
252 1045
252 3181
252 3268
253 3188
253 3559
253 3870
253 3882
253 4211
254 1966
255 985
255 3138
255 3607
255 4049
256 1293
256 4311
257 771
257 984
257 3304
257 3888
258 2391
258 3459
258 4812
259 489
259 699
259 1528
259 1893
260 1059
260 2536
260 4112
261 558
261 1522
261 2420
261 2576
262 2183
262 2354
262 2582
262 3118
262 4320
263 296
263 2186
264 538
264 1166
264 3311
264 3332
264 4060
265 2669
265 2863
265 3290
266 1474
266 3378
266 3383
266 4610
266 4784
267 3924
268 528
268 2723
268 2794
268 3059
268 3060
268 3528
269 2729
270 1656
270 2068
270 2423
271 389
271 1975
271 2100
272 1361
272 1828
272 2489
272 2532
272 3062
272 3690
273 561
273 1261
273 1457
273 3371
274 285
274 1358
275 1077
276 1755
276 2593
276 4536
277 402
277 1494
277 1527
277 4710
278 1383
278 1592
279 1852
279 2496
280 2912
280 4928
281 1807
281 2851
282 424
282 3005
283 2225
283 4700
284 1117
284 4050
284 4958
285 2202
285 3299
286 3550
286 3997
286 4006
286 4579
287 2035
287 2789
287 3351
287 3581
288 923
288 960
288 1649
289 1727
289 1837
289 2785
290 722
290 1691
290 4200
291 910
291 1690
291 4992
292 305
292 1943
292 3717
293 3109
293 3270
294 2510
294 3509
296 465
296 1247
297 394
297 1075
298 652
298 2226
299 2069
299 2984
300 1467
300 2414
301 752
302 1270
302 1877
302 3962
302 4808
303 311
303 1652
303 2342
303 4718
304 1357
305 760
305 1216
305 1335
306 2941
306 3355
308 957
308 2468
308 2726
308 2842
309 397
310 875
310 2229
310 2320
310 2813
310 3781
310 4103
311 3128
311 3391
311 4790
312 1367
312 3173
313 784
313 1859
313 2886
314 3685
314 4268
315 2599
317 1595
317 1855
317 2081
320 1266
321 322
321 439
321 3214
321 3967
321 4425
322 1608
322 2843
323 547
323 3726
324 3052
324 3241
325 715
325 919
325 2832
327 1212
327 2372
327 2684
327 3511
329 1812
330 432
330 891
330 2702
331 2463
332 3564
333 3254
334 2620
335 1775
335 3636
335 3778
336 970
336 1426
336 4432
337 360
337 3416
337 4545
338 889
338 2778
338 2919
339 2643
339 4763
341 616
341 2951
341 3206
342 2174
345 2476
345 2511
347 3561
348 2235
348 4080
349 1141
349 3282
349 4483
349 4524
350 3930
350 4077
350 4143
351 1179
352 1288
352 2485
352 4595
353 688
354 495
354 2344
358 1604
358 4387
359 2040
359 4370
361 2439
361 4296
362 2365
362 4343
362 4993
363 2051
363 3442
365 2422
366 4290
366 4501
367 3077
369 453
369 1713
369 2182
370 3478
371 774
371 4563
371 4725
372 3091
372 4303
373 1573
373 3845
373 4401
375 865
376 611
376 3493
377 3796
379 1081
379 1808
379 2737
379 2759
383 1100
384 986
384 4447
385 1840
386 1076
386 1801
387 3525
387 4570
388 1865
388 3225
388 3495
388 4857
389 622
390 4554
391 2891
391 3928
391 4904
392 3238
393 2942
393 3294
394 804
395 1894
397 4741
398 2775
400 2792
401 1292
402 2144
402 3287
402 3370
406 882
406 997
409 2953
410 2945
412 1232
414 3320
419 2332
420 3388
423 496
423 1340
426 2305
430 4141
432 1269
434 1974
435 2417
436 4132
437 563
438 673
438 740
438 3699
438 3937
441 1805
445 554
446 623
446 1054
446 4428
447 2616
449 2604
454 3129
455 2688
462 584
462 2494
462 3741
466 1347
469 1240
469 2172
474 4633
481 3431
483 1211
483 1701
487 1939
493 4023
500 1417
504 595
509 2252
509 3782
513 3095
524 1544
528 3995
530 3716
531 1940
540 3793
552 1017
552 3359
553 1496
554 3394
569 615
573 813
575 3955
577 2373
577 4240
593 649
596 1725
598 3886
606 2698
609 4336
612 712
643 1025
645 3415
650 1044
709 4145
826 4450
834 1918
901 1187
