1 45
1 200
1 264
1 305
1 357
1 443
1 482
1 515
1 783
1 849
2 84
2 136
2 406
2 423
2 477
2 536
2 571
2 616
2 655
2 674
2 701
2 711
2 928
3 53
3 65
3 298
3 340
3 352
3 485
3 507
3 543
3 562
3 573
3 601
3 678
3 686
3 720
3 874
3 885
4 81
4 144
4 285
4 434
4 479
4 915
4 926
4 934
5 27
5 135
5 187
5 201
5 206
5 240
5 313
5 352
5 470
5 488
5 582
5 630
5 635
5 728
5 729
5 908
6 151
6 212
6 225
6 384
6 390
6 414
6 597
6 615
6 662
6 675
6 735
6 761
6 794
6 967
6 969
7 292
7 337
7 511
7 521
7 551
7 698
7 877
8 32
8 195
8 302
8 409
8 619
9 221
9 234
9 248
9 366
9 407
9 557
9 680
9 686
9 716
9 907
9 970
10 95
10 155
10 251
10 426
10 575
10 733
10 741
10 850
11 271
11 404
11 669
11 675
11 771
11 929
12 51
12 95
12 554
12 692
12 766
12 845
12 900
12 924
12 934
13 106
13 280
13 290
13 642
13 697
13 712
13 734
13 757
13 808
13 897
13 997
14 98
14 194
14 320
14 440
14 447
14 479
14 510
14 549
14 745
14 789
14 790
15 83
15 315
15 329
15 343
15 455
15 668
15 779
15 905
15 925
16 75
16 83
16 130
16 131
16 153
16 166
16 187
16 253
16 404
16 427
16 474
16 611
16 782
16 808
17 339
17 354
17 380
17 566
17 650
17 801
17 812
17 872
17 904
17 913
18 140
18 158
18 467
18 487
18 488
18 493
18 512
18 590
18 701
18 934
18 948
18 971
19 135
19 209
19 245
19 360
19 435
19 598
19 685
19 834
19 918
19 990
20 29
20 77
20 196
20 257
20 332
20 344
20 369
20 392
20 437
20 442
20 513
20 672
20 893
21 149
21 401
21 457
21 462
21 581
21 673
21 687
21 715
21 724
21 733
21 786
21 796
21 889
22 23
22 28
22 162
22 234
22 238
22 310
22 469
22 661
22 695
22 830
23 132
23 145
23 239
23 256
23 425
23 480
23 639
23 810
23 853
23 947
24 91
24 158
24 394
24 574
24 614
24 983
25 108
25 132
25 143
25 288
25 303
25 328
25 376
25 811
25 815
25 828
25 855
25 980
25 995
26 103
26 112
26 168
26 292
26 472
26 486
26 565
26 598
26 866
26 880
27 67
27 475
27 497
27 633
27 707
27 777
27 787
27 984
28 54
28 56
28 90
28 381
28 556
28 732
28 770
28 871
28 927
28 953
29 121
29 147
29 242
29 488
29 495
29 613
29 659
29 861
29 864
30 46
30 124
30 204
30 214
30 313
30 647
30 964
30 966
31 49
31 51
31 200
31 235
31 273
31 301
31 324
31 451
31 456
31 643
31 725
31 873
32 126
32 151
32 170
32 189
32 198
32 252
32 531
32 563
32 693
32 751
32 891
32 920
32 944
32 962
33 166
33 262
33 371
33 901
34 260
34 341
34 394
34 774
34 784
34 817
34 878
34 884
35 560
35 669
35 769
35 803
35 993
36 287
36 513
36 637
36 706
36 710
36 819
36 833
37 82
37 97
37 133
37 235
37 432
37 548
37 721
37 750
38 77
38 88
38 370
38 399
38 428
38 526
38 585
38 603
38 883
38 922
39 88
39 120
39 173
39 193
39 330
39 460
39 577
39 968
40 89
40 132
40 304
40 338
40 379
40 558
40 592
40 703
40 719
40 737
40 851
40 923
41 206
41 331
41 364
41 489
41 538
41 632
41 667
41 758
41 775
41 780
42 50
42 208
42 228
42 247
42 320
42 350
42 433
42 935
43 185
43 202
43 212
43 408
43 468
43 506
43 648
43 652
43 792
43 1000
44 87
44 202
44 326
44 545
44 754
44 939
44 956
45 413
45 836
45 979
46 148
46 419
46 677
46 689
46 842
46 955
47 126
47 246
47 267
47 283
47 297
47 358
47 832
47 879
47 942
47 981
48 79
48 90
48 316
48 600
48 634
48 717
48 763
48 804
48 882
48 911
49 164
49 188
49 213
49 237
49 300
49 317
49 569
49 764
49 872
50 568
50 748
50 753
50 992
51 322
51 436
51 699
51 739
51 909
52 122
52 138
52 220
52 267
52 388
53 325
53 730
53 791
54 156
54 348
54 578
54 627
54 798
54 856
54 976
55 231
55 305
55 382
55 415
55 844
56 57
56 181
56 403
56 491
56 520
56 522
56 540
56 646
56 726
56 894
57 72
57 160
57 236
57 261
57 318
57 335
57 363
57 483
57 657
57 807
57 949
58 222
58 307
58 372
58 445
58 476
58 541
58 668
58 938
58 996
59 134
59 217
59 247
59 378
59 383
59 504
59 589
59 606
59 700
59 773
59 886
59 919
60 88
60 157
60 219
60 702
60 841
60 863
60 961
61 81
61 960
61 985
62 102
62 139
62 337
62 500
62 547
62 756
62 940
62 943
63 71
63 170
63 463
63 718
63 752
63 816
64 224
64 306
64 309
64 337
64 411
65 163
65 218
65 241
65 356
65 509
65 640
65 977
66 93
66 97
66 176
66 268
66 610
66 999
67 171
67 641
67 649
67 704
67 727
67 760
68 92
68 210
68 238
68 416
68 499
68 917
69 225
69 501
69 553
69 599
69 660
69 820
70 168
70 282
70 375
70 387
70 505
70 544
70 596
70 767
71 534
71 561
71 843
71 854
71 896
71 974
71 994
72 127
72 178
72 430
72 932
73 75
73 216
73 438
73 465
73 508
73 626
73 684
73 987
74 78
74 89
74 123
74 631
74 937
75 319
75 621
76 86
76 181
76 197
76 223
76 272
76 402
76 588
76 696
76 876
77 391
77 449
77 793
78 604
78 623
78 875
78 951
79 255
79 275
79 452
79 742
79 865
79 972
80 212
80 537
80 722
80 914
81 161
81 276
81 676
82 199
82 334
82 464
82 608
82 665
83 542
84 203
84 759
84 813
84 831
85 129
85 159
85 181
85 397
85 418
85 912
85 973
86 128
86 182
86 299
86 367
86 931
87 481
87 570
88 250
88 809
88 975
89 104
89 117
89 118
89 539
89 829
89 910
90 374
90 420
90 431
91 345
91 681
92 96
92 109
92 114
92 453
92 846
92 898
93 550
93 795
94 101
94 294
94 489
94 847
94 870
94 895
95 373
95 498
95 559
95 765
95 892
95 936
96 579
96 723
96 744
97 175
97 277
97 441
97 628
98 458
99 124
99 466
99 530
99 762
99 963
100 118
100 254
100 377
100 400
100 424
101 296
101 312
101 327
101 852
102 152
102 444
104 226
104 308
104 405
104 576
104 594
104 622
104 785
104 805
105 129
105 279
105 709
106 249
106 682
107 145
107 259
108 177
109 150
109 190
109 389
109 527
110 186
110 225
110 265
110 694
110 954
111 151
111 417
111 471
111 524
111 605
111 688
111 768
112 269
112 336
112 658
112 887
113 169
113 263
113 314
113 586
113 600
113 656
113 781
113 839
113 867
113 902
114 244
114 410
115 202
115 227
116 355
116 370
116 806
117 439
117 461
117 776
117 933
118 243
118 286
119 180
119 266
119 320
119 859
121 207
122 230
122 625
122 800
123 496
123 525
123 822
124 278
124 353
124 398
124 517
124 683
124 860
124 899
125 199
125 609
125 738
125 837
126 473
127 342
127 528
127 965
128 670
128 705
128 713
128 821
129 393
129 950
130 146
130 429
130 459
130 583
130 591
130 991
131 567
131 663
132 636
132 736
133 788
133 858
134 593
134 607
134 838
134 916
135 824
137 176
137 503
137 986
138 529
138 535
139 154
140 192
141 268
141 519
142 182
142 446
142 823
144 351
145 270
145 799
146 274
147 492
147 653
147 755
148 546
148 840
148 903
149 958
150 359
151 945
152 690
152 743
154 421
155 281
155 946
156 572
157 349
157 523
158 612
159 174
160 233
160 368
161 666
162 989
164 311
164 555
165 207
167 363
167 365
167 747
168 708
170 184
170 906
172 417
172 881
174 291
174 514
175 478
177 532
177 564
177 862
179 222
179 289
179 333
180 422
181 533
181 982
183 184
183 988
184 448
185 295
186 772
188 644
190 293
191 298
191 385
194 620
199 731
202 749
202 857
203 921
205 257
205 624
207 617
208 868
211 221
212 494
212 516
213 396
215 325
215 814
217 888
218 848
220 587
220 827
221 959
223 232
223 826
225 818
226 450
226 957
229 235
229 638
229 654
229 952
230 362
232 740
233 941
238 346
238 664
241 746
244 502
244 691
248 679
250 618
250 825
251 629
251 714
252 323
255 386
258 297
259 347
264 484
266 797
268 835
270 395
275 321
284 331
284 595
289 651
290 361
303 930
305 869
309 580
317 890
321 552
333 802
341 645
348 412
350 778
351 490
352 518
366 454
420 978
464 998
517 584
579 671
602 635
