1 297
1 1035
1 1579
1 1646
1 1670
1 1739
1 1979
1 2041
1 2555
1 2566
1 2798
1 3048
1 3079
1 3340
1 4796
1 5103
1 5825
1 7299
1 8369
1 8985
1 9250
1 9730
1 9959
2 453
2 1243
2 2391
2 3082
2 3429
2 3799
2 3854
2 3973
2 5121
2 5264
2 7223
2 7429
2 8473
2 8848
2 9317
3 388
3 2292
3 3281
3 3783
3 4117
3 4528
3 5247
3 5486
3 5681
3 5782
3 5855
3 6420
3 7331
3 8189
3 8436
3 8890
3 9120
3 9564
3 9907
4 516
4 1156
4 1780
4 1887
4 2186
4 2613
4 2646
4 3267
4 3307
4 3804
4 4575
4 4595
4 4641
4 4740
4 4812
4 5119
4 5286
4 7035
4 8182
4 8648
4 8725
4 9688
4 9796
5 35
5 364
5 1325
5 1690
5 1861
5 2548
5 3343
5 5379
5 5472
5 5858
5 6803
5 7362
5 7959
5 8399
5 8629
5 9134
6 276
6 444
6 1611
6 1926
6 2080
6 2228
6 2386
6 2435
6 2558
6 3216
6 3836
6 6210
6 6377
6 6552
6 6727
6 7698
6 8516
6 9049
6 9526
7 297
7 738
7 1139
7 2159
7 3178
7 4427
7 5335
7 5438
7 5714
7 5814
7 5853
7 6045
7 6338
7 7554
7 8339
7 8417
7 8450
7 8825
7 8863
7 9495
8 54
8 523
8 1333
8 1491
8 2111
8 2170
8 2454
8 2730
8 3206
8 3315
8 3828
8 4478
8 5193
8 5212
8 5371
8 5553
8 5620
8 5639
8 6541
8 7185
8 7314
8 7767
8 8717
8 8922
8 9555
9 670
9 712
9 817
9 850
9 853
9 876
9 2920
9 3080
9 3331
9 3889
9 4060
9 4459
9 5062
9 7235
9 7311
9 8554
9 9354
9 9625
10 652
10 952
10 1334
10 1569
10 3402
10 3603
10 3917
10 4203
10 4281
10 5209
10 5494
10 6100
10 6755
10 6899
10 7025
10 7508
10 8286
10 8590
10 9789
11 285
11 523
11 1341
11 1461
11 2156
11 2523
11 3208
11 3326
11 4760
11 4999
11 5394
11 5693
11 5778
11 6181
11 7391
11 7711
11 8795
11 8878
11 9514
11 9835
12 147
12 1175
12 1883
12 3368
12 4096
12 5899
12 6302
12 6787
12 6870
12 7926
12 8762
12 8932
12 9170
12 9490
13 753
13 1293
13 2004
13 2513
13 2514
13 2828
13 3029
13 3698
13 4290
13 4641
13 4671
13 5044
13 5400
13 5833
13 7050
13 7972
13 9771
14 188
14 582
14 626
14 684
14 895
14 1514
14 1766
14 2039
14 2154
14 2741
14 4075
14 4362
14 4718
14 5111
14 5734
14 6134
14 6573
14 6673
14 6947
14 7120
14 7767
14 7923
14 8863
15 118
15 565
15 1126
15 2058
15 5408
15 5487
15 5521
15 5854
15 6007
15 6207
15 6815
15 7038
15 7340
15 7621
15 7936
15 9012
15 9628
16 755
16 900
16 1377
16 1396
16 1475
16 1717
16 2687
16 3204
16 3724
16 4251
16 4997
16 5553
16 7390
16 8055
16 9484
16 9872
17 257
17 452
17 565
17 935
17 937
17 1081
17 1352
17 1593
17 4402
17 4915
17 4987
17 5182
17 5522
17 6209
17 6987
17 7639
17 8052
17 8189
17 8566
18 609
18 1132
18 1851
18 2335
18 4120
18 5758
18 6001
18 7567
18 8356
18 8988
18 9080
19 523
19 647
19 2175
19 3298
19 3685
19 6495
19 6512
19 7243
19 7267
19 7352
19 8052
19 8505
19 9485
19 9748
20 87
20 691
20 1903
20 2449
20 3865
20 4276
20 4361
20 4398
20 4541
20 4935
20 5011
20 5231
20 5688
20 5805
20 5893
20 6286
20 6746
20 7176
20 7279
20 8138
20 8553
20 9026
20 9610
20 9672
20 9743
21 185
21 1356
21 1485
21 1565
21 1714
21 2097
21 3155
21 3346
21 3369
21 3939
21 4499
21 4732
21 6036
21 6134
21 6468
21 7303
21 7773
21 9226
21 9962
21 9975
22 94
22 163
22 557
22 779
22 853
22 940
22 1477
22 1667
22 2277
22 3776
22 4177
22 4199
22 4375
22 4440
22 5565
22 6914
22 6927
22 6962
22 7724
22 8176
22 8895
22 9361
23 500
23 745
23 883
23 1142
23 1379
23 1638
23 2030
23 2747
23 3026
23 3752
23 3941
23 4579
23 5109
23 6103
23 7038
23 7203
23 8014
23 9311
23 9914
24 215
24 1115
24 1272
24 1313
24 1773
24 2143
24 2527
24 2833
24 3351
24 3422
24 3846
24 4169
24 6159
24 6204
24 6207
24 7292
24 8026
24 8401
24 8506
24 9302
24 9891
25 584
25 792
25 1143
25 1612
25 2031
25 2954
25 3426
25 3447
25 3695
25 3969
25 4218
25 5036
25 5449
25 5503
25 5770
25 7511
25 7641
25 8589
25 8748
26 1440
26 1792
26 1817
26 2451
26 4555
26 4587
26 4867
26 5931
26 6404
26 6692
26 6789
26 8003
26 8416
26 8446
26 8450
26 8559
26 8645
26 8757
26 9675
26 9916
26 9935
26 9954
27 800
27 1326
27 2209
27 3150
27 3400
27 3583
27 4946
27 6437
27 7002
27 7616
27 7816
27 8523
27 8777
27 9036
27 9986
28 298
28 2588
28 2750
28 2956
28 3442
28 3531
28 3845
28 4973
28 5332
28 5399
28 5830
28 5862
28 5874
28 7505
28 8254
28 9007
29 370
29 1066
29 1581
29 2572
29 2630
29 2904
29 4068
29 5172
29 5462
29 5601
29 5656
29 6197
29 6242
29 8339
29 8810
29 9496
29 9656
29 9681
30 1369
30 3114
30 3653
30 3842
30 4212
30 4280
30 5926
30 6012
30 6918
30 7045
30 7423
30 7807
30 8236
30 8310
30 8497
30 9278
30 9553
30 9892
31 213
31 699
31 1522
31 1609
31 3272
31 4258
31 5014
31 5808
31 5869
31 6855
31 7103
31 7939
31 8071
31 8416
31 8495
31 8871
32 2443
32 2831
32 3676
32 3759
32 3925
32 4352
32 5194
32 5266
32 6296
32 7244
32 7346
32 7999
32 8121
32 8860
32 9408
32 9844
33 1171
33 1394
33 1887
33 2330
33 3295
33 3638
33 4034
33 4978
33 5809
33 7049
33 7233
33 8488
33 8734
33 9315
34 242
34 544
34 787
34 827
34 2832
34 3261
34 3263
34 4759
34 4843
34 4994
34 5697
34 5948
34 6097
34 6235
34 6379
34 6622
34 7183
34 8379
35 61
35 255
35 1293
35 1418
35 1626
35 2270
35 2327
35 2982
35 3079
35 3186
35 4584
35 4654
35 6446
35 6696
35 7449
35 7842
35 8252
35 8268
35 8408
35 8634
35 9230
35 9784
35 9997
36 722
36 1152
36 1211
36 1615
36 2555
36 2762
36 2849
36 3105
36 4506
36 5813
36 5816
36 5887
36 5897
36 6177
36 6727
36 7661
36 8070
36 8105
36 9579
36 9844
36 9970
37 57
37 962
37 1627
37 1733
37 2588
37 4640
37 6037
37 6729
37 6963
37 8051
37 9550
38 101
38 364
38 549
38 1144
38 1162
38 1718
38 2382
38 2406
38 2871
38 3055
38 3211
38 4074
38 5527
38 5703
38 6163
38 6348
38 6748
38 7404
38 7504
38 7857
38 8076
38 8233
38 9520
38 9549
39 544
39 673
39 2081
39 2530
39 2761
39 4207
39 4439
39 5903
39 5951
39 6292
39 7261
39 7279
39 7337
39 7824
39 7918
39 8041
40 300
40 393
40 681
40 1673
40 1961
40 2077
40 3294
40 3335
40 3353
40 3386
40 3392
40 4354
40 4926
40 6333
40 8107
40 8158
40 8239
40 8262
40 8984
40 9462
41 638
41 1343
41 1727
41 2663
41 2896
41 4236
41 7134
41 7926
41 7958
41 8416
41 8434
41 9208
42 364
42 437
42 2074
42 3406
42 3482
42 4668
42 4989
42 5494
42 6886
42 6968
42 7227
42 7397
42 8598
42 9103
42 9455
42 9477
42 9498
42 9930
43 466
43 821
43 2051
43 2497
43 3371
43 3477
43 4754
43 5006
43 5135
43 5600
43 5613
43 6670
43 7578
43 7751
43 8325
43 8793
43 8836
43 9475
43 9489
43 9874
44 54
44 835
44 1017
44 1912
44 2901
44 3134
44 3320
44 5692
44 5793
44 5801
44 6492
44 7277
44 7515
44 7700
44 8685
44 9813
45 132
45 601
45 3367
45 3861
45 3908
45 3995
45 4628
45 6464
45 7276
45 7739
45 9091
45 9218
45 9492
45 9865
46 276
46 742
46 1310
46 1566
46 1932
46 2263
46 3811
46 4136
46 4289
46 6920
46 7947
46 8123
46 8243
46 8387
46 8607
46 9778
47 173
47 1964
47 3008
47 3085
47 3850
47 4432
47 5376
47 5732
47 6554
47 7057
47 8510
47 9919
48 232
48 1204
48 1511
48 2047
48 2599
48 2648
48 4486
48 5346
48 5861
48 6416
48 7343
48 9565
49 159
49 175
49 245
49 957
49 1349
49 2006
49 2126
49 2620
49 2714
49 2941
49 3724
49 3927
49 6409
49 6424
49 8146
49 8507
50 261
50 1236
50 2287
50 2619
50 2729
50 2836
50 2870
50 3457
50 3739
50 5099
50 5898
50 6242
50 6433
50 7176
50 7402
50 7969
50 8262
50 8475
50 8967
50 9191
51 739
51 1829
51 1905
51 2053
51 2713
51 3927
51 3969
51 4914
51 5583
51 6105
51 6270
51 6363
51 9280
51 9459
52 217
52 626
52 640
52 2302
52 2573
52 3684
52 4604
52 7863
52 8046
52 8149
52 9597
52 9627
52 9758
52 9760
52 9880
53 143
53 243
53 439
53 560
53 901
53 1526
53 1812
53 2791
53 3283
53 4988
53 5477
53 6174
53 6540
53 6744
53 7319
53 7459
53 7493
53 8768
53 8915
53 8982
53 9000
53 9131
53 9460
53 9678
53 9806
54 199
54 1369
54 3255
54 5696
54 5871
54 7017
54 7480
54 7611
54 7779
54 8315
54 8618
54 9072
55 216
55 380
55 441
55 657
55 1555
55 2274
55 2362
55 2477
55 2515
55 2806
55 4413
55 5833
55 5962
55 6293
55 6301
55 6342
55 6593
55 6604
55 6801
55 6971
55 7081
55 8091
55 8494
55 8796
55 9106
55 9183
55 9879
56 347
56 523
56 962
56 1498
56 1720
56 2467
56 2631
56 2680
56 3404
56 4407
56 6114
56 6150
56 6381
56 6455
56 6756
56 6980
56 7151
56 7717
57 627
57 922
57 1003
57 1173
57 1552
57 2300
57 2691
57 2698
57 2866
57 3892
57 4695
57 5386
57 6254
57 6785
57 7656
57 7921
57 8595
57 8668
57 8680
57 8756
57 9041
57 9211
57 9596
58 1100
58 1106
58 2030
58 2377
58 2581
58 2918
58 2953
58 3837
58 4348
58 5409
58 6421
58 6868
58 6924
58 7097
58 7677
58 8017
58 8732
58 9958
58 9981
59 153
59 556
59 577
59 1309
59 2949
59 3229
59 3479
59 4536
59 5683
59 6126
59 6185
59 6565
59 6728
59 7120
59 7784
59 8716
59 8956
59 9314
59 9447
59 9494
60 675
60 787
60 946
60 1464
60 2199
60 2415
60 3109
60 3532
60 4721
60 5222
60 5848
60 6329
60 7009
60 7104
60 7788
60 9921
61 469
61 743
61 1095
61 2776
61 3549
61 4497
61 4956
61 5151
61 5984
61 6683
61 7257
61 7459
61 7629
61 8577
61 8873
61 9188
62 552
62 710
62 946
62 1503
62 1648
62 1728
62 3304
62 8065
62 8220
62 8309
62 9709
62 9951
63 305
63 752
63 1788
63 2040
63 2418
63 4173
63 4237
63 4301
63 4596
63 4773
63 4879
63 5755
63 7042
63 7467
63 8269
63 9530
64 2854
64 2987
64 3871
64 3979
64 4235
64 4284
64 5063
64 5481
64 5563
64 6178
64 7146
64 7364
64 7960
64 8006
64 8016
64 8134
64 8197
64 8343
64 9197
64 9783
65 1219
65 1893
65 1911
65 2265
65 3533
65 4443
65 5063
65 5172
65 5824
65 6690
65 6956
65 7088
65 7271
65 7280
65 7491
65 8114
65 8658
65 9670
66 119
66 703
66 1297
66 1648
66 1663
66 3003
66 3274
66 3576
66 3578
66 3741
66 3959
66 4520
66 4699
66 5029
66 5302
66 5966
66 6576
66 6726
66 6768
66 6906
66 7018
66 7682
66 7994
66 8715
66 8792
66 9719
67 1215
67 1607
67 1809
67 2076
67 2630
67 3075
67 3284
67 3832
67 4725
67 5554
67 6138
67 7019
67 7619
67 8151
67 8513
67 9101
67 9121
67 9295
67 9568
67 9697
68 1439
68 1508
68 2081
68 2113
68 2129
68 2599
68 2724
68 3084
68 3247
68 3821
68 4167
68 5791
68 5886
68 6106
68 7201
68 7876
68 7955
68 9275
68 9360
68 9377
68 9487
68 9589
69 272
69 855
69 1083
69 1179
69 2274
69 2533
69 3719
69 3754
69 4423
69 4442
69 5358
69 5679
69 5978
69 6389
69 7136
69 8167
69 9296
69 9499
69 9626
69 9818
70 261
70 1000
70 1262
70 3144
70 3545
70 4403
70 4492
70 5161
70 5210
70 5594
70 5918
70 6274
70 6865
70 6996
70 7075
70 8078
70 8099
70 8113
70 8372
70 8960
70 9397
71 868
71 1793
71 2236
71 2340
71 3677
71 4435
71 4820
71 5587
71 5685
71 5761
71 6317
71 6526
71 7000
71 7735
71 7771
71 8571
71 8702
71 9368
71 9726
71 9894
72 211
72 770
72 1155
72 2333
72 2637
72 3653
72 3782
72 5112
72 5118
72 5355
72 6175
72 6442
72 7301
72 7316
72 7877
72 7886
72 8103
72 9883
73 341
73 345
73 613
73 705
73 1169
73 1427
73 1986
73 2037
73 2623
73 2750
73 4405
73 4884
73 5659
73 6074
73 7043
74 1476
74 1776
74 2343
74 3117
74 4405
74 5562
74 5600
74 6109
74 7550
74 8828
75 369
75 458
75 860
75 1344
75 1793
75 2304
75 2321
75 2667
75 2942
75 2968
75 2997
75 3261
75 3875
75 3988
75 4024
75 4318
75 4457
75 4521
75 4629
75 5493
75 5507
75 6711
75 7268
75 9643
76 588
76 854
76 927
76 1585
76 1747
76 2493
76 3062
76 3223
76 3543
76 3754
76 3887
76 4011
76 4063
76 4144
76 5311
76 5396
76 6308
76 6412
76 6962
76 7934
76 9112
76 9744
77 142
77 856
77 2032
77 2807
77 2947
77 3400
77 3480
77 3597
77 4750
77 4792
77 5661
77 5670
77 6187
77 6483
77 6893
77 7024
77 7466
77 7530
77 7583
77 7842
77 8293
77 8320
77 8592
77 8613
78 1740
78 1886
78 2278
78 2339
78 2627
78 3184
78 4091
78 4515
78 5294
78 6379
78 6921
78 7649
78 7948
78 8329
78 8378
78 8901
78 9054
78 9136
78 9432
79 330
79 532
79 1814
79 3241
79 3308
79 3598
79 3891
79 8293
79 8789
80 532
80 614
80 1163
80 3002
80 3045
80 3212
80 3487
80 3769
80 3799
80 6563
80 6854
80 6972
80 6982
80 7138
80 7426
80 7533
80 7648
80 7932
80 8491
80 9248
81 1583
81 1614
81 1672
81 1781
81 1989
81 3506
81 3717
81 3787
81 4135
81 4919
81 5162
81 8794
82 579
82 1766
82 2785
82 2813
82 5859
82 6507
82 6833
82 7381
82 7885
82 8894
82 8950
82 9051
82 9107
83 2264
83 2369
83 3321
83 3570
83 5468
83 5687
83 6666
83 6815
83 6981
83 7556
83 8196
83 8381
83 9108
83 9384
83 9836
84 405
84 496
84 1863
84 2261
84 3176
84 3869
84 4194
84 4448
84 4553
84 4586
84 5137
84 5305
84 5336
84 5457
84 6799
84 6862
84 7273
84 7386
84 7618
84 8848
84 9271
84 9991
85 435
85 715
85 879
85 1757
85 2400
85 3211
85 3254
85 7400
85 7688
85 8096
85 9165
86 228
86 1729
86 1897
86 1925
86 3193
86 3432
86 3532
86 3697
86 4656
86 5663
86 5940
86 6509
86 6654
86 6826
86 8098
86 9505
87 112
87 531
87 2314
87 2810
87 3513
87 3964
87 4019
87 4944
87 6450
87 6691
87 8461
87 8567
87 8604
88 226
88 385
88 438
88 771
88 1814
88 2056
88 2424
88 3465
88 4826
88 5668
88 7841
88 8245
88 8390
88 9175
88 9413
88 9556
89 182
89 319
89 1029
89 1066
89 1529
89 2169
89 2328
89 2584
89 3324
89 3507
89 3594
89 3951
89 3982
89 5702
89 6215
89 6251
89 7701
89 8333
90 327
90 1369
90 2594
90 3056
90 3137
90 4146
90 6064
90 6655
90 7457
90 7790
90 8144
90 8214
90 8783
90 8958
90 9390
91 114
91 491
91 627
91 885
91 1185
91 2020
91 2341
91 2576
91 6658
91 8141
91 8145
91 8409
91 8528
91 8891
92 126
92 1308
92 1676
92 1919
92 1957
92 2118
92 2162
92 2638
92 2646
92 2670
92 2751
92 3030
92 3554
92 5072
92 5313
92 5762
92 6282
92 6708
92 6912
92 8075
92 8549
92 9137
92 9545
93 139
93 189
93 740
93 892
93 1516
93 1572
93 2265
93 2943
93 3251
93 3943
93 4534
93 5541
93 6591
93 7516
93 9407
93 9411
94 704
94 938
94 1753
94 4093
94 4161
94 4509
94 5318
94 5881
94 6712
94 6754
94 7520
94 7881
94 8203
94 9030
94 9210
94 9438
95 178
95 1139
95 1205
95 1209
95 1288
95 2344
95 2532
95 3620
95 4537
95 4906
95 5233
95 5599
95 5677
95 5751
95 5856
95 5915
95 6882
95 7090
95 8025
95 8493
95 9151
95 9204
95 9298
96 685
96 1915
96 1921
96 2650
96 4418
96 4564
96 6114
96 6816
96 6894
96 7808
96 8301
96 8697
96 9021
96 9828
96 9871
97 431
97 1557
97 1673
97 2720
97 3049
97 4113
97 6938
97 7573
97 7838
97 8127
97 8206
97 9649
98 495
98 1254
98 1561
98 1979
98 2506
98 4767
98 5607
98 5906
98 6030
98 6044
98 6165
98 6364
98 6781
98 7420
98 7538
98 7604
98 8140
98 8187
98 8340
98 9965
99 236
99 3376
99 3660
99 3820
99 4241
99 4540
99 4900
99 5909
99 6810
99 7375
99 7489
99 8123
100 429
100 492
100 589
100 809
100 824
100 1980
100 2293
100 3018
100 3261
100 3460
100 3675
100 4268
100 5763
100 5768
100 7653
100 8926
100 9831
101 641
101 752
101 1806
101 2867
101 2927
101 3510
101 4052
101 5091
101 5198
101 5820
101 5970
101 6202
101 6510
101 8159
101 8955
101 9654
102 976
102 1334
102 1770
102 2048
102 2658
102 3452
102 3907
102 3915
102 4568
102 5604
102 6719
102 6783
102 8332
102 8854
103 125
103 444
103 2233
103 2924
103 4344
103 4638
103 5534
103 5628
103 6749
103 7220
103 7445
103 8474
103 8630
103 8952
103 9184
103 9351
104 222
104 451
104 493
104 775
104 960
104 1016
104 2016
104 3509
104 4352
104 4583
104 4746
104 5129
104 5281
104 5289
105 962
105 2332
105 3674
105 4373
105 5045
105 5967
105 6032
105 6324
105 7376
105 7635
105 8029
105 9367
106 722
106 1682
106 2693
106 3122
106 3135
106 4401
106 4996
106 5253
106 5648
106 5797
106 7811
106 7882
106 8087
106 8752
106 9078
106 9143
106 9536
107 514
107 1258
107 1499
107 1746
107 1820
107 2312
107 2860
107 2893
107 2896
107 3113
107 3226
107 3771
107 5249
107 5483
107 6741
107 7872
107 8164
107 8227
107 8741
107 9380
107 9704
107 9735
108 597
108 925
108 1148
108 1296
108 1911
108 2269
108 3963
108 3986
108 4853
108 4976
108 5722
108 6954
108 7037
108 7479
108 8267
108 8273
108 9558
109 198
109 944
109 1127
109 1413
109 2300
109 2320
109 2429
109 2963
109 3401
109 3748
109 4159
109 4444
109 4875
109 5181
109 5439
109 5983
109 6370
109 7109
109 7111
109 7643
109 7726
109 8222
109 8260
109 9577
109 9717
110 216
110 419
110 1193
110 3099
110 3225
110 4192
110 4704
110 5003
110 7342
110 8721
110 9613
111 566
111 1838
111 1958
111 2088
111 2171
111 2257
111 2748
111 3215
111 3745
111 3831
111 3960
111 4450
111 5116
111 5714
111 5930
111 6220
111 6840
111 6872
111 6953
111 7263
111 7572
111 7603
111 8647
112 225
112 798
112 828
112 1851
112 3200
112 3449
112 3585
112 4013
112 4025
112 6154
112 6503
112 7129
112 7336
112 7430
112 7644
112 9414
112 9436
113 442
113 663
113 768
113 825
113 1005
113 1477
113 1956
113 2014
113 3454
113 4309
113 5065
113 5303
113 5381
113 5471
113 5712
113 6824
113 7630
113 8764
113 8799
113 9799
114 543
114 951
114 1298
114 1902
114 2046
114 2187
114 3382
114 3780
114 3805
114 3823
114 5244
114 6208
114 6916
114 6925
114 8641
114 8849
114 8975
114 9023
114 9523
114 9635
115 282
115 298
115 1645
115 1736
115 2696
115 3289
115 4073
115 4376
115 4847
115 5324
115 6351
115 6698
115 7062
115 7820
115 8471
115 9928
116 207
116 368
116 896
116 1381
116 1766
116 1810
116 1946
116 2499
116 2958
116 4802
116 5178
116 5698
116 6346
116 7462
116 8211
116 8596
116 8753
116 9174
116 9359
116 9551
117 652
117 1245
117 1923
117 2427
117 2726
117 3350
117 4008
117 4044
117 4162
117 4504
117 4517
117 5052
117 5892
117 6077
117 8362
117 8996
117 9046
118 941
118 1487
118 1621
118 3050
118 3053
118 3207
118 3393
118 3419
118 4543
118 4940
118 5515
118 6303
118 6458
118 7258
118 7549
118 7646
118 7705
118 7964
118 8501
118 8751
118 8900
118 9259
118 9428
118 9933
118 9982
119 696
119 795
119 978
119 990
119 1060
119 1649
119 2256
119 2354
119 4762
119 5615
119 6006
119 7544
119 9404
119 9865
120 174
120 605
120 1046
120 1180
120 1434
120 1451
120 1751
120 2189
120 2392
120 2830
120 3203
120 3355
120 3761
120 3788
120 5182
120 5419
120 5520
120 5812
120 6153
120 6627
120 6881
120 7293
120 7307
120 7836
120 7967
120 8807
120 9929
121 478
121 545
121 602
121 665
121 888
121 1206
121 1328
121 1586
121 1605
121 1802
121 1842
121 2379
121 2601
121 3509
121 3711
121 4054
121 4300
121 4338
121 4948
121 5200
121 5201
121 5418
121 6305
121 7187
121 8749
121 8851
121 8865
121 9118
122 629
122 703
122 961
122 1515
122 1542
122 2082
122 2583
122 3201
122 3500
122 3639
122 5866
122 6060
122 6775
122 8274
122 9332
123 512
123 1177
123 3887
123 4018
123 4359
123 6835
123 7377
123 7780
123 9559
123 9788
124 308
124 647
124 805
124 1247
124 3210
124 4458
124 6519
124 7210
124 7658
124 7672
124 8297
124 8740
124 9695
124 9869
124 9974
125 654
125 1110
125 3132
125 3141
125 3492
125 3816
125 4690
125 5271
125 5403
125 5657
125 6123
125 6189
125 6494
125 6950
125 7417
125 8306
125 8957
125 9117
125 9321
126 527
126 698
126 784
126 1318
126 1922
126 3052
126 3313
126 3740
126 4744
126 5723
126 5807
126 6038
126 8659
126 9220
126 9815
126 9960
127 373
127 1281
127 1790
127 1825
127 2607
127 2660
127 2886
127 2917
127 3199
127 3381
127 3657
127 4925
127 5303
127 6073
127 7010
127 8357
127 8466
127 8760
127 8787
128 1362
128 1418
128 1924
128 2173
128 2878
128 3104
128 3851
128 5641
128 6117
128 6493
128 6695
128 8031
128 8876
128 8972
128 9938
129 358
129 637
129 1835
129 2669
129 2777
129 3460
129 3666
129 3785
129 3800
129 4053
129 4343
129 5368
129 5505
129 6372
129 6634
129 6814
129 8302
129 9642
130 580
130 1529
130 1771
130 2441
130 3036
130 3297
130 3430
130 4249
130 6184
130 6838
130 8157
130 8614
131 856
131 4814
131 5606
131 6164
131 8453
131 9503
131 9855
132 1823
132 2191
132 4108
132 4150
132 4216
132 4522
132 5013
132 5144
132 5207
132 5236
132 8277
132 8545
132 9182
133 165
133 657
133 761
133 2044
133 2262
133 2395
133 2796
133 3431
133 3506
133 4569
133 5570
133 5754
133 7205
133 7810
133 9768
133 9779
134 327
134 2086
134 3170
134 3535
134 3708
134 4777
134 5000
134 5169
134 5316
134 5586
134 5665
134 6444
134 7461
134 8020
134 8185
134 9044
134 9282
134 9952
135 471
135 2208
135 2312
135 2410
135 2609
135 2642
135 2763
135 3520
135 3527
135 4106
135 4837
135 7330
135 7433
135 7706
135 9521
135 9759
135 9809
135 9878
136 980
136 1139
136 1742
136 1877
136 2966
136 3893
136 5789
136 5838
136 6809
136 8210
136 9349
136 9466
136 9506
137 301
137 364
137 412
137 1630
137 3046
137 3699
137 3955
137 3961
137 5454
137 6147
137 6290
137 6414
137 6895
137 7524
137 7828
137 8449
137 9096
137 9992
138 614
138 3086
138 3707
138 4358
138 6907
138 7291
138 7655
139 450
139 575
139 615
139 618
139 1431
139 1484
139 2789
139 2934
139 3651
139 5070
139 7150
139 8166
139 8216
139 9242
139 9619
140 788
140 823
140 1070
140 2773
140 2896
140 3037
140 3041
140 3942
140 4516
140 4908
140 5149
140 5916
140 6644
140 8375
140 9365
140 9652
141 668
141 1273
141 1427
141 1666
141 2019
141 2438
141 2721
141 4970
141 6198
141 6460
141 7133
141 7225
141 7557
141 7571
141 7861
141 7954
141 9634
141 9661
142 666
142 1442
142 1488
142 1695
142 3094
142 3701
142 3914
142 3965
142 6040
142 6054
142 6166
142 6353
143 459
143 1117
143 1191
143 1536
143 1845
143 3161
143 3558
143 4880
143 5143
143 5719
143 6537
143 8790
143 8803
143 9022
143 9061
144 1758
144 2291
144 2833
144 2890
144 4086
144 4137
144 4818
144 6802
144 7345
144 7599
145 492
145 706
145 933
145 1213
145 1759
145 1819
145 1904
145 2881
145 3083
145 4252
145 4299
145 5538
145 7310
145 7581
145 7961
145 8644
145 9266
145 9720
145 9900
145 9988
146 834
146 1485
146 3437
146 5489
146 5647
146 6055
146 7006
146 8308
147 526
147 1240
147 1305
147 1789
147 2505
147 3250
147 4303
147 5506
147 5537
147 6024
147 6141
147 6265
147 6656
147 6674
147 6735
147 9406
147 9535
148 246
148 513
148 1087
148 2217
148 2612
148 3751
148 4274
148 6097
148 7360
148 8823
148 9040
148 9252
149 296
149 630
149 1750
149 2070
149 2305
149 2868
149 4174
149 4227
149 4575
149 5170
149 5241
149 5821
149 6196
149 7099
149 8560
149 8623
149 8676
149 9004
149 9443
150 678
150 818
150 1051
150 1075
150 1371
150 2843
150 2926
150 3004
150 3379
150 3654
150 4550
150 4990
150 5468
150 5577
150 5622
150 6240
150 6538
150 8207
151 1231
151 1358
151 1500
151 1573
151 1773
151 2028
151 2554
151 3219
151 3364
151 3779
151 4616
151 6710
151 7286
151 8964
151 9090
151 9464
152 818
152 1545
152 1657
152 1976
152 3001
152 3424
152 3440
152 3595
152 3731
152 3997
152 4371
152 6752
152 7608
152 7896
152 8312
152 8861
152 8966
153 1153
153 1210
153 1287
153 2163
153 4131
153 6056
153 8319
153 9232
153 9440
153 9785
153 9804
154 1289
154 2694
154 2876
154 3616
154 5058
154 5248
154 5542
154 6534
154 7134
154 7175
154 7318
154 7371
154 7696
154 7952
154 8162
155 654
155 1092
155 1319
155 2385
155 2882
155 3377
155 3413
155 3478
155 4426
155 4936
155 6991
155 7681
155 8905
155 9617
155 9747
156 199
156 1266
156 1366
156 2005
156 2153
156 2440
156 2905
156 3682
156 4589
156 6520
156 6617
156 7443
156 7488
156 7929
156 7930
156 8224
156 9031
157 866
157 1184
157 2241
157 2538
157 3605
157 5859
157 6246
157 6256
157 6889
157 7380
157 7460
157 7469
157 7501
157 7849
157 8371
157 9762
157 9854
157 9941
158 212
158 608
158 1734
158 1987
158 2061
158 2107
158 3075
158 3911
158 4329
158 4335
158 4890
158 8427
158 8581
159 1212
159 1504
159 1693
159 4256
159 4394
159 4456
159 4836
159 5799
159 5933
159 7392
159 8005
159 8646
159 8781
159 8933
159 9243
160 488
160 659
160 735
160 1229
160 1259
160 1656
160 2436
160 2600
160 5915
160 6176
160 6684
160 7101
160 7206
160 8068
160 8526
160 9409
160 9832
160 9884
160 9945
161 855
161 1446
161 2501
161 2930
161 3145
161 3652
161 4434
161 5908
161 6788
161 8033
161 8498
162 264
162 885
162 897
162 2207
162 2996
162 3417
162 3523
162 4138
162 5350
162 6257
162 6751
162 7512
162 8360
162 8696
163 473
163 669
163 1791
163 3669
163 5444
163 5673
163 6410
163 7027
163 7895
163 9093
163 9171
164 286
164 300
164 1049
164 1324
164 1537
164 2402
164 3365
164 3495
164 3561
164 4532
164 6065
164 6222
164 6349
164 7410
164 7692
164 8049
164 8431
164 9222
165 1591
165 1993
165 2426
165 3829
165 3890
165 4050
165 4912
165 4983
165 5274
165 5609
165 5829
165 6076
165 6476
165 7768
165 9486
165 9968
166 585
166 1940
166 2362
166 3102
166 3735
166 4282
166 4399
166 4933
166 5145
166 5397
166 5724
166 5977
166 7601
166 8139
166 8503
166 8738
166 8979
166 9286
166 9993
167 1088
167 2466
167 2692
167 3095
167 3491
167 4978
167 5255
167 5310
167 5614
167 6266
167 7798
167 9441
168 277
168 466
168 1165
168 3118
168 4441
168 5192
168 8327
168 9167
168 9209
169 982
169 2406
169 3249
169 5819
169 6425
169 7792
169 8655
169 9322
169 9575
170 282
170 1255
170 1654
170 2553
170 3262
170 4232
170 4800
170 5026
170 5441
170 6128
170 7195
170 8119
170 8205
170 8402
170 8467
171 884
171 2230
171 2506
171 3007
171 3175
171 5291
171 5568
171 6231
171 6607
171 7001
171 8914
171 9653
172 2094
172 2116
172 3415
172 3544
172 3733
172 3786
172 3873
172 4398
172 4655
172 5134
172 6671
172 6879
172 7812
172 7988
172 8272
172 8337
172 8674
172 8845
173 2693
173 2888
173 3040
173 3140
173 3149
173 3952
173 4364
173 4590
173 5932
173 6192
173 6661
173 6707
173 6772
173 6923
173 8040
173 8147
173 8440
173 8654
173 9048
173 9267
173 9517
173 9852
174 1307
174 2106
174 2703
174 3498
174 4339
174 5405
174 5412
174 6958
174 8307
174 8423
174 8868
174 9987
175 1916
175 2160
175 2346
175 3781
175 3813
175 4083
175 4378
175 7139
175 8004
175 9207
175 9858
176 1394
176 1472
176 1998
176 2252
176 2861
176 3252
176 3444
176 3818
176 4430
176 4787
176 4840
176 5752
176 6648
176 9422
177 213
177 1069
177 2136
177 2249
177 2547
177 4317
177 4601
177 5619
177 6443
177 7746
177 9403
178 634
178 872
178 950
178 1002
178 1018
178 2049
178 2388
178 2437
178 2624
178 3448
178 6129
178 6142
178 6786
178 7393
178 9547
179 347
179 568
179 651
179 906
179 1641
179 3312
179 3314
179 4677
179 5262
179 5323
179 6506
179 6933
179 9043
179 9309
180 555
180 822
180 1522
180 1950
180 2439
180 3323
180 3508
180 4411
180 6448
180 8370
180 8774
180 9638
181 850
181 2883
181 4494
181 5943
181 6497
181 6587
181 7234
181 7370
181 8188
181 8384
181 8617
181 8636
181 9685
181 9742
181 9827
182 1419
182 1716
182 3266
182 4079
182 5085
182 5566
182 5775
182 6387
182 6518
182 7091
182 7119
182 7401
182 7664
182 8452
182 9629
182 9943
183 225
183 2405
183 2702
183 3599
183 4334
183 4967
183 6180
183 6193
183 6675
183 7128
183 8263
183 9128
184 673
184 2036
184 2147
184 2389
184 2734
184 2745
184 5844
184 7041
184 7722
184 7862
184 9481
184 9794
185 522
185 567
185 1959
185 2355
185 6275
185 6397
185 6629
185 8249
185 8361
185 8837
185 9178
185 9237
186 994
186 1472
186 1501
186 3394
186 4715
186 4769
186 4982
186 5064
186 6653
186 8422
186 8877
186 8906
186 9159
186 9913
187 867
187 1151
187 1689
187 1830
187 2117
187 3428
187 3467
187 3650
187 3711
187 3966
187 4206
187 4244
187 6876
187 7965
187 8927
187 9370
187 9640
187 9700
188 1089
188 1571
188 1847
188 2197
188 3146
188 3525
188 3702
188 4085
188 4369
188 4547
188 5729
188 6277
188 9039
188 9877
189 1669
189 2353
189 2678
189 5342
189 5357
189 5427
189 6284
189 7323
190 876
190 3551
190 3619
190 6070
190 6211
190 7047
190 8552
190 8867
190 9205
190 9511
191 674
191 1109
191 2147
191 2590
191 3217
191 3989
191 4524
191 5024
191 5382
191 5434
191 7785
191 7909
191 7981
191 8886
191 9696
191 9757
192 358
192 2011
192 2656
192 3518
192 4328
192 5081
192 5511
192 5842
192 6233
192 6245
192 7894
192 8035
192 8255
192 8318
192 8522
192 8656
192 9479
192 9800
193 1456
193 1617
193 1733
193 1866
193 1966
193 3107
193 4454
193 6482
193 6542
193 7026
193 7137
193 7339
193 8174
194 503
194 1110
194 3023
194 3243
194 3468
194 3888
194 4064
194 4557
194 5221
194 6714
194 7224
194 7750
194 9396
194 9528
194 9698
194 9915
195 238
195 1802
195 1832
195 4046
195 5691
195 6095
195 7568
195 8805
196 322
196 979
196 1249
196 2298
196 3527
196 3906
196 4513
196 4605
196 5150
196 5390
196 6949
196 7245
196 7865
196 8136
197 554
197 605
197 1443
197 3582
197 3601
197 3956
197 4115
197 4749
197 5849
197 6046
197 6227
197 6365
197 6557
197 7349
197 7898
197 8352
197 8948
198 266
198 1965
198 5785
198 6081
198 6463
198 6993
198 8478
198 9003
198 9073
199 481
199 1524
199 2606
199 4593
199 6407
199 7254
199 7638
199 7956
199 8973
199 9686
199 9729
200 1107
200 2389
200 4134
200 4181
200 4353
200 4554
200 6817
200 7044
200 7528
200 8508
200 8925
200 8934
200 9265
200 9650
201 570
201 1176
201 1325
201 1406
201 2659
201 3228
201 3481
201 5213
201 5742
201 6145
201 6580
201 7442
201 8511
201 8834
202 277
202 351
202 1460
202 3197
202 3305
202 4164
202 4310
202 4904
202 5517
202 5709
202 7487
202 7774
202 8761
202 9029
203 520
203 1033
203 1092
203 1754
203 2108
203 2310
203 2368
203 4747
203 5384
203 5919
203 6747
203 7149
203 7432
203 9763
204 1122
204 1184
204 1429
204 1936
204 2219
204 3020
204 3439
204 3521
204 4222
204 5415
204 5552
204 7182
204 7368
204 7437
204 8619
204 8657
204 8666
204 9038
205 616
205 697
205 1236
205 1955
205 2164
205 2372
205 3124
205 4610
205 4953
205 5549
205 5646
205 5992
205 8086
205 8304
205 8396
205 8403
206 597
206 1304
206 3905
206 3933
206 4452
206 4577
206 5941
206 6866
206 7791
206 8784
206 9573
207 763
207 1285
207 1519
207 2412
207 2550
207 3153
207 4639
207 5028
207 5191
207 6527
207 6688
207 6931
207 7167
207 8858
208 625
208 2147
208 2157
208 2282
208 2827
208 3985
208 4778
208 4869
208 5273
208 6212
208 7196
208 7269
208 8870
209 1337
209 2159
209 2778
209 3196
209 3526
209 3559
209 3710
209 5082
209 5373
209 7716
209 7907
209 7925
209 8034
209 8801
209 9323
209 9658
210 333
210 832
210 883
210 1091
210 1404
210 1694
210 2912
210 3689
210 6942
210 7290
210 7322
210 7424
210 7846
210 8130
211 291
211 324
211 440
211 682
211 1602
211 2735
211 2743
211 3886
211 4567
211 4975
211 5753
211 5836
211 6253
211 6864
211 7801
211 7868
211 8679
211 8846
212 1603
212 3133
212 4387
212 4902
212 5406
212 6952
212 7240
212 7712
212 7848
212 7986
213 1020
213 1546
213 2545
213 3794
213 4109
213 5098
213 8338
213 8819
213 9066
214 2048
214 2805
214 3015
214 3704
214 3987
214 4191
214 4600
214 6549
214 6753
214 7106
214 7903
214 7942
214 8770
214 8937
215 1108
215 1411
215 1436
215 1622
215 1715
215 1843
215 2024
215 3565
215 3839
215 3998
215 5090
215 6288
215 6588
215 6839
215 7115
215 7325
215 7358
215 7917
215 8027
215 8881
215 9562
215 9862
215 9903
216 247
216 1164
216 1596
216 1942
216 2938
216 3179
216 4124
216 4785
216 5023
216 7012
216 7844
216 8664
216 9217
216 9644
216 9912
217 430
217 945
217 955
217 1112
217 2096
217 2178
217 2306
217 2969
217 3388
217 5902
217 6092
217 6645
217 6759
217 6764
217 7229
217 7231
217 7783
217 9702
218 284
218 717
218 1529
218 2331
218 2842
218 3000
218 3378
218 3514
218 5237
218 6760
218 7366
218 9554
219 432
219 1009
219 1144
219 1277
219 1486
219 1527
219 2482
219 2706
219 2764
219 3151
219 4122
219 4630
219 5850
219 7465
219 7647
219 8050
219 8898
219 9463
219 9591
220 1264
220 1548
220 2513
220 2602
220 2640
220 2752
220 3060
220 3103
220 3483
220 5637
220 6111
220 6934
220 9202
220 9782
221 853
221 993
221 1647
221 2587
221 2965
221 3043
221 4001
221 4755
221 4758
221 4964
221 5972
221 6018
221 7072
221 7113
221 7464
221 9307
221 9599
222 1028
222 1077
222 1202
222 4801
222 5863
222 6005
222 6252
222 7476
222 8305
222 8317
222 8602
222 9745
223 390
223 416
223 477
223 982
223 1678
223 2301
223 2541
223 4070
223 4098
223 5442
223 7173
223 7418
223 7663
223 8221
223 9714
224 448
224 1814
224 1920
224 3434
224 3604
224 4089
224 5351
224 5424
224 5882
224 6878
224 7408
224 7851
224 8069
224 9482
225 361
225 1578
225 4414
225 5901
225 6190
225 7344
225 7542
225 7869
225 8524
225 9886
226 1553
226 1794
226 2190
226 2616
226 2781
226 3265
226 3617
226 3646
226 4965
226 5007
226 6039
226 6059
226 8866
226 9623
227 825
227 1457
227 1550
227 2254
227 4170
227 4175
227 4322
227 5189
227 5458
227 5514
228 635
228 765
228 776
228 1096
228 2267
228 3826
228 3928
228 4104
228 4171
228 4412
228 4449
228 4860
228 5721
228 7125
228 7153
228 7927
228 8104
229 601
229 1868
229 2455
229 2557
229 4544
229 6194
229 7523
230 2495
230 2611
230 3459
230 4133
230 4634
230 4684
230 5220
230 6326
230 6532
230 6909
230 7446
230 7916
230 7935
230 8151
230 8178
230 8928
230 8989
230 9111
230 9456
230 9500
231 434
231 998
231 2512
231 2553
231 5664
231 5847
231 6969
231 7747
231 7915
231 8535
231 8912
232 658
232 1037
232 1447
232 1463
232 1616
232 5431
232 6451
232 7889
232 8350
232 8514
232 8542
232 8916
232 9065
233 539
233 998
233 2371
233 2375
233 4264
233 6411
233 7742
233 8986
233 9725
234 1098
234 1195
234 1215
234 1321
234 1521
234 3157
234 3753
234 3944
234 4059
234 5306
234 5798
234 6053
234 6454
234 6966
234 8515
234 9016
235 522
235 561
235 587
235 744
235 1687
235 2673
235 2712
235 3895
235 4248
235 5186
235 6173
235 8544
235 8653
235 9264
236 1203
236 2911
236 2985
236 3591
236 4862
236 4991
236 7100
236 8246
236 9042
236 9077
236 9176
237 675
237 1342
237 1540
237 1855
237 2561
237 2653
237 3319
237 4047
237 4066
237 5321
237 8856
237 9476
238 360
238 848
238 858
238 1019
238 1063
238 1415
238 2494
238 2775
238 3259
238 6161
238 6523
238 6880
238 7975
238 8097
238 9085
239 629
239 6612
239 7697
239 8234
239 8606
239 8694
239 8862
239 8963
239 9071
239 9967
240 301
240 928
240 3485
240 3504
240 4190
240 4986
240 9273
241 703
241 1983
241 2957
241 4062
241 4126
241 6600
241 7553
242 1086
242 1907
242 2874
242 4185
242 4433
242 5308
242 5496
242 6374
242 6905
242 8156
242 8288
242 8661
242 9792
243 534
243 1821
243 2067
243 3328
243 4391
243 5969
243 6639
243 7140
243 7264
243 8874
244 602
244 870
244 1445
244 3064
244 4048
244 4242
244 5426
244 6331
244 6598
244 9240
245 1129
245 1242
245 2575
245 3101
245 3396
245 3511
245 4099
245 4110
245 4739
245 5095
245 5475
245 5802
245 6441
245 7306
245 8201
245 9006
246 268
246 375
246 865
246 1174
246 1423
246 2508
246 2661
246 3373
246 4315
246 4644
246 5205
246 5430
246 5684
246 6515
246 7590
246 8426
246 8591
246 8603
247 653
247 1397
247 4947
247 5935
247 6590
247 8477
247 8743
248 1167
248 2034
248 2058
248 2142
248 2537
248 3287
248 4118
248 4551
248 5735
248 5796
248 6000
248 6378
248 7232
248 8432
248 8546
248 8904
248 9060
249 1216
249 1501
249 1898
249 3566
249 4622
249 5823
249 5990
249 6250
249 7127
249 7228
249 7448
249 9268
249 9600
250 397
250 983
250 1179
250 1269
250 2422
250 2592
250 2738
250 2792
250 3330
250 3555
250 5326
250 6238
250 7305
250 7731
250 7978
250 8024
251 424
251 1192
251 1440
251 1468
251 1954
251 3662
251 4724
251 5199
251 7094
251 7165
251 7802
251 8386
251 9177
251 9249
252 1098
252 3022
252 4621
252 4625
252 4705
252 4764
252 7831
252 7945
252 8241
252 8366
252 8395
252 8562
252 8622
252 9469
253 929
253 1102
253 1184
253 1908
253 2500
253 2598
253 3123
253 3372
253 3738
253 5658
253 6616
253 8213
253 8363
253 8540
254 330
254 1011
254 1134
254 1276
254 2835
254 3181
254 3863
254 4527
254 5012
254 6004
254 6225
254 6797
254 6948
254 8459
254 9086
255 362
255 572
255 914
255 948
255 988
255 1330
255 1880
255 3398
255 4657
255 5366
255 6264
255 6344
255 7781
255 7884
255 8353
255 9142
256 382
256 1992
256 3535
256 4891
256 5086
256 5312
256 6521
256 6680
256 7051
256 7803
256 8632
256 9037
256 9224
256 9356
257 309
257 919
257 2534
257 3857
257 3877
257 4092
257 4155
257 5073
257 5945
257 6396
257 6960
258 699
258 975
258 2130
258 3389
258 4259
258 4861
258 6382
258 6794
258 9306
259 399
259 441
259 2859
259 3640
259 6239
259 6730
259 8183
259 9157
259 9196
259 9283
259 9358
259 9690
260 595
260 1046
260 3370
260 3489
260 4717
260 5329
260 5625
260 6272
260 6343
260 6529
260 6763
260 7878
260 7924
260 9824
261 1567
261 4226
261 4626
261 5004
261 6436
261 6500
261 6637
261 6837
261 7064
261 9458
261 9889
262 272
262 1010
262 3409
262 4822
262 6008
262 7079
262 7526
262 8349
262 9070
263 458
263 2461
263 2801
263 3106
263 3126
263 3641
263 4416
263 5015
263 6619
263 8976
263 9471
264 1347
264 1507
264 1700
264 3039
264 3678
264 4400
264 6188
264 6776
264 7979
264 7987
264 8132
264 8413
264 8483
264 9376
264 9983
265 576
265 817
265 1652
265 2251
265 2645
265 2719
265 2755
265 2885
265 4035
265 4714
265 4809
265 6259
265 7765
265 8235
265 8295
266 1530
266 3593
266 3835
266 4866
266 6697
266 7675
266 9364
266 9802
267 1044
267 2035
267 2104
267 2130
267 3073
267 9531
267 9776
268 1587
268 1999
268 2708
268 5197
268 5539
268 5595
268 7797
268 8678
268 8809
268 9055
268 9162
268 9300
268 9544
268 9905
269 536
269 658
269 1869
269 2235
269 2311
269 3747
269 5774
269 7763
269 8168
269 9257
270 1834
270 2513
270 3182
270 4228
270 4775
270 5301
270 7118
270 8700
270 8879
270 9947
271 648
271 731
271 1000
271 1967
271 2201
271 2787
271 3399
271 4939
271 4979
271 5239
271 5421
271 6473
271 9331
271 9655
271 9728
271 9777
272 592
272 811
272 4672
272 4784
272 4850
272 6569
272 7657
272 9448
273 604
273 677
273 800
273 920
273 1291
273 2243
273 3469
273 4670
273 4995
273 5783
273 6241
273 7441
273 7858
273 7953
273 8117
273 8490
273 8708
273 9684
274 507
274 605
274 621
274 1554
274 1576
274 1787
274 1813
274 4798
274 7793
274 8492
274 8686
275 441
275 1874
275 2167
275 2683
275 2742
275 3438
275 5156
275 5320
275 7596
275 7684
275 8193
275 8324
275 8800
275 9181
276 3035
276 3221
276 3568
276 3768
276 5716
276 6010
276 7477
276 8720
276 8995
276 9910
277 1074
277 1327
277 1951
277 2043
277 3416
277 3530
277 3672
277 5360
277 5921
277 6610
277 7555
277 7620
277 8400
277 8711
278 666
278 1186
278 1280
278 4419
278 4476
278 4870
278 6415
278 7152
278 7761
278 7905
278 9213
279 755
279 947
279 1668
279 1995
279 3271
279 4072
279 5046
279 5287
279 6051
279 9169
280 753
280 1137
280 1800
280 3332
280 3384
280 4667
280 4727
280 4886
280 8537
280 8692
280 9261
280 9569
281 510
281 1726
281 1807
281 2564
281 3192
281 3583
281 3744
281 5296
281 7250
281 8118
281 9864
282 335
282 1150
282 1448
282 1520
282 1796
282 2010
282 3162
282 4742
282 6438
282 6547
282 8693
282 9018
282 9737
283 1554
283 2442
283 2560
283 5104
283 5388
283 5694
283 6369
283 8242
283 8642
284 1238
284 2946
284 5076
284 5540
284 7260
284 7670
284 8953
284 8961
284 9094
285 754
285 1523
285 1539
285 1870
285 1882
285 4311
285 5228
285 5276
285 9578
285 9795
286 574
286 1146
286 2168
286 2177
286 2307
286 4827
286 5589
286 6052
286 6887
286 7163
286 7389
286 9473
287 301
287 3279
287 4202
287 4383
287 5840
287 6042
287 6084
287 7702
287 9013
287 9056
287 9703
288 662
288 721
288 853
288 1610
288 2834
288 4017
288 4245
288 4384
288 6093
288 7439
288 8128
288 8690
288 8806
288 9660
289 686
289 1518
289 2078
289 2142
289 2475
289 2610
289 2617
289 3275
289 4084
289 4651
289 5827
289 5865
289 9035
289 9401
289 9664
290 1810
290 2907
290 3732
290 3762
290 4316
290 4428
290 4531
290 4682
290 5835
290 6677
290 6778
290 7054
290 9146
291 436
291 1181
291 2931
291 3623
291 3862
291 5120
291 7333
291 7425
291 7740
291 8102
291 8439
291 9637
292 2343
292 2649
292 4332
292 6551
292 6827
292 6857
292 7102
292 8231
292 9614
293 810
293 1438
293 1780
293 3329
293 3834
293 5395
293 5815
293 6287
294 303
294 484
294 599
294 1858
294 2036
294 2092
294 2709
294 2799
294 2979
294 4183
294 5051
294 5476
294 7145
294 7565
294 8992
294 9657
295 380
295 3868
295 4152
295 5638
295 7586
295 9830
296 598
296 1390
296 3647
296 4545
296 5669
296 8348
296 8621
296 9326
297 314
297 3718
297 4560
297 4708
297 4928
297 5043
297 6431
297 7507
297 9369
298 2087
298 2961
298 4272
298 4591
298 5267
298 6300
298 7249
298 8284
298 8703
298 9239
298 9739
299 958
299 1721
299 2241
299 2847
299 3185
299 3302
299 4140
299 5102
299 6983
299 8704
300 594
300 646
300 2095
300 3318
300 3847
300 4731
300 8341
300 9189
301 667
301 1580
301 2518
301 3425
301 3614
301 4830
301 5056
301 5154
301 5465
301 6316
301 6990
301 7414
301 8857
302 451
302 502
302 2214
302 2618
302 3042
302 3142
302 3636
302 5270
302 5393
302 7166
302 7962
302 8190
302 9375
303 723
303 1208
303 1783
303 3327
303 3505
303 3512
303 3621
303 6085
303 6472
303 6716
304 1787
304 2605
304 2962
304 4306
304 4719
304 5777
304 5957
304 7704
304 7911
304 8074
304 8750
305 365
305 726
305 969
305 1709
305 2884
305 4898
305 4971
305 5988
305 6742
305 8500
306 1037
306 3474
306 4614
306 4855
306 5117
306 5215
306 6533
306 7602
306 8090
306 9255
306 9527
307 1874
307 3913
307 4132
307 4496
307 4734
307 5402
307 5463
307 5610
307 6559
307 6780
307 8669
307 9510
307 9586
308 2444
308 3011
308 3934
308 4810
308 5268
308 8377
309 2065
309 3362
309 5845
309 5993
309 6599
309 6846
309 8237
309 9667
309 9790
310 825
310 1424
310 2138
310 2647
310 3016
310 4193
310 4197
310 4314
310 6646
310 6687
311 1123
311 1700
311 2815
311 3637
311 4409
311 4501
311 4602
311 6361
311 6750
311 8282
311 8919
312 1449
312 2028
312 2463
312 2964
312 3435
312 3683
312 4864
312 6373
312 7083
312 8044
312 8438
312 8730
313 780
313 1019
313 2204
313 3397
313 7582
313 8271
314 547
314 803
314 886
314 1036
314 1384
314 1748
314 2042
314 2404
314 2840
314 4495
314 5631
314 6332
314 6570
314 7300
314 7787
314 8727
314 8815
315 477
315 992
315 2166
315 2174
315 3066
315 3552
315 9344
316 899
316 1184
316 1871
316 2643
316 2676
316 3069
316 4141
316 5573
316 5864
316 8959
316 9081
317 1465
317 1475
317 1779
317 2447
317 2935
317 3125
317 3395
317 4415
317 5048
317 5680
317 6669
317 7875
317 8316
317 8397
317 8575
317 9050
317 9075
318 888
318 2226
318 2571
318 3278
318 4349
318 7634
318 9371
318 9885
319 1121
319 1351
319 1604
319 4266
319 4510
319 5436
319 6474
319 7686
319 7922
319 8012
319 9260
319 9750
320 529
320 562
320 1585
320 1731
320 1953
320 2472
320 2872
320 4910
320 6449
320 6555
320 6562
320 6796
320 7384
320 7738
320 7879
320 8538
320 9058
321 578
321 722
321 2710
321 3542
321 5333
321 6834
321 7253
321 7471
321 9863
322 688
322 2068
322 3236
322 5559
322 7287
322 9063
322 9602
323 766
323 1393
323 1715
323 2316
323 2539
323 3156
323 4097
323 6633
323 7056
323 8941
323 9154
323 9412
324 5223
324 5500
324 7061
324 8163
324 9149
324 9316
324 9645
324 9976
325 819
325 1767
325 1777
325 2595
325 4339
325 4455
325 4711
325 5867
325 6033
325 6736
325 6784
325 6904
325 8709
325 9288
325 9769
326 587
326 1991
326 6641
326 6922
326 8225
326 9279
326 9352
327 487
327 1661
327 3490
327 4776
327 4813
327 5479
327 6232
327 7272
328 642
328 2860
328 3025
328 4041
328 4594
328 4698
328 5361
328 5526
328 5621
328 6217
328 6891
328 9567
328 9995
329 915
329 1165
329 1408
329 1763
329 2105
329 2322
329 5942
329 6779
329 6819
329 9978
330 1263
330 4297
330 4817
330 5317
330 7007
330 8687
331 1246
331 1297
331 2112
331 3280
331 4342
331 4582
331 5216
331 5378
331 5557
331 5643
331 6853
331 8486
331 9587
332 382
332 2023
332 2603
332 8209
332 8808
333 427
333 2350
333 2487
333 3946
333 4057
333 4260
333 5508
333 6709
333 7168
333 7982
333 8561
333 9622
334 1575
334 2120
334 2366
334 3259
334 3303
334 4681
334 4893
334 5773
334 6201
334 6830
334 7036
334 7144
334 8811
334 9433
335 363
335 986
335 1228
335 3098
335 3333
335 3746
335 3767
335 4326
335 4336
335 5035
335 5516
335 5976
335 7247
335 7398
335 8152
335 8946
336 662
336 1282
336 2967
336 5459
336 6571
336 6902
336 8171
336 8496
336 9373
336 9733
337 660
337 984
337 1373
337 2109
337 2292
337 3898
337 6069
337 6995
337 7495
338 1993
338 4313
338 4835
338 6112
338 6375
338 6597
338 7597
339 876
339 1363
339 1386
339 1659
339 2141
339 2491
339 2632
339 3472
339 3700
339 4675
339 7188
339 8428
339 8802
339 9363
339 9615
340 450
340 3258
340 4404
340 5242
340 7033
340 7063
340 7436
341 878
341 1831
341 2000
341 2364
341 3806
341 5010
341 7020
341 7622
341 7707
341 9245
341 9931
342 1433
342 1931
342 2555
342 2824
342 4211
342 5608
342 6041
342 7031
342 8039
342 8208
342 9410
343 1604
343 1650
343 3195
343 3230
343 5122
343 5545
343 8393
344 394
344 851
344 1898
344 2808
344 4158
344 6057
344 6120
344 6561
344 6997
345 395
345 804
345 2255
345 2397
345 2990
345 3649
345 4382
345 5741
345 6121
345 6720
345 7374
345 8292
345 8981
346 531
346 1613
346 1803
346 2144
346 2552
346 7676
346 8085
347 649
347 904
347 3058
347 4385
347 5352
347 5546
347 6530
347 6818
347 7034
347 8165
347 8517
347 9630
348 663
348 689
348 4924
348 4934
348 5084
348 6098
348 6262
349 1090
349 1246
349 1774
349 2852
349 3357
349 5433
349 6083
349 8576
349 8782
349 9229
349 9324
350 1357
350 1741
350 2343
350 2684
350 3253
350 3361
350 3673
350 3822
350 4562
350 5857
350 9491
351 467
351 1294
351 2960
351 4023
351 5525
351 5912
351 6694
351 7095
352 741
352 1633
352 1838
352 3405
352 5567
352 7468
352 8334
352 9304
352 9310
352 9808
353 560
353 679
353 2690
353 3581
353 4149
353 4774
353 4841
353 5196
353 6088
353 6858
353 7209
353 7415
353 7534
353 7745
353 7814
353 8813
353 9123
353 9392
354 456
354 668
354 963
354 2551
354 3947
354 4685
354 8000
354 8019
355 952
355 1785
355 1941
355 4065
355 4772
355 5780
355 6219
355 6731
355 7996
355 8930
355 9292
356 550
356 566
356 756
356 1190
356 1744
356 1786
356 2481
356 3334
356 3462
356 4298
356 9263
357 835
357 1241
357 1275
357 1452
357 3716
357 4726
357 6930
358 3661
358 6170
358 6469
358 8484
358 8547
358 9192
358 9819
359 360
359 1214
359 2110
359 2363
359 2528
359 2580
359 3569
359 3573
359 4619
359 4738
359 5110
359 5728
359 5939
359 6910
359 8460
360 1425
360 2268
360 3789
360 4200
360 4782
360 5501
360 6405
360 8072
360 8635
361 410
361 1271
361 1562
361 2666
361 3529
361 3983
361 6206
361 7690
361 8826
361 8935
361 9076
361 9385
361 9689
362 736
362 2069
362 2349
362 4196
362 5278
362 5470
362 7180
362 7727
362 7933
362 9605
363 460
363 3992
363 4302
363 5708
363 9798
364 1062
364 1977
364 2317
364 2324
364 4446
364 5057
364 6169
364 8036
364 8479
364 8525
364 9641
365 3385
365 4246
365 4466
365 5437
365 5713
365 5995
365 7080
365 7535
365 9513
366 541
366 1295
366 1373
366 2652
366 5675
366 6359
367 612
367 1257
367 1624
367 1930
367 2166
367 4006
367 5543
367 6488
367 6977
367 7278
367 8354
367 8481
367 9416
368 1389
368 1398
368 2149
368 3501
368 3658
368 4678
368 5330
368 6845
368 6917
368 7236
368 7329
368 7498
368 7627
368 7992
369 921
369 1401
369 2054
369 2303
369 2766
369 3935
369 4009
369 4049
369 4608
369 5297
369 6355
369 7040
369 8373
369 9158
369 9421
369 9604
370 392
370 449
370 1149
370 3950
370 4903
370 5492
370 7110
370 7503
370 7652
370 9841
371 596
371 1207
371 1570
371 2579
371 2701
371 4460
371 4756
371 4806
371 5342
371 6356
371 6652
371 6681
371 7347
371 7612
371 8435
371 8675
371 9442
372 408
372 910
372 1087
372 1480
372 2686
372 4296
372 4312
372 4786
372 8884
373 623
373 2819
373 3218
373 5141
373 6358
373 8008
373 8200
373 9399
373 9820
374 391
374 435
374 942
374 1594
374 2021
374 2242
374 3445
374 4292
374 8240
374 9980
375 1811
375 2522
375 7200
375 8154
375 9203
376 641
376 1939
376 2290
376 2758
376 2782
376 3375
376 6419
376 6550
376 7219
376 7474
376 7632
376 8367
376 8855
377 470
377 480
377 643
377 1330
377 6341
377 6367
377 6508
377 7029
378 1574
378 1946
378 2574
378 3110
378 4071
378 4154
378 5904
378 7900
378 8920
378 9585
378 9934
379 754
379 1353
379 1885
379 2211
379 4270
379 7625
379 8578
379 9418
380 2195
380 2589
380 5295
380 6481
380 7320
380 7890
380 8765
380 9901
381 647
381 750
381 1027
381 1113
381 2846
381 3061
381 3311
381 7451
381 8084
381 9119
381 9445
382 3953
382 4885
382 4954
382 5075
382 5229
382 6998
382 7215
382 7348
383 543
383 1509
383 1985
383 3071
383 3728
383 5959
383 6685
383 6722
383 7991
383 9925
384 775
384 1547
384 2401
384 3403
384 4123
384 4542
384 4558
384 5535
384 5699
384 5810
385 433
385 687
385 1600
385 2814
385 3136
385 3548
385 4168
385 9027
386 645
386 964
386 1197
386 1664
386 2151
386 2639
386 2736
386 2823
386 3195
386 3464
386 4533
386 4804
386 6075
386 6560
386 6579
386 9488
387 455
387 719
387 732
387 984
387 1187
387 1737
387 6157
387 7595
387 8472
388 389
388 2674
388 2753
388 5533
388 6693
388 7069
388 7775
389 1025
389 1160
389 2914
389 5059
389 5175
389 5398
389 6151
389 9082
389 9420
389 9580
390 1857
390 2323
390 3390
390 6883
390 7158
390 7944
390 8712
390 9057
390 9529
391 902
391 5884
391 8179
391 9152
392 2913
392 3160
392 3579
392 3792
392 3885
392 5096
392 8504
393 1584
393 1963
393 3610
393 5033
393 6203
393 6602
393 7265
393 7628
393 8662
393 9069
394 406
394 734
394 7060
394 8737
395 1336
395 2220
395 2260
395 2671
395 2898
395 4381
395 4865
395 5031
395 6071
395 6584
395 6737
395 7518
395 9710
396 1731
396 2593
396 5860
396 6614
396 9241
397 509
397 517
397 830
397 1225
397 2446
397 4058
397 5077
397 6090
397 6137
397 6820
397 8170
397 8633
398 702
398 878
398 2715
398 4791
398 5999
398 6689
398 7315
398 7522
398 8548
399 1469
399 1628
399 3807
399 3991
399 6640
399 8204
399 9434
400 1246
400 1315
400 1708
400 2122
400 2238
400 3881
400 4483
400 4642
400 5616
400 6376
400 6418
400 7438
400 7813
400 7839
401 1151
401 1598
401 3645
401 3903
401 4617
401 4647
401 6979
401 8028
401 8244
401 9603
402 1318
402 3643
402 3855
402 3957
402 4643
402 4645
402 4856
402 5217
402 5374
402 9971
403 546
403 757
403 1253
403 1297
403 3802
403 4125
403 6143
403 9419
404 676
404 754
404 1101
404 1943
404 2221
404 2520
404 3380
404 4331
404 6186
404 6706
404 6740
404 6932
404 7204
405 966
405 1608
405 2052
405 2063
405 2697
405 3065
405 3607
405 4389
405 4823
405 5282
405 5593
405 8942
406 1466
406 2360
406 2517
406 7107
406 7282
406 8054
406 8771
406 9379
406 9546
407 727
407 733
407 910
407 3169
407 4229
407 6873
407 7059
407 7754
407 8451
407 8923
408 423
408 974
408 2003
408 2894
408 3014
408 3587
408 5093
408 5168
408 5655
408 5900
408 6842
408 9325
409 1315
409 2471
409 3269
409 3690
409 3990
409 5020
409 5423
409 5460
409 5843
409 5952
409 7214
409 7521
409 8285
410 973
410 1760
410 2286
410 3721
410 3976
410 5737
410 9350
410 9791
411 842
411 986
411 1031
411 1054
411 5640
411 7537
411 7760
411 9950
412 1168
412 7734
412 9138
412 9446
412 9534
413 698
413 1873
413 2733
413 2909
413 2999
413 3309
413 3706
413 5794
414 1475
414 1906
414 3547
414 4576
414 5443
414 6087
414 6928
414 8077
414 8420
414 8699
415 705
415 2359
415 2633
415 6295
415 8580
415 8859
416 871
416 5080
416 6556
416 7668
416 9680
416 9781
417 648
417 786
417 2253
417 2536
417 3342
417 3709
417 4043
417 4539
417 4607
417 5739
417 5760
417 6592
417 7428
417 9918
418 1000
418 2125
418 2336
418 2728
418 2975
418 4340
418 4453
418 5474
418 5727
418 6613
418 9195
418 9999
419 535
419 708
419 1743
419 3097
419 3668
419 6339
419 7411
419 8342
419 9746
419 9780
420 1671
420 3483
420 3910
420 3954
420 5030
420 5040
420 9387
420 9814
421 1020
421 2128
421 3451
421 5050
421 5953
421 5975
421 8543
422 675
422 3115
422 3679
422 9430
423 462
423 4984
424 2940
424 3128
424 3900
424 4692
424 5764
424 7473
425 465
425 842
425 1023
425 2202
425 2577
425 3958
425 5690
425 6357
425 6384
425 7248
426 2255
426 2383
426 5177
426 8442
426 8812
427 650
427 1564
427 3322
427 3450
427 5558
427 6721
427 7577
427 9876
428 575
428 3629
428 3896
428 4350
428 8650
428 8872
429 2955
429 3774
429 5204
429 6595
429 7015
429 7551
429 7749
429 9847
430 3108
430 6315
430 6393
430 9067
430 9833
431 995
431 1274
431 2970
431 4028
431 7351
431 8913
431 9329
432 4578
432 5208
432 5571
433 4210
433 5828
433 6502
433 6701
433 7108
433 9089
433 9405
433 9552
434 1130
434 1361
434 2150
434 2318
434 2897
434 4129
434 5088
434 5254
434 5343
434 5879
434 7422
434 8228
435 3975
435 4178
435 4304
435 5147
435 5356
435 5375
435 6478
435 6806
435 7610
435 9124
435 9611
436 905
436 2546
436 2903
436 5671
436 7332
436 7421
436 9594
437 891
437 3810
437 6770
437 8570
438 1732
438 2994
438 3172
438 3484
438 4088
438 4208
438 4627
438 4963
438 7294
438 7547
438 8758
439 525
439 836
439 1338
439 2029
439 2390
439 2614
439 4189
439 5404
440 1322
440 3276
440 4831
440 6743
440 7870
441 1414
441 2470
441 2615
441 2737
441 3858
441 3932
441 6276
441 6715
441 7350
441 7560
441 9122
441 9362
442 1662
442 2910
442 4255
442 4265
442 6758
442 7485
442 9355
443 1102
443 2090
443 3755
443 4519
443 6699
443 7607
443 9297
443 9860
443 9990
444 6311
444 7324
444 8444
444 8835
444 8839
445 1129
445 2891
445 3574
445 5083
445 6020
445 6672
445 6965
445 7039
445 7237
445 8574
445 9588
445 9853
445 9927
446 708
446 862
446 965
446 1239
446 1805
446 4613
446 5523
446 6869
446 7096
446 8060
446 9345
447 450
447 4770
447 6625
447 6769
447 6856
448 1782
448 2549
448 4002
448 4735
448 6926
448 7580
448 9582
449 1120
449 2919
449 4007
449 4868
449 6352
449 7729
449 7822
450 636
450 1395
450 3047
450 3628
450 4221
450 5447
450 5667
450 6919
450 8456
450 8785
450 8968
451 1517
451 2625
451 3173
451 3644
451 4039
451 4931
451 5069
451 7021
451 7193
451 7230
451 7399
451 9964
452 1685
452 3852
452 5250
452 7679
452 8079
452 9842
453 2621
453 2902
453 2932
453 3057
453 5159
453 5206
453 7855
453 9850
454 773
454 2066
454 2711
454 2959
454 3835
454 3924
454 4710
454 5285
454 9572
455 1365
455 1862
455 1973
455 2767
455 2915
455 3625
455 4367
455 7126
455 7241
456 2183
456 2496
456 4679
456 5108
456 5115
456 6027
456 8398
457 674
457 1420
457 1595
457 4834
457 5569
457 6704
457 8280
457 9153
457 9227
458 759
458 1490
458 2746
458 4805
458 6724
458 7199
458 7222
458 7888
458 8489
458 9014
459 1894
459 3632
459 4518
459 5649
459 7950
459 8238
459 8253
460 1496
460 3089
460 3100
460 3463
460 3466
460 3536
460 4056
460 5980
460 6939
460 7068
460 9875
461 633
461 855
461 1854
461 1994
461 4022
461 4768
461 5795
461 6086
461 8101
461 8759
461 9873
462 4745
462 5725
462 5991
462 6268
462 6777
462 7759
462 8833
462 8944
462 8962
462 9504
462 9917
463 731
463 3635
463 3879
463 6260
463 7837
464 600
464 697
464 1270
464 3493
464 4166
464 5411
464 6951
464 7871
464 8250
464 9233
465 1111
465 2026
465 2038
465 2421
465 5304
465 6491
465 9516
466 874
466 1124
466 1316
466 1332
466 1804
466 2137
466 3937
466 4253
466 4356
466 6429
466 7190
466 8351
466 8701
467 639
467 4090
467 4691
467 7636
467 7980
467 8257
467 8714
467 8841
468 1020
468 1828
468 4037
468 5701
468 5907
468 6795
468 6822
468 7365
468 7454
469 1105
469 1339
469 1489
469 3059
469 5759
469 8568
470 3154
470 4570
470 8462
470 8519
471 924
471 1053
471 1278
471 4462
471 4707
471 5053
471 6243
471 8009
471 9646
472 662
472 1538
472 1944
472 5123
472 6213
472 7053
472 7484
472 7525
472 8672
472 8718
472 8775
473 1653
473 2394
473 3006
473 6406
473 6703
473 7177
473 8663
473 9115
474 742
474 953
474 2223
474 2474
474 6432
474 7695
475 601
475 2387
475 3316
475 5367
475 5767
475 7065
476 1073
476 1549
476 1910
476 2130
476 6223
476 8358
477 1383
477 2409
477 2432
477 5265
477 6135
477 6528
477 7070
477 8410
477 8468
478 655
478 2972
478 3238
478 6516
478 6798
479 512
479 1532
479 2188
479 2976
479 4291
479 6221
480 1913
480 3152
480 5114
480 5245
480 7186
480 7218
480 7341
480 8184
480 8742
480 8797
480 9449
481 1119
481 1283
481 3222
481 4390
481 4631
481 5299
481 7304
481 7833
481 9319
481 9692
482 825
482 1221
482 4139
482 5132
482 5188
482 6621
482 7887
482 8626
482 8767
483 1164
483 1534
483 1867
483 2194
483 3897
483 7131
483 8584
483 9394
484 1756
484 2022
484 4729
484 4882
484 6171
484 7046
484 8464
484 8983
484 9251
484 9540
484 9715
485 866
485 1479
485 1749
485 2567
485 4588
485 6766
485 8611
485 9100
486 2364
486 3012
486 3187
486 4498
486 5407
486 5987
486 6896
486 8454
486 9393
486 9887
487 1159
487 7856
487 9357
487 9451
488 4392
488 6280
488 9353
489 914
489 3758
489 3974
489 4029
489 6116
489 6994
489 7078
489 7135
489 7561
489 7931
489 9034
490 649
490 970
490 2027
490 3078
490 4101
490 4863
490 5176
490 6263
491 2757
491 4585
491 7123
491 8649
492 1350
492 1505
492 4157
492 5467
492 5592
492 7387
493 911
493 1041
493 1261
493 2480
493 2857
493 3612
493 3734
493 4278
493 7179
493 8330
493 9618
493 9867
494 1075
494 2544
494 3032
494 5038
494 7208
494 9180
494 9998
495 751
495 2456
495 3198
495 4269
495 4733
495 5911
495 7211
495 9524
496 1388
496 4215
496 4293
496 7799
496 9956
497 3447
497 7458
498 1806
498 1914
498 2099
498 2414
498 5113
498 5174
498 8110
498 8673
499 560
499 1410
499 2008
499 2490
499 2873
499 3671
499 4921
499 5455
499 6330
499 6395
499 6850
499 7687
499 8212
499 8433
499 9560
500 528
500 2770
500 2925
500 4871
500 5246
500 5580
500 5682
501 758
501 1878
501 1991
501 2991
501 2992
501 4665
502 2535
502 2695
502 3534
502 6487
503 1853
503 2093
503 2754
503 2862
503 3096
503 5106
503 5730
503 7093
503 7142
504 1209
504 2315
504 2338
504 3999
504 4077
504 5776
504 8226
505 1476
505 2337
505 4305
505 4468
505 8706
505 9140
506 760
506 988
506 3571
506 8531
507 1450
507 1544
507 1935
507 2352
507 2718
507 3299
507 3803
507 5041
507 9939
508 1383
508 4408
508 6863
508 8665
508 8698
508 9160
508 9679
508 9701
509 762
509 4081
509 5184
509 6773
509 9164
509 9308
509 9381
510 2135
510 8993
510 9648
511 688
511 2951
511 3659
511 5261
511 6723
511 7395
512 2127
512 3608
512 4351
512 4374
512 5689
512 9110
513 2384
513 2578
513 3793
513 4286
513 4365
513 5717
513 6336
513 6609
514 2329
514 6807
514 8555
515 877
515 2274
515 3494
515 4294
515 8509
515 9156
516 2850
516 4529
516 6149
516 6183
516 7853
516 9849
517 4127
517 5008
517 5581
517 5765
517 6986
517 8978
517 9807
518 2048
518 3021
518 3028
518 3765
518 4546
518 4659
519 2060
519 2768
519 3247
519 4877
519 6261
519 6630
519 7971
519 8820
519 8880
520 4858
520 7941
521 677
521 1064
521 1224
521 2017
521 4702
521 6304
521 8181
522 1422
522 2636
522 3051
522 3408
522 4254
522 4360
522 4703
522 4716
522 6179
522 6392
522 7492
523 8974
524 617
524 664
524 1699
524 2493
524 7197
524 7640
524 8821
525 3980
525 6624
525 8106
526 540
526 887
526 1872
526 3209
526 3363
526 6267
526 7359
527 1444
527 3634
527 6733
527 7160
527 7356
527 8455
528 1619
528 2699
528 5561
528 6226
528 6517
528 8279
529 1865
529 2488
529 6884
529 7499
529 7659
530 554
530 1683
530 4143
530 5605
531 2468
531 3853
531 4285
531 5307
531 5877
531 8276
532 3220
532 3347
532 6511
533 1874
533 1945
533 2396
533 4941
533 5101
533 6249
533 7794
533 7985
534 4598
534 5391
534 5917
534 7500
534 8032
534 9608
535 1597
535 1892
535 2089
535 3407
535 4324
535 4888
535 6113
535 7266
535 8786
535 9843
536 1079
536 1691
536 1799
536 3038
536 5662
536 6079
536 6536
536 6665
536 9402
537 691
537 725
537 2845
537 5575
537 6391
537 9963
538 1421
538 1873
538 1895
538 4508
538 5146
538 5218
538 6811
538 7633
538 9019
538 9609
538 9659
539 2682
539 4176
539 5811
539 7213
539 7419
540 2018
540 2977
540 3270
540 4807
540 5547
540 5672
541 1021
541 1286
541 1896
541 2182
541 2351
541 2586
541 3742
541 4635
541 6937
541 9955
542 707
542 1394
542 2083
542 3387
542 5283
542 5341
542 5440
542 6417
542 6800
543 3696
543 7285
544 3167
544 7154
544 7481
544 9822
545 1710
545 2458
545 2635
545 5572
545 7246
545 8043
545 8313
545 8939
546 1317
546 1618
546 2608
546 4308
546 7132
546 9423
547 1761
547 4683
547 4748
547 5410
547 5769
547 6761
548 642
548 1133
548 1279
548 1528
548 1592
548 2200
548 3310
548 4279
548 6327
549 931
549 5529
549 7463
549 7728
549 8376
549 8921
550 1097
550 3686
550 4347
550 8002
550 9200
551 833
551 937
551 1409
551 5956
551 6139
551 8447
551 8842
552 1852
552 2370
552 2877
552 4761
552 4844
552 5705
552 6615
552 8722
552 9009
553 1429
553 2198
553 2356
553 5704
553 6663
553 7949
553 9682
554 1735
554 4680
554 4808
554 5700
554 8888
555 1385
555 2246
555 2266
555 4609
555 6043
555 6080
555 7098
556 1135
556 2462
556 5288
556 5387
556 7066
556 7990
556 9636
557 2453
557 4230
557 5279
557 7085
557 8011
557 8412
557 9155
557 9439
558 826
558 1275
558 1632
558 4779
558 5016
558 5891
558 7055
558 9731
558 9961
559 1205
559 4142
559 5910
559 7226
559 9508
559 9708
560 1462
560 2809
560 2978
560 3005
560 3475
560 3773
560 8627
560 8684
561 1040
561 1525
561 3844
561 4686
561 5019
561 5880
561 7275
561 7671
561 8322
561 9186
561 9772
562 1104
562 1141
562 3171
562 3421
562 8347
562 9028
563 686
563 5590
563 5636
563 6096
563 6605
563 6867
563 6875
563 8728
564 1219
564 1948
564 2562
564 2739
564 3563
564 4942
564 6874
565 2161
565 2529
565 4549
565 4687
565 5564
565 6125
565 8587
565 9147
565 9859
566 3496
566 4095
566 4929
566 5450
566 5531
566 6413
566 7171
567 2945
567 5130
567 6035
567 6601
567 7413
567 8331
567 9734
567 9825
568 987
568 2002
568 3081
568 6589
568 7014
568 7598
568 8437
568 9632
569 1377
569 1975
569 2348
569 4165
569 6638
569 7757
569 8710
570 5243
570 6504
570 7938
570 8882
571 1787
571 2057
571 4461
571 5158
571 7605
572 4488
572 4916
572 5596
572 5839
572 9620
572 9909
573 633
573 1495
573 2498
573 3843
573 3948
573 4030
573 5327
573 6019
573 6984
573 9166
574 845
574 1467
574 1712
574 3273
574 4883
574 9687
575 1764
575 4897
575 5257
575 8713
575 9343
576 3962
576 4766
576 5049
576 8248
576 8840
576 9592
577 893
577 2771
577 4377
577 4693
577 5478
577 6553
577 6897
577 7513
577 8287
577 8940
578 6566
578 7850
579 729
579 2717
579 3503
579 5240
579 5989
579 7821
579 7957
580 4783
580 5164
580 7378
580 7654
581 2667
581 5126
581 8691
582 590
582 1364
582 1798
582 6548
582 6849
582 8219
583 635
583 1267
583 2570
583 2922
583 5345
583 8374
584 2244
584 6738
584 7388
584 8529
584 8773
584 9144
585 3009
585 3791
585 3994
585 8949
585 9238
585 9612
585 9946
586 1439
586 9668
587 2892
587 5042
587 6642
587 7506
588 1512
588 2203
588 3412
588 7084
588 9010
589 793
589 859
589 1050
589 2009
589 2165
589 2489
589 2704
589 4061
589 4556
589 4713
589 8600
589 8970
589 9139
589 9301
590 1030
590 4100
590 5748
590 6237
590 7373
590 7847
590 8518
590 8541
590 8769
590 9454
591 836
591 1378
591 1815
591 1984
591 2073
591 3516
591 3633
591 9168
592 4366
592 4538
592 5749
592 7777
592 9129
592 9234
592 9389
593 636
593 1376
593 3139
593 4490
593 4851
593 5298
593 6148
593 9542
594 2155
594 3112
594 3694
594 7198
594 7361
594 9236
594 9890
594 9895
595 777
595 2367
595 7585
595 8892
595 9084
595 9337
596 5032
596 5314
596 9088
597 802
597 4561
597 4730
597 8247
598 1471
598 5973
598 6791
598 7159
598 7912
598 9472
599 2012
599 6383
599 6718
599 7281
599 8731
600 2510
600 4214
600 5256
600 5473
601 1045
601 4042
601 4763
601 6026
601 7694
601 7795
601 8832
602 1640
602 3876
602 4386
602 4470
602 5490
602 5524
602 8597
602 9665
603 1414
603 2365
603 3356
603 3921
603 4780
603 6214
603 6408
604 3420
604 4872
604 5448
604 5632
604 8798
604 9616
605 968
605 1400
605 1952
605 8628
605 8991
606 1265
606 1540
606 3920
606 4664
606 8852
607 698
607 2906
607 3712
607 5929
607 7353
607 8683
607 9130
607 9755
608 1492
608 1918
608 3239
608 4848
608 5644
608 7251
609 5466
609 6394
609 7823
609 8724
610 1307
610 2654
610 2679
610 5914
610 7369
611 1551
611 2019
611 5422
611 7216
611 9868
612 1001
612 1080
612 2786
612 4728
612 6611
612 7363
612 9994
613 631
613 1232
613 1533
613 3760
613 4220
613 4565
613 4660
613 5309
613 5651
613 6620
613 6664
613 7162
613 7766
613 9303
614 1078
614 1314
614 2521
614 4004
614 6003
614 7130
614 7141
614 8620
614 9017
615 656
615 1582
615 1679
615 2103
615 2634
615 5786
615 9336
616 3453
616 5779
616 8391
616 8550
616 8736
616 9985
617 820
617 2486
617 3092
617 4633
617 4650
617 5417
617 7762
617 9989
618 2059
618 3584
618 3971
618 6422
618 6462
618 6999
618 7023
619 1073
619 7212
619 7594
619 9313
620 1063
620 1345
620 3556
620 4112
620 4179
620 5757
621 1048
621 7758
621 8137
622 1678
622 2769
622 5190
622 7570
623 1292
623 1302
623 3655
623 4849
623 5369
623 5413
623 6297
623 8586
624 1246
624 2272
624 2428
624 2672
624 3116
624 5171
624 7806
624 8638
625 1643
625 2100
625 3348
625 5627
625 6156
625 7052
625 7355
625 7732
625 9431
626 2655
626 6062
626 8776
627 1323
627 2688
627 7609
627 7919
627 9231
628 1506
628 1617
628 3978
628 6961
628 7497
629 5290
629 5707
629 7908
630 3856
630 4938
630 4960
630 6195
630 9881
631 6133
632 642
632 806
632 1380
632 6104
632 6191
633 671
633 2804
633 3984
633 5263
633 6091
633 6581
633 7591
633 8977
633 9052
633 9470
633 9727
634 1651
634 1822
635 971
635 1061
635 2793
635 5715
635 6626
635 7174
635 7976
636 1635
636 2430
636 2863
636 3874
636 4480
636 8908
636 9532
637 7587
638 6603
639 1189
639 5354
639 8232
640 2247
640 4431
640 4889
640 6319
640 6428
640 8045
641 2492
641 4355
641 5078
641 5347
641 6354
641 8850
642 2193
643 3344
643 4267
643 4918
644 1369
644 2309
644 2983
644 4803
645 1299
645 4038
645 5128
645 8739
646 4512
646 5272
646 8445
646 9761
647 3564
647 4563
647 5718
647 7510
647 7575
647 8899
648 2677
648 2944
648 3213
648 3553
648 4262
648 4618
648 5771
648 8251
648 9694
649 1250
649 1577
650 2378
650 2604
650 5445
651 907
651 1201
651 2411
651 2889
651 4505
651 7256
651 7817
651 8512
651 8969
652 1453
652 1901
652 3293
652 4799
652 5034
652 7843
652 9468
653 1178
653 4874
653 5878
653 6821
653 8388
653 8707
653 9721
654 709
654 791
654 2225
654 2358
654 3777
654 4548
654 4829
655 1848
655 2431
655 8640
656 2296
656 4005
656 8551
656 8903
657 1391
657 2448
657 3904
658 2294
658 2393
658 6234
658 6851
658 7382
658 7796
659 767
659 2297
659 2662
659 3778
659 4121
659 5937
659 6936
659 7032
659 7914
659 8406
659 8441
660 693
660 3827
660 4087
660 4597
660 8766
661 1035
661 1068
661 2227
661 2928
661 3606
661 4676
661 9064
662 2102
662 2326
662 5160
662 5950
662 7968
663 1483
663 2998
663 6310
663 6362
663 8637
663 8733
663 9199
664 5645
664 6155
664 8161
664 8883
665 2685
665 2933
665 5180
665 5740
665 6959
665 8719
665 9173
665 9539
666 4082
666 5252
666 5743
666 5960
666 9033
666 9095
666 9483
667 1006
667 5432
667 9333
667 9474
667 9691
667 9741
668 1198
668 4485
668 4581
668 5947
668 7334
669 3575
669 4525
669 7117
669 9480
670 7238
670 7326
670 9193
671 1876
671 4832
671 7483
672 1138
672 1949
672 2068
672 2984
672 3189
672 3611
672 4795
672 7514
672 8067
672 8831
673 1131
673 2675
673 3111
673 5425
673 5518
673 5532
673 8264
673 8470
674 6082
675 1340
675 1392
675 4032
675 4128
675 5464
675 6323
675 6790
675 7563
675 8093
675 9293
676 1375
676 7143
677 4346
677 4793
677 4854
677 5280
677 9228
678 3013
678 5067
678 8579
678 9099
679 4722
679 5074
679 5495
679 6445
680 1238
680 5889
680 6285
680 8744
681 1348
681 5499
681 8321
681 9097
682 5230
682 6380
682 7284
683 2426
684 1346
684 3572
684 9417
685 5138
686 1928
686 2179
686 3088
686 4932
686 5446
686 6127
686 7815
686 8194
686 8476
687 1933
687 2569
687 3391
687 5530
687 7252
688 1990
688 2025
688 2210
688 4396
688 5822
688 6269
688 8345
688 9598
688 9984
689 808
689 4573
689 6574
689 6841
689 8893
690 753
690 1140
690 6130
690 6440
690 6973
690 7983
690 9519
691 3231
691 3764
691 6804
692 950
692 3945
692 4599
692 5831
692 5920
692 9452
693 2115
693 3183
693 4491
693 4741
693 5787
693 6066
693 6182
693 9098
693 9966
694 1982
694 3506
694 3977
694 7615
694 9201
695 1033
695 1839
695 2788
695 3912
695 4204
695 6388
695 8177
695 9996
696 2398
696 8457
698 4606
698 7161
699 4842
699 7943
699 9008
700 859
700 7181
700 7450
700 8056
700 8160
700 9705
701 882
701 1587
701 1970
701 3019
701 3245
701 5944
701 6025
701 6686
701 7255
701 7970
701 8563
701 9032
701 9453
701 9740
702 7455
702 8064
702 8910
703 1034
703 9190
703 9383
704 4790
704 8994
704 9002
705 789
705 831
705 2433
705 8755
706 1927
706 2133
706 3703
706 5338
706 9673
707 1827
707 2657
707 3366
707 3899
707 4225
707 9770
708 3074
708 4209
708 6299
708 8670
709 1235
709 1268
709 2568
709 2811
709 3577
709 4559
710 2184
710 6632
710 9908
711 1675
711 2932
711 3931
711 4743
711 4981
711 8296
712 3232
712 3870
713 778
713 1539
713 3602
713 4917
713 9274
714 739
714 1416
714 1459
714 2459
714 6439
714 8180
714 8564
715 1937
715 3537
716 1676
716 8651
716 9269
717 1359
717 1494
717 4881
717 6034
717 6635
717 7674
718 749
718 1005
718 2749
718 3034
718 4240
718 7741
718 7951
719 8885
720 1219
720 5226
720 7309
721 1589
721 4571
721 6015
721 6453
721 7699
722 801
722 2689
722 8153
722 9515
723 1402
723 3093
723 6732
723 7470
723 8300
723 8463
723 9244
724 1103
724 1737
724 6360
724 6843
724 7613
725 3588
725 3613
725 9346
726 3720
726 6281
726 9437
727 2273
727 3470
727 5504
727 7184
728 1488
728 4911
728 8303
729 909
729 5300
729 6725
729 9465
729 9856
730 1210
730 2887
730 4016
730 4021
730 5955
730 6048
730 6115
730 7564
731 1723
731 4217
731 4611
731 5922
731 7666
731 9113
732 3499
732 4968
733 1889
733 2542
733 3017
733 4026
733 4572
733 4887
733 6023
734 1934
734 8126
734 8804
734 9079
735 4723
735 7013
735 7194
735 7447
735 7826
736 3687
737 1316
737 1864
737 2858
737 4507
737 4697
737 5790
737 5800
737 5818
737 6496
737 9870
738 4275
738 4552
738 8585
738 9541
738 9793
739 1997
739 4330
739 4937
739 7116
739 7892
740 6543
741 2119
741 3600
741 4188
741 4574
741 7452
741 7539
742 5037
742 5804
742 6885
742 8443
743 3866
743 4425
743 4757
743 5905
743 5924
743 8359
744 5155
744 5837
744 6974
744 7540
745 1637
745 1642
745 3515
745 3519
745 4320
745 6898
745 9584
746 763
746 813
746 2176
746 3929
746 4014
746 8667
746 9902
747 1907
747 3131
748 1422
748 2033
748 5092
748 5453
748 6831
749 4395
750 1899
750 2420
750 9574
750 9823
751 2936
752 1407
752 1665
752 2357
753 936
753 1067
753 1752
753 2450
753 4962
753 6248
753 6567
754 1824
754 4055
754 7475
754 7569
754 7662
754 9736
755 3024
755 4045
755 6877
756 1658
756 5578
756 9522
756 9837
757 1331
757 3882
757 5383
757 8827
757 9765
758 2131
758 5202
758 8572
758 9922
759 2948
759 3825
759 6063
760 829
760 1329
760 7312
760 7973
760 9699
761 4271
761 4445
761 8108
761 9020
762 3341
762 6836
762 9533
763 1199
763 3749
763 8062
763 8838
764 794
764 1135
764 5259
765 3411
765 3567
765 6322
765 7076
765 9235
765 9277
766 996
766 2248
766 4239
766 5451
767 1745
767 4815
767 9840
768 3120
768 3714
768 7435
768 9429
768 9937
769 1209
769 7164
770 1677
771 2732
771 4674
771 5550
771 7536
771 8907
772 995
772 5873
773 4357
773 5994
773 6291
773 9683
774 1027
774 1725
774 4406
774 4475
774 5416
774 6050
774 6558
774 7089
774 8281
775 2563
775 6940
775 7357
775 9400
776 2622
776 4080
776 6577
776 7335
777 1686
777 2457
777 3665
777 8037
777 8092
777 9318
777 9811
778 4438
778 8816
779 939
779 3838
779 5676
779 5872
779 8487
779 9712
780 2516
780 2794
780 9289
781 1155
781 3077
781 9899
782 1744
782 7172
782 9391
783 861
783 1590
783 1705
783 2228
783 2641
783 5001
783 7296
783 7297
783 8843
784 6258
784 7067
784 8389
785 1427
785 5009
785 8818
785 10000
786 2271
786 4901
786 5591
786 9450
786 9751
787 6162
787 6498
787 7011
787 7946
788 5510
789 1013
789 3158
789 3681
789 5234
789 5964
790 1066
790 2484
790 3456
790 5482
790 8124
790 8729
791 3972
791 6108
791 6682
791 9651
792 9334
793 1055
793 3237
793 5633
793 8745
794 3894
794 7242
794 8778
794 9348
795 997
795 1706
795 4051
795 4526
795 4811
795 9972
796 1189
796 5258
796 5512
796 6140
796 8169
796 9087
797 823
797 1015
797 5027
797 5781
797 9001
798 1481
798 3359
798 4421
798 5544
798 5772
798 6423
798 9518
798 9676
799 1115
799 5235
799 6941
799 8115
800 844
800 6757
800 7977
800 8499
801 1145
801 3770
801 6608
801 8335
801 8448
801 9116
802 1432
802 2802
802 3458
802 6832
803 8265
804 926
804 4479
804 4636
804 4951
804 5039
804 6871
804 7937
805 1474
805 1841
805 5127
805 5456
805 7434
806 7532
807 965
807 2084
807 6650
808 1032
808 4417
808 8058
808 9752
809 3300
809 3596
810 2064
810 7092
811 1372
811 3667
811 4195
811 4535
811 4945
811 6486
812 1512
812 2295
812 3901
812 6657
812 7984
813 1260
813 6089
813 6229
813 8536
814 1976
814 2158
814 2865
814 9339
815 826
815 1629
815 3713
815 4477
816 2670
816 3127
816 4273
816 5292
817 849
817 1778
817 6298
818 2950
818 5365
818 7708
820 1535
821 1688
821 2939
821 6911
821 6945
822 3817
822 8573
823 930
823 1879
823 5576
823 8059
823 8485
824 9631
824 9911
825 3224
825 3282
826 913
826 1058
826 1701
826 8053
826 8639
827 875
827 3766
827 8556
827 8980
827 9347
828 3557
828 4923
828 5420
829 2937
829 3867
829 4663
829 6667
829 7723
829 7782
830 4295
831 840
831 2015
832 6808
832 7891
832 8116
833 1837
833 4201
834 1541
834 1884
834 2123
834 2855
834 4662
834 6312
834 8385
835 3705
835 4974
835 5214
835 6136
835 9601
836 2511
836 4027
836 6900
836 7737
837 2157
837 2525
837 9425
838 1230
838 1329
838 4283
839 908
839 1190
839 2465
839 4473
839 8404
839 9861
840 6596
840 6660
840 8565
841 906
841 4015
841 6218
841 8588
842 2478
842 2585
842 4474
842 6228
843 1201
843 1455
844 3076
844 3725
844 9801
845 3560
845 4980
845 8109
846 1548
847 2476
847 3327
847 7614
847 7713
848 1929
848 3757
848 4069
848 7288
848 7490
849 2380
849 3290
849 8610
850 894
850 4669
851 3723
851 5380
851 6813
851 7189
852 2410
852 9305
852 9942
853 8844
854 4765
854 5497
854 7691
855 8688
856 1052
856 9254
857 869
857 1065
857 1103
859 3256
859 3471
859 5875
859 7191
860 1217
860 2526
860 5720
860 8218
861 3177
861 5131
861 5325
861 5736
861 6452
861 6967
861 7755
862 3354
862 9444
863 1498
863 4147
863 7403
864 1029
864 1543
864 9662
865 4464
865 5602
865 6078
865 7809
865 9102
866 3763
866 5362
866 9816
867 4927
867 9722
867 9805
868 5982
868 9125
869 1719
869 2347
869 5603
869 8133
870 2215
870 5152
870 7217
871 2644
871 3497
871 7178
871 9074
872 3188
872 5629
872 6224
872 7058
873 1186
873 4472
873 5251
873 7974
873 8195
876 972
876 2524
876 8283
876 9557
877 2139
877 3433
877 6099
877 8365
878 4949
878 9341
878 9977
879 1072
879 5747
879 8938
880 1193
880 7073
881 3330
881 6944
881 7714
882 2132
882 4514
882 5428
882 7003
882 9512
883 6765
884 2820
884 6465
885 1093
885 5890
885 7071
885 7502
886 1722
886 2148
886 6314
886 6368
886 6955
886 7829
887 5963
888 2374
888 6347
888 6903
888 7693
889 1394
889 2308
889 2668
889 4172
889 4482
889 6524
889 7262
889 8270
889 8909
890 2078
890 8198
891 1875
891 8125
892 5974
892 7519
892 8943
892 9212
892 9593
892 9666
894 6544
894 6792
894 7902
894 8931
895 1354
895 3580
895 4859
896 1306
896 3090
896 6852
897 985
897 3790
898 1038
898 2584
898 4688
898 6337
899 5686
899 6535
900 4234
900 4797
900 5319
900 5598
900 6471
900 7673
900 8256
901 3528
901 3642
901 6890
903 1024
903 1129
903 2124
903 4198
903 4701
903 8261
904 1996
904 2313
904 2565
904 3436
904 3918
904 3993
904 4160
904 4321
904 5353
904 8199
905 5124
905 6659
905 9053
906 2213
907 2319
907 4238
907 6479
907 6859
908 1056
908 3756
908 4116
908 7665
908 8864
908 9624
909 934
909 3296
909 4465
909 5946
909 9281
909 9969
910 1972
910 2229
910 2239
910 2821
910 5623
910 6545
911 5653
911 6475
911 7606
912 937
912 959
912 2784
912 4180
912 6457
912 8601
912 9590
913 8088
914 2275
914 4040
915 2140
915 3522
915 5695
915 6345
916 1375
916 6913
917 934
917 1430
917 3234
918 1206
918 5938
918 6017
918 8368
918 8887
919 1223
919 5025
919 5334
919 5985
919 7259
920 3592
920 5513
920 6782
921 1704
921 4436
921 8191
922 2345
922 3541
922 6717
922 7545
922 7744
922 9583
923 1255
923 4020
923 6606
923 7087
923 7486
923 8746
924 9395
925 3727
925 3736
925 5173
925 6676
925 7016
926 3244
927 3648
928 5047
929 2114
929 5927
929 7920
929 9846
930 6119
930 7431
931 5642
931 8677
931 9548
932 1237
932 1492
932 4592
933 1623
934 3693
934 5618
934 7527
935 1244
935 2289
935 8987
936 5841
936 5870
936 8527
937 7004
938 1188
938 1454
938 2722
938 5711
939 3358
939 4489
939 5652
939 7753
939 8593
940 2280
940 2973
940 6160
940 9216
941 6892
941 8066
942 1157
942 5107
942 6957
943 1088
943 4261
943 8022
945 1233
945 3656
945 4422
945 5140
945 6167
945 7494
946 3383
946 6236
946 7105
946 9693
947 1426
947 5322
947 6107
947 7354
948 1311
948 7394
948 8344
949 965
949 1681
949 1724
949 3336
950 4771
950 8013
951 1890
951 2795
951 4993
951 6651
951 6985
951 7427
951 7764
951 8173
951 9774
952 1252
952 6400
952 7022
953 1226
953 4233
953 4857
953 6705
953 7685
954 2089
954 2172
954 4163
954 7379
954 9669
955 3091
955 7317
956 971
957 8048
957 8080
957 8625
958 5551
958 7566
959 2705
960 1755
960 3916
960 4156
961 8061
962 1836
962 4224
963 4010
963 9386
964 2050
964 2101
964 3797
965 1556
965 3884
965 3909
965 3970
965 4637
965 8355
965 8429
966 1403
966 3919
967 1567
967 6829
967 7321
968 9172
969 4471
969 8100
970 1684
971 2582
972 3968
973 8875
974 1085
974 3288
974 5979
974 7155
975 1974
975 5392
975 5630
975 9716
976 2399
976 6278
977 1431
977 8582
977 9109
978 1808
978 3168
978 6273
979 4794
979 7192
980 1971
980 3631
980 9378
981 1483
981 6047
982 1713
982 4243
983 2853
983 7270
984 5883
984 7883
985 1636
985 2664
985 3830
985 5018
985 6199
986 2423
986 6434
986 8902
987 4031
988 3996
988 4333
988 8405
989 3169
989 6313
989 6623
990 8328
991 1043
991 1265
991 5934
991 6546
993 2844
993 6068
994 9219
995 1482
995 5238
995 5674
996 6643
997 2407
997 3054
997 6805
998 3814
999 1033
999 2700
999 3967
999 4388
999 6321
1000 2504
1000 6679
1000 7592
1000 9214
1001 3546
1001 7440
1002 1116
1002 2716
1002 3772
1002 7406
1003 3418
1003 9256
1004 1703
1004 1749
1004 5139
1004 7202
1004 7743
1005 1697
1005 6144
1005 6929
1005 7710
1005 7725
1005 7989
1005 9866
1006 6279
1007 1675
1007 6915
1008 1917
1008 3328
1008 4649
1008 8364
1008 8382
1009 4337
1011 6306
1011 6525
1012 2167
1012 7170
1014 1061
1014 1382
1014 3883
1014 8954
1015 8502
1015 9126
1016 2929
1016 5331
1017 6470
1017 7776
1018 4184
1018 9427
1018 9898
1019 5277
1019 5896
1020 1473
1020 2234
1020 2826
1020 3291
1020 4250
1021 1251
1022 1256
1022 3957
1022 5803
1023 5582
1024 4612
1024 5832
1024 6678
1024 9312
1025 2259
1025 4896
1026 1219
1026 4033
1026 4876
1026 6205
1026 9104
1027 6564
1027 6825
1027 7669
1027 8521
1027 9287
1027 9953
1028 2765
1028 4852
1029 7645
1030 5744
1030 6485
1030 9194
1030 9724
1031 7835
1031 9543
1032 2232
1033 2205
1033 6447
1033 7157
1034 9857
1035 4187
1036 2145
1036 7778
1037 7156
1037 8530
1038 8616
1039 1126
1040 7998
1040 8111
1040 8465
1042 1366
1042 4952
1042 5650
1043 1599
1043 3033
1044 1172
1044 6575
1045 6401
1045 9047
1045 9198
1046 1094
1046 2509
1046 2559
1046 2851
1046 3443
1046 4909
1046 8023
1046 8911
1046 9415
1047 1719
1047 1881
1047 4845
1048 2231
1049 1900
1051 8997
1051 9663
1052 4694
1052 7574
1052 7772
1052 8047
1053 5485
1054 5068
1054 7124
1054 7719
1056 1300
1056 7834
1057 1067
1057 4319
1058 5634
1058 9145
1058 9821
1059 1133
1059 2240
1059 5792
1059 6131
1059 8122
1060 4463
1060 8695
1061 4277
1061 6793
1061 7396
1062 4325
1062 5337
1062 8380
1063 7650
1064 4288
1064 5269
1064 7008
1064 9838
1065 1606
1065 3680
1065 3722
1065 5834
1065 7028
1065 8612
1066 4878
1066 6860
1066 7910
1067 1738
1067 8897
1068 4894
1068 8689
1069 7541
1070 4624
1070 5536
1070 5731
1071 2024
1072 4709
1072 8223
1072 9284
1073 8010
1075 1355
1075 3339
1075 7074
1076 1645
1076 6072
1077 2626
1077 3486
1078 4372
1078 7121
1078 8135
1078 9566
1079 7298
1079 7800
1080 2479
1080 2665
1080 3775
1080 7825
1081 2899
1081 4985
1081 9388
1082 1130
1082 2079
1082 3180
1082 5002
1082 8853
1083 1437
1083 6132
1084 1225
1084 1558
1085 5968
1085 9478
1086 7736
1087 3010
1087 8822
1088 5284
1088 6102
1088 7409
1089 7367
1090 2503
1090 4972
1090 5597
1090 6031
1090 8143
1091 5157
1092 4788
1093 1435
1094 1399
1094 3880
1094 9647
1095 2218
1095 5469
1096 6402
1096 9677
1097 5971
1097 7005
1097 9262
1097 9973
1099 1677
1099 2434
1100 5153
1100 8458
1102 2800
1102 6844
1102 9005
1103 4012
1103 7617
1104 3590
1104 4327
1104 9766
1104 9817
1105 3248
1105 8299
1105 9457
1106 4368
1106 5163
1107 4481
1107 4825
1107 5654
1107 9936
1108 2543
1108 8520
1109 7416
1109 9851
1110 2841
1110 5826
1110 7940
1111 3087
1112 5491
1113 2325
1113 3159
1114 1673
1114 2245
1115 1194
1115 2334
1115 8726
1116 3902
1116 4720
1116 8671
1117 5275
1117 6647
1118 1381
1119 1816
1120 3423
1120 8392
1121 5461
1121 8015
1121 8094
1122 4094
1122 6943
1123 1698
1123 4913
1123 5923
1124 3325
1124 5588
1124 6489
1124 7642
1125 1916
1125 6002
1126 5219
1126 6586
1126 8918
1127 2838
1127 3337
1128 1326
1128 3352
1128 3940
1128 4673
1128 4781
1129 5429
1129 8615
1130 6767
1131 4219
1132 1625
1132 5348
1133 5585
1134 9025
1134 9507
1135 3833
1135 4420
1135 5142
1135 6335
1136 2071
1136 2087
1136 3174
1137 6499
1137 9114
1138 2822
1138 7302
1139 2837
1140 5349
1140 5435
1140 6828
1141 1772
1141 7478
1142 1158
1143 9581
1144 1303
1144 3502
1145 2134
1146 1458
1146 5097
1146 6668
1147 1881
1147 3488
1147 3860
1148 2419
1148 4824
1150 7993
1151 5660
1151 6101
1152 1513
1152 3277
1153 4186
1153 5260
1153 6456
1153 7715
1154 1416
1154 3191
1154 4961
1157 2839
1157 7593
1157 9327
1159 3524
1159 7048
1159 7509
1160 2483
1160 2818
1160 5996
1160 9893
1160 9932
1161 1514
1161 5054
1163 6011
1163 8089
1163 8346
1163 9749
1164 6636
1166 2733
1166 3260
1167 6094
1167 7517
1169 8278
1170 1474
1170 1620
1170 5612
1171 2152
1171 9461
1172 9335
1173 1497
1173 3798
1173 5925
1173 7372
1173 9570
1174 1470
1174 5574
1175 1833
1175 5498
1176 6459
1176 7804
1176 9497
1177 5611
1178 6572
1179 5519
1179 9011
1180 1374
1180 1634
1180 1844
1182 2703
1182 9092
1182 9595
1183 1276
1183 1768
1183 4846
1184 9059
1185 1312
1185 6013
1185 6216
1185 8275
1186 2403
1186 8599
1187 1981
1187 2629
1187 3923
1187 6522
1188 9150
1189 3688
1189 5852
1189 7482
1190 9247
1191 2212
1192 8230
1192 9285
1193 1370
1193 1969
1193 9706
1194 4111
1194 5997
1194 6848
1195 1850
1195 2222
1195 2556
1195 4652
1195 5087
1196 1755
1196 3795
1197 7548
1197 7559
1197 8414
1198 1660
1198 1797
1199 1588
1199 9923
1200 1388
1201 1801
1201 8290
1201 9467
1202 7407
1203 4379
1203 4566
1203 6014
1203 8323
1205 4873
1205 4959
1205 8482
1206 2974
1206 8142
1207 3068
1207 3840
1208 8411
1209 2091
1209 2206
1209 6568
1209 8533
1210 5022
1210 6309
1211 5913
1211 8217
1212 2651
1212 3872
1212 9133
1214 5509
1215 6366
1215 8007
1217 8788
1218 1596
1218 8229
1219 2180
1220 3593
1220 4119
1221 3190
1222 2582
1222 5183
1222 9382
1225 2780
1225 4000
1225 5766
1225 9206
1226 3622
1226 8624
1227 1649
1229 2596
1229 5339
1229 6861
1230 6340
1231 4223
1231 6466
1231 7683
1231 9501
1232 3268
1233 2817
1233 4523
1234 1286
1234 1367
1234 2952
1236 6325
1236 6371
1237 4145
1237 7082
1238 6618
1238 9949
1239 7562
1240 2531
1240 6901
1240 9888
1241 4467
1242 6628
1242 8215
1242 9754
1243 5125
1244 4833
1244 6016
1244 7897
1244 8660
1245 7786
1246 3138
1246 3163
1246 4247
1247 2825
1247 5846
1248 1388
1248 4397
1248 5071
1249 2803
1249 3427
1250 3164
1251 2381
1251 9045
1252 1765
1252 7818
1253 3349
1255 5066
1255 6430
1255 7845
1257 1478
1257 4828
1258 2921
1260 3235
1261 2485
1261 6328
1262 8829
1263 3292
1264 2848
1264 5203
1264 8415
1265 8869
1266 9424
1267 6022
1267 7928
1268 1988
1268 4153
1269 2597
1269 7584
1271 6978
1272 4447
1272 5364
1272 6989
1272 8951
1273 3539
1275 7995
1276 1568
1277 8631
1279 1301
1279 1818
1279 4105
1280 1360
1280 3691
1280 9926
1281 9320
1282 9179
1282 9621
1282 9707
1283 1711
1283 7147
1283 8780
1284 2168
1284 7531
1284 8063
1285 5666
1285 6390
1285 6539
1285 8430
1286 2192
1286 2916
1287 2342
1288 7496
1288 8129
1288 9674
1289 1795
1290 2799
1290 2971
1290 9896
1293 3615
1293 9810
1294 9502
1295 6702
1295 7906
1296 6823
1297 8258
1298 2098
1298 6426
1298 7444
1298 7756
1298 8289
1299 2995
1299 3824
1302 5635
1302 9897
1303 5100
1303 8947
1304 8082
1305 8291
1307 5961
1308 6477
1310 3214
1311 1909
1311 2900
1313 2988
1313 3848
1313 5225
1315 7733
1315 8120
1316 2790
1316 3410
1316 7660
1317 3815
1317 7832
1318 6067
1319 2425
1320 1498
1320 4706
1320 8394
1321 6152
1321 7221
1322 2055
1325 4620
1325 8001
1325 9225
1326 6271
1327 3202
1327 8418
1328 9797
1329 3476
1329 8326
1329 9723
1331 4892
1332 5136
1333 1368
1333 5817
1334 3473
1334 9826
1335 1972
1335 9246
1336 8754
1337 1674
1337 5079
1337 8172
1337 9366
1337 9787
1338 2250
1338 3441
1338 5726
1340 8735
1343 7623
1344 2779
1345 2283
1346 9270
1348 4151
1348 5885
1349 5340
1349 5556
1349 9920
1350 9435
1350 9906
1351 1441
1352 9015
1354 6318
1356 4751
1356 6649
1356 9105
1356 9253
1357 4696
1358 7529
1359 1644
1359 6514
1359 7624
1360 4615
1360 8266
1361 5738
1362 5227
1363 4666
1363 6771
1364 5328
1364 6289
1366 2285
1367 6110
1369 2816
1369 5484
1371 7543
1371 7730
1372 1655
1372 2989
1372 6247
1372 9738
1373 6992
1374 1860
1374 4700
1374 4752
1374 9571
1375 2923
1375 5179
1378 3841
1378 5315
1379 3119
1379 8081
1380 2181
1380 5895
1381 2723
1383 8042
1384 4130
1386 5293
1387 1664
1387 5750
1388 7283
1388 9024
1389 4503
1390 9342
1390 9639
1391 3070
1391 4753
1393 1846
1393 2284
1393 2540
1393 5706
1395 3663
1395 4907
1395 4998
1395 9141
1398 1412
1399 3264
1399 3670
1399 4067
1400 4469
1402 3922
1404 3626
1404 4969
1404 7667
1405 1442
1405 2224
1406 2045
1407 1531
1407 2408
1407 5560
1408 2146
1409 4393
1412 5017
1413 8175
1414 3627
1416 6582
1416 9215
1417 3525
1417 4363
1418 6029
1421 6283
1423 5981
1426 3242
1426 8419
1428 2649
1428 9948
1429 2707
1429 5363
1430 6049
1432 6578
1433 3148
1433 7472
1434 7867
1435 4502
1437 9509
1438 3726
1438 5055
1439 9606
1442 2279
1443 3257
1443 7576
1444 3374
1444 9187
1446 4899
1447 7122
1447 7295
1448 7852
1450 3864
1450 5584
1451 9062
1452 5195
1452 5370
1455 2981
1455 3849
1459 7289
1459 9561
1460 7274
1461 3801
1461 4920
1462 7997
1463 5488
1463 9083
1464 9398
1466 3233
1466 8814
1467 3630
1467 9803
1469 2986
1469 5021
1469 7412
1470 5480
1471 1962
1471 8929
1472 5936
1473 8681
1475 3930
1476 4658
1476 8038
1478 6970
1481 5617
1483 4648
1483 7720
1485 9493
1486 6531
1486 8073
1487 7338
1488 6988
1490 7901
1492 2869
1492 6255
1492 6461
1493 2431
1496 5389
1497 7680
1497 8936
1498 9127
1501 5998
1501 7239
1501 7752
1501 9068
1502 2574
1502 4819
1503 3072
1505 8539
1506 4789
1506 8298
1506 9756
1507 6490
1507 8294
1508 8791
1510 1853
1512 2361
1513 6320
1514 2772
1515 3808
1515 6662
1516 9372
1517 5187
1517 7588
1518 7112
1519 3809
1523 8594
1524 2075
1524 3130
1524 3205
1526 7600
1527 9330
1529 7963
1530 3812
1531 5089
1532 6334
1532 8772
1533 5555
1534 4003
1535 6061
1536 4410
1537 1938
1537 7637
1539 6021
1539 7626
1540 9957
1541 3589
1542 4341
1543 7864
1543 8018
1545 5344
1545 7456
1548 2681
1550 5788
1556 5888
1557 6734
1559 2051
1559 8896
1559 9845
1560 2997
1560 5224
1561 3938
1561 6009
1563 2187
1563 2783
1565 8425
1566 4213
1568 8314
1568 8723
1569 4429
1571 3063
1571 6976
1573 7453
1577 2469
1578 4287
1579 3784
1579 9848
1581 9773
1583 6294
1583 7169
1584 7866
1591 5211
1593 2281
1595 6386
1599 3194
1600 3743
1600 6501
1601 1826
1601 1847
1602 6774
1603 3461
1603 7383
1606 5954
1606 8609
1608 3306
1612 6122
1613 7077
1614 2072
1615 2416
1616 2196
1617 3129
1619 5965
1619 8311
1620 7789
1621 2864
1624 3147
1626 5148
1627 6172
1627 8057
1628 2001
1628 7579
1628 7805
1628 9944
1630 4957
1631 1636
1631 6200
1632 7546
1633 4689
1633 8558
1634 8605
1639 1713
1642 8583
1644 1947
1646 3618
1646 4102
1648 3240
1648 7385
1649 1960
1649 6403
1650 3027
1650 5377
1651 5851
1651 9607
1654 7769
1655 4484
1655 6350
1658 2812
1658 5094
1665 6118
1666 2628
1668 7913
1670 2445
1672 6908
1678 5806
1680 1955
1682 6631
1682 7558
1683 3360
1685 9276
1688 4943
1688 9979
1689 2062
1689 8608
1692 1948
1692 2993
1693 7207
1696 1828
1697 7893
1697 8259
1702 1987
1702 4816
1702 4992
1703 5548
1703 9294
1703 9525
1705 4076
1707 1969
1707 4966
1708 8965
1709 9537
1712 6935
1716 3166
1717 9340
1718 3730
1721 8083
1722 9163
1723 5710
1725 3796
1727 7313
1730 3605
1731 3538
1732 8192
1733 5005
1734 2908
1734 3345
1735 7966
1736 3729
1737 1968
1738 8557
1738 9940
1740 6505
1740 8998
1741 3286
1742 3044
1743 4036
1744 8186
1747 6307
1748 2507
1748 8421
1749 2460
1749 6700
1752 5745
1755 4736
1757 8021
1758 2376
1759 8917
1760 3878
1762 2510
1763 9812
1767 6964
1769 1818
1769 2007
1775 1789
1779 7631
1780 8990
1781 9633
1784 2603
1784 8779
1789 7709
1789 8763
1795 6583
1796 3819
1798 2727
1798 7148
1800 9711
1803 2417
1808 7552
1809 2452
1809 6385
1810 2473
1812 2237
1812 8652
1813 4955
1815 2895
1815 9258
1820 6762
1821 6435
1821 9272
1822 8889
1826 7874
1827 9882
1828 2829
1831 5502
1836 5868
1838 9775
1839 3926
1840 4025
1840 6480
1840 9671
1841 3455
1841 4977
1843 2760
1845 2980
1846 3715
1846 9223
1848 9713
1849 2301
1850 3664
1854 8148
1856 2217
1859 2337
1859 4370
1860 2725
1860 5401
1861 4380
1866 5167
1878 2774
1878 5359
1880 7873
1882 6713
1883 4345
1883 4839
1884 6946
1885 7589
1886 2759
1888 2417
1888 2502
1891 1970
1892 5528
1893 2258
1894 5756
1896 5986
1899 7689
1901 4646
1902 9904
1904 5105
1905 8999
1907 3540
1907 6467
1912 3227
1913 4263
1914 3446
1918 5894
1918 6585
1929 9299
1930 3517
1932 6058
1934 4950
1935 6975
1936 4958
1938 2744
1940 8971
1944 5746
1945 8155
1947 7721
1948 5061
1948 5185
1951 3981
1953 7860
1953 8030
1955 4451
1955 4580
1957 9426
1962 4437
1964 8824
1965 6230
1968 5784
1973 3067
1975 4205
1978 2009
1989 7114
1989 7880
1992 6158
1994 5385
1997 3737
2002 5626
2005 4114
2005 6124
2007 7718
2013 3152
2014 8480
2015 9132
2016 9786
2021 4895
2022 3562
2024 3338
2028 3285
2030 3859
2030 8569
2031 9328
2032 2373
2033 4930
2042 4530
2042 8945
2045 3750
2046 3165
2047 6812
2049 4487
2050 9829
2058 9291
2069 2288
2069 6427
2070 2880
2070 8643
2071 3121
2079 4078
2081 7703
2085 2887
2086 7030
2087 4493
2089 2875
2092 9563
2097 5166
2098 8095
2104 4257
2104 9764
2108 8705
2110 7827
2120 4712
2121 2324
2125 4323
2128 2797
2131 4821
2132 3414
2139 2413
2139 9753
2159 8847
2164 7405
2167 8532
2183 4424
2184 2731
2185 2379
2192 8682
2196 8202
2202 6146
2206 4632
2206 9767
2209 7904
2216 2653
2216 7840
2217 5452
2219 3692
2223 9148
2233 3586
2233 6399
2236 3550
2238 7086
2243 5949
2244 6398
2249 4107
2253 5414
2255 5133
2259 3317
2265 5060
2272 3949
2274 6484
2276 2677
2284 5733
2287 9221
2290 9290
2291 8407
2297 3143
2299 2642
2300 7854
2305 9576
2322 5579
2324 8131
2331 4103
2336 4623
2338 9839
2341 7327
2347 4737
2357 8534
2357 9374
2367 8150
2384 7678
2387 8830
2390 7748
2413 9538
2434 4905
2436 8747
2441 4511
2441 9732
2446 7328
2459 4661
2459 7819
2464 3464
2466 7770
2503 8469
2504 3301
2505 7830
2512 6594
2513 6513
2513 8817
2519 3133
2527 4500
2545 5876
2552 3609
2570 9135
2589 3031
2590 6028
2591 2879
2591 3298
2600 5232
2608 5958
2613 5624
2624 4231
2714 3246
2740 3010
2745 6739
2749 6168
2749 6745
2756 2934
2761 2856
2773 8336
2776 9161
2804 4307
2830 9834
2832 6847
2847 9338
2858 5678
2859 7308
2905 5372
2906 7859
2915 8424
2925 9185
2927 7899
2941 4838
2984 3624
3019 8383
3041 8112
3043 7651
3209 6888
3310 9924
3315 4148
3329 4182
3369 4603
3377 4653
3420 4922
3438 5165
3491 5928
3722 9718
3879 3936
3971 8924
5028 6244
