1 80
1 308
1 564
1 812
1 1424
1 1524
1 1862
1 2135
1 2372
1 2551
1 2842
1 2914
1 3162
1 3396
1 3765
1 4133
1 4212
1 4601
1 4807
1 5447
1 5730
1 5861
1 5971
1 6112
1 8661
1 8727
1 9552
1 9633
2 666
2 782
2 1217
2 1362
2 2031
2 3449
2 3953
2 4212
2 4369
2 4472
2 4917
2 5677
2 7078
2 8707
2 9180
2 9492
3 235
3 839
3 1104
3 1566
3 1877
3 2061
3 2533
3 2538
3 2722
3 2844
3 2862
3 2869
3 3090
3 3389
3 3927
3 4157
3 4281
3 4834
3 5070
3 5895
3 6136
3 6208
3 6456
3 7041
3 7403
3 7573
3 7685
3 8082
3 8558
3 8847
3 9025
3 9129
3 9267
4 346
4 1213
4 1661
4 2105
4 2222
4 3115
4 3919
4 3926
4 5458
4 5630
4 6868
4 7786
4 7812
4 7948
4 7950
4 8031
4 8214
4 8359
4 8523
4 9035
4 9378
5 607
5 632
5 952
5 1677
5 2107
5 2308
5 2379
5 2735
5 2800
5 2818
5 3039
5 3097
5 3794
5 3933
5 4731
5 5273
5 5570
5 5999
5 6447
5 7011
5 7284
5 7307
5 7654
5 7867
5 8215
5 9035
5 9124
5 9179
5 9508
6 254
6 347
6 1363
6 2353
6 3035
6 3688
6 3762
6 3997
6 4400
6 4734
6 5127
6 5263
6 5431
6 5500
6 5647
6 6062
6 7030
6 7411
6 7673
6 7863
6 8944
7 249
7 1242
7 1398
7 2489
7 2870
7 3281
7 3373
7 3725
7 3884
7 4246
7 4496
7 4958
7 5569
7 6143
7 6314
7 6475
7 6555
7 6673
7 7388
7 7457
7 7661
7 7739
7 8358
7 9105
7 9328
7 9627
8 137
8 551
8 802
8 1116
8 1124
8 1654
8 2083
8 2113
8 2238
8 2875
8 4006
8 4035
8 5242
8 5873
8 5888
8 6492
8 7126
8 7290
8 7587
8 7798
8 8769
8 8776
8 9021
8 9298
8 9306
8 9540
8 9745
9 878
9 962
9 1290
9 1300
9 1381
9 2084
9 2200
9 2441
9 3692
9 3944
9 4693
9 4941
9 5782
9 6183
9 6340
9 6598
9 6713
9 6819
9 7198
9 7309
9 7342
9 8441
9 8655
9 8817
9 8973
9 9095
9 9543
9 9755
9 9942
10 11
10 233
10 2489
10 3104
10 3291
10 3764
10 4230
10 4236
10 4339
10 4778
10 4931
10 6171
10 6296
10 6847
10 7110
10 7628
10 7795
10 7990
10 8092
10 8162
10 8425
10 9662
10 9963
11 22
11 567
11 1694
11 2646
11 3686
11 3831
11 4147
11 4575
11 5027
11 5098
11 5705
11 5903
11 6252
11 6617
11 6827
11 7084
11 7224
11 7259
11 7860
11 8453
11 8619
11 9368
11 9524
11 9862
11 9890
12 876
12 997
12 1620
12 3239
12 3546
12 4485
12 4762
12 4848
12 5110
12 5289
12 5730
12 5997
12 6282
12 6466
12 7112
12 7886
12 8608
12 9334
12 9563
13 685
13 1365
13 2308
13 2390
13 2404
13 2769
13 2859
13 3486
13 4259
13 4521
13 4782
13 5124
13 6986
13 7262
13 7363
13 7682
13 8071
13 8402
13 8621
13 8679
13 8948
13 8953
13 9245
13 9700
13 9706
14 574
14 639
14 759
14 802
14 977
14 999
14 1532
14 2104
14 2384
14 2455
14 2746
14 3152
14 4421
14 4502
14 4524
14 4623
14 4751
14 4988
14 5027
14 5060
14 6134
14 6469
14 6559
14 6883
14 6917
14 6968
14 7209
14 7589
14 8045
14 8056
14 8909
14 9401
14 9650
14 9706
14 9833
14 9883
14 9968
15 154
15 765
15 820
15 1199
15 1355
15 1546
15 2962
15 3550
15 3930
15 4560
15 5401
15 5457
15 5787
15 6056
15 6112
15 6123
15 6865
15 7057
15 7602
15 8544
15 9210
16 594
16 606
16 763
16 852
16 1206
16 1563
16 1811
16 1826
16 2624
16 2727
16 3033
16 3199
16 3765
16 3782
16 4306
16 4343
16 4476
16 5139
16 5493
16 5901
16 5959
16 6366
16 6638
16 7100
16 7159
16 7808
16 8267
16 8306
16 8377
16 8460
16 8732
16 9468
16 9581
16 9831
17 116
17 193
17 416
17 545
17 815
17 878
17 1085
17 1207
17 1226
17 1392
17 1651
17 1982
17 2000
17 2171
17 2335
17 3002
17 3144
17 3296
17 3872
17 3952
17 4380
17 5187
17 5649
17 5786
17 5904
17 6664
17 7074
17 7463
17 8103
17 8526
17 8918
17 8950
17 9491
18 700
18 759
18 882
18 1747
18 1957
18 2821
18 3151
18 3540
18 4046
18 4214
18 4239
18 4663
18 5087
18 5193
18 5345
18 6048
18 6951
18 7423
18 7690
18 8308
18 8465
18 9370
18 9631
18 9750
18 9772
19 24
19 1026
19 1226
19 1589
19 2395
19 3253
19 3659
19 4400
19 4507
19 4534
19 4834
19 5648
19 5811
19 5936
19 6205
19 6341
19 7171
19 7337
19 8565
19 8608
19 8693
19 8736
19 8832
19 9101
19 9397
20 402
20 575
20 600
20 1098
20 1795
20 2400
20 2420
20 2480
20 3631
20 4612
20 4895
20 5350
20 5387
20 5401
20 5662
20 6067
20 6487
20 6511
20 6764
20 7545
20 7737
20 8774
20 9568
20 9663
20 9775
21 229
21 1320
21 1664
21 2125
21 2398
21 3716
21 3779
21 3790
21 3800
21 3869
21 3921
21 4209
21 4318
21 4402
21 4554
21 4585
21 5199
21 5344
21 5827
21 6699
21 6729
21 6910
21 7426
21 7446
21 7470
21 8299
21 8427
21 8439
21 8651
21 8676
22 698
22 1019
22 1322
22 1939
22 1942
22 2337
22 3509
22 3849
22 4200
22 4479
22 4773
22 5154
22 5694
22 5854
22 6005
22 6457
22 6531
22 6756
22 7433
22 7618
22 7666
22 7679
22 8406
22 8480
22 9268
22 9436
22 9747
23 641
23 670
23 1217
23 1377
23 1967
23 2610
23 3581
23 4328
23 4404
23 4728
23 4820
23 7465
23 7779
23 7822
23 8007
23 8745
23 8825
23 8941
24 49
24 703
24 1478
24 2769
24 3513
24 3737
24 5120
24 6015
24 6293
24 6534
24 7201
24 7519
24 7670
24 8111
24 8566
24 8587
24 9363
24 9719
25 320
25 554
25 695
25 698
25 1082
25 1271
25 1763
25 2199
25 2612
25 3023
25 3326
25 3788
25 4284
25 5091
25 5865
25 6238
25 7197
25 7324
25 8551
25 8590
25 8688
25 8699
25 9039
25 9544
26 176
26 284
26 297
26 465
26 873
26 1472
26 1742
26 2618
26 2795
26 3322
26 3604
26 4419
26 4515
26 4977
26 5134
26 5230
26 5686
26 6085
26 6239
26 6447
26 6911
26 7002
26 7627
26 7702
26 7716
26 7930
26 7996
26 8464
26 8931
26 9228
26 9643
26 9742
27 815
27 1170
27 1665
27 2499
27 2692
27 2898
27 3075
27 4276
27 4405
27 4876
27 5535
27 6424
27 7304
27 7568
27 7853
27 7992
27 9065
27 9100
27 9386
27 9893
28 560
28 935
28 1134
28 1686
28 1991
28 2429
28 2642
28 2998
28 3086
28 3307
28 3621
28 4019
28 4458
28 4764
28 5107
28 5175
28 5267
28 5537
28 5650
28 6769
28 6884
28 7889
28 8709
28 9186
28 9975
29 243
29 527
29 559
29 1031
29 1322
29 1509
29 1868
29 2473
29 3408
29 3517
29 3749
29 3768
29 4253
29 4653
29 5272
29 5392
29 6141
29 6316
29 6779
29 6895
29 7055
29 7070
29 7326
29 7542
29 8121
29 8393
29 8491
29 8646
29 8749
29 9951
30 54
30 530
30 1270
30 1944
30 4557
30 6959
30 7360
30 7481
30 7941
30 7993
30 8061
30 8747
30 8966
30 9192
30 9253
30 9967
31 87
31 133
31 367
31 391
31 1013
31 1071
31 1215
31 1531
31 2486
31 2739
31 3082
31 3509
31 3554
31 4527
31 4606
31 5196
31 5335
31 5527
31 5767
31 7027
31 7765
31 7999
31 8687
31 8877
31 8985
31 9014
31 9554
31 9770
31 9927
32 507
32 968
32 1637
32 1768
32 2278
32 2558
32 2839
32 3054
32 3178
32 3263
32 3517
32 3534
32 3690
32 4627
32 5200
32 5714
32 5721
32 5796
32 5826
32 6103
32 6345
32 7454
32 8040
32 8328
32 9087
32 9130
32 9239
32 9754
33 601
33 1212
33 1342
33 1811
33 2268
33 2424
33 2552
33 2815
33 3107
33 4002
33 5279
33 5366
33 6025
33 6625
33 8233
33 8471
33 8577
33 8884
34 795
34 873
34 990
34 1519
34 1685
34 1991
34 2006
34 2122
34 2382
34 2782
34 2917
34 3080
34 3186
34 3351
34 3484
34 4918
34 4951
34 5099
34 5108
34 5513
34 5984
34 6138
34 6159
34 7524
34 7978
34 8410
34 9229
34 9317
34 9341
34 9610
34 9828
35 938
35 1503
35 1869
35 2444
35 3113
35 3640
35 4489
35 4656
35 4927
35 4960
35 5004
35 5779
35 5996
35 6093
35 6448
35 6633
35 7108
35 7216
35 7562
35 8093
35 8295
35 8481
35 9117
35 9151
36 120
36 754
36 1969
36 2172
36 2266
36 2639
36 2649
36 2806
36 3000
36 3031
36 3974
36 4206
36 5076
36 5535
36 7270
36 7662
36 9064
36 9657
37 1416
37 1785
37 1787
37 2068
37 2099
37 2479
37 3080
37 4182
37 4724
37 5611
37 5871
37 6036
37 6160
37 6740
37 7380
37 7574
37 8078
37 8512
37 8700
37 9790
37 9910
38 268
38 284
38 1141
38 2210
38 2215
38 4420
38 4741
38 5201
38 5329
38 6120
38 6342
38 6880
38 7015
38 7459
38 8497
38 8903
38 9072
39 671
39 1093
39 1446
39 2351
39 3079
39 3259
39 3581
39 4459
39 5143
39 5824
39 5892
39 6113
39 6283
39 6440
39 6701
39 7089
39 7772
39 7944
39 7953
39 8207
39 8635
39 8834
39 9060
40 706
40 1276
40 1898
40 2343
40 2883
40 3274
40 3287
40 3417
40 3458
40 3536
40 4004
40 4032
40 4567
40 4591
40 4811
40 5545
40 5658
40 5754
40 6675
40 6701
40 7077
40 7173
40 7220
40 7257
40 9187
40 9791
40 9796
40 9894
41 356
41 1355
41 1556
41 1594
41 3481
41 3593
41 3897
41 4227
41 4891
41 5126
41 5577
41 5689
41 6315
41 6497
41 6751
41 8159
41 9776
42 303
42 620
42 696
42 703
42 942
42 1102
42 1244
42 1840
42 1890
42 2112
42 2666
42 4604
42 4823
42 4863
42 6291
42 6591
42 6940
42 7663
42 8038
42 9479
43 952
43 1089
43 1198
43 1418
43 1542
43 2436
43 2575
43 2777
43 3266
43 3901
43 4592
43 4920
43 4995
43 5607
43 5938
43 6228
43 6335
43 6372
43 7623
43 8036
43 8466
43 8665
43 9635
43 9847
44 557
44 961
44 1092
44 1306
44 1483
44 2266
44 2495
44 2549
44 3047
44 3387
44 3480
44 4482
44 5063
44 5780
44 5819
44 6532
44 6687
44 6712
44 6920
44 7495
44 7514
44 8353
44 8867
44 9535
44 9697
44 9710
44 9786
45 833
45 891
45 1141
45 1539
45 1656
45 2147
45 2415
45 4963
45 5849
45 6072
45 6451
45 6498
45 6603
45 7464
45 7832
45 9132
45 9193
45 9250
45 9636
46 803
46 1493
46 1718
46 2124
46 2154
46 2550
46 2659
46 3304
46 3386
46 3824
46 3918
46 4024
46 5146
46 5655
46 6671
46 6706
46 7092
46 7551
46 7646
46 8209
46 8398
46 9201
46 9494
47 1070
47 1403
47 1635
47 1777
47 1924
47 2578
47 2739
47 2956
47 3141
47 3254
47 3563
47 5135
47 6337
47 8415
47 8831
47 8843
47 9393
47 9829
48 286
48 749
48 1137
48 1796
48 1892
48 2354
48 2557
48 2934
48 4384
48 4465
48 4801
48 5204
48 5496
48 6126
48 6647
48 6814
48 7104
48 7391
48 7484
48 7589
48 7624
48 7633
48 7755
48 8123
48 8380
48 8725
48 8986
48 9086
48 9460
48 9722
49 957
49 1307
49 1778
49 1810
49 1856
49 2144
49 2619
49 4049
49 4902
49 4998
49 5437
49 5965
49 6894
49 7450
49 8106
50 610
50 1069
50 1575
50 2497
50 2863
50 2921
50 3431
50 3883
50 4461
50 4586
50 4844
50 5372
50 5746
50 6758
50 7036
50 7095
50 7832
50 7966
50 8597
50 8810
50 9028
50 9302
51 59
51 243
51 912
51 1247
51 1829
51 2434
51 3507
51 4341
51 4396
51 4442
51 4580
51 4835
51 5113
51 5249
51 5542
51 5908
51 6017
51 6774
51 7250
51 7709
51 9355
51 9676
51 9800
52 468
52 1454
52 1685
52 2044
52 2411
52 2736
52 2858
52 3602
52 3679
52 3792
52 4187
52 4455
52 4852
52 5185
52 5207
52 5436
52 5833
52 7147
52 7255
52 7384
52 7625
52 8343
52 8542
52 8672
52 9437
52 9857
52 9972
53 148
53 1470
53 1592
53 1719
53 3182
53 3237
53 3411
53 3957
53 4065
53 4116
53 4736
53 4840
53 5088
53 5156
53 5510
53 6469
53 7746
53 7817
53 8272
53 8276
53 8362
53 8458
53 8896
53 9053
53 9104
53 9575
53 9756
54 374
54 475
54 1599
54 1658
54 1799
54 1829
54 4020
54 4232
54 4298
54 4546
54 4686
54 4828
54 5073
54 5400
54 5597
54 5955
54 6443
54 7521
54 8808
54 8934
54 9379
54 9729
54 9778
55 312
55 631
55 1055
55 1269
55 1545
55 1699
55 2148
55 2288
55 2436
55 2708
55 2837
55 3304
55 3370
55 3819
55 3852
55 4613
55 4925
55 5203
55 5214
55 5558
55 5761
55 6446
55 6939
55 7879
55 8490
55 8920
55 9408
55 9470
55 9773
56 244
56 697
56 772
56 1531
56 1649
56 2069
56 2236
56 2410
56 3261
56 4954
56 4980
56 5133
56 5560
56 5697
56 5962
56 6295
56 7162
56 7681
56 8146
56 8473
56 8609
56 8696
56 9475
56 9675
56 9984
57 826
57 1544
57 1605
57 1683
57 2828
57 3605
57 4277
57 5138
57 5256
57 5816
57 6339
57 7326
57 8032
57 9066
57 9084
57 9899
58 281
58 300
58 1067
58 1157
58 1283
58 1334
58 1970
58 2101
58 3936
58 4033
58 4036
58 5435
58 6226
58 6522
58 8468
58 8665
58 9523
59 674
59 1682
59 2004
59 2187
59 2461
59 2812
59 3158
59 3169
59 3391
59 4076
59 4649
59 5178
59 5261
59 5427
59 6631
59 7494
59 8120
59 9040
59 9473
59 9578
59 9844
60 524
60 1153
60 1771
60 2437
60 2495
60 2523
60 2599
60 2779
60 2920
60 3126
60 3476
60 3841
60 3951
60 4718
60 4756
60 5410
60 6923
60 7138
60 7869
60 7946
60 8115
60 8486
61 298
61 427
61 598
61 1215
61 1878
61 1886
61 2197
61 2286
61 2685
61 2988
61 3216
61 3228
61 3422
61 4100
61 6302
61 6697
61 7534
61 7698
61 7841
61 8238
61 8812
61 9795
62 796
62 896
62 1399
62 1922
62 2583
62 2806
62 2923
62 4428
62 4616
62 4624
62 4874
62 5136
62 5449
62 5766
62 5794
62 6089
62 6564
62 6773
62 6808
62 6978
62 8257
62 8311
62 8949
62 9512
62 9856
63 1225
63 1717
63 1900
63 2769
63 3252
63 3321
63 3418
63 3627
63 3980
63 3998
63 5199
63 5327
63 5487
63 5704
63 7028
63 7160
63 7610
63 7645
63 8476
63 8663
63 8827
63 8889
63 9012
63 9514
64 1084
64 1598
64 2764
64 3082
64 3272
64 3547
64 3638
64 4106
64 4180
64 4418
64 4635
64 5271
64 6431
64 7932
64 8387
64 8529
64 9360
64 9638
64 9994
65 226
65 1490
65 2024
65 2097
65 2254
65 2416
65 3123
65 3234
65 3806
65 3810
65 3904
65 4273
65 4350
65 5092
65 5122
65 5502
65 5841
65 6019
65 6064
65 6310
65 6362
65 7254
65 8568
65 8582
65 8625
65 9356
65 9376
65 9495
65 9615
65 9811
66 257
66 424
66 580
66 1531
66 1662
66 1680
66 1930
66 2134
66 2540
66 2628
66 2792
66 3308
66 3343
66 3407
66 3435
66 3827
66 3858
66 3896
66 4706
66 5195
66 6081
66 6385
66 6467
66 6590
66 7091
66 7421
66 8290
66 8789
66 8999
66 9019
67 298
67 924
67 985
67 1201
67 1216
67 1427
67 1508
67 1761
67 2040
67 3184
67 3934
67 4097
67 5486
67 6049
67 6608
67 6613
67 7088
67 7217
67 7223
67 7373
67 7658
67 8059
67 8385
67 8809
67 9981
68 902
68 915
68 1223
68 1890
68 2445
68 2541
68 3118
68 3388
68 3434
68 3966
68 4317
68 5055
68 7435
68 7700
68 8017
68 8690
68 8859
69 2634
69 3116
69 3406
69 4225
69 4330
69 4528
69 5470
69 5494
69 5671
69 6267
69 6929
69 7129
69 7180
69 7205
69 8647
70 312
70 366
70 710
70 1854
70 2738
70 2825
70 3081
70 3353
70 3402
70 3404
70 3459
70 3729
70 3960
70 3970
70 4360
70 4503
70 4727
70 5008
70 5977
70 6032
70 6066
70 6331
70 6350
70 7322
70 7352
70 7723
70 8225
70 8256
70 8796
70 8971
71 479
71 515
71 1550
71 1667
71 1752
71 1885
71 2294
71 2391
71 2486
71 3050
71 4316
71 4599
71 4658
71 5064
71 6901
71 6938
71 7179
71 7581
71 8271
71 8624
71 8649
71 9986
72 340
72 924
72 1301
72 2368
72 2576
72 3051
72 3390
72 4320
72 4675
72 4683
72 6038
72 6502
72 7109
72 7414
73 106
73 488
73 1204
73 1533
73 2059
73 2834
73 3497
73 3816
73 4034
73 4167
73 5120
73 5784
73 5931
73 6107
73 7278
73 7420
73 8475
73 8631
73 9556
74 579
74 851
74 1561
74 2438
74 2948
74 3106
74 3239
74 3249
74 3552
74 4376
74 4642
74 5414
74 5683
74 5900
74 5925
74 6869
74 7921
74 8403
74 8416
74 8482
74 8703
74 8907
74 9779
75 1305
75 1750
75 1928
75 2306
75 2993
75 3210
75 4016
75 4388
75 4466
75 4833
75 5052
75 5606
75 5626
75 5795
75 5976
75 6105
75 6182
75 6320
75 6586
75 6628
75 7308
75 7468
75 8038
75 8506
75 8582
75 8805
75 8997
75 9054
75 9583
75 9826
75 9872
75 9998
76 213
76 674
76 993
76 1895
76 2468
76 2880
76 4084
76 5406
76 5430
76 5448
76 5582
76 5632
76 6002
76 6262
76 6263
76 7003
76 7149
76 7491
76 7550
76 7962
76 8758
76 9466
76 9727
77 105
77 623
77 639
77 898
77 1456
77 2751
77 2864
77 3346
77 4520
77 6349
77 6551
77 6557
77 7729
77 8870
77 9878
78 120
78 210
78 258
78 275
78 629
78 1101
78 1250
78 1298
78 1583
78 2037
78 3380
78 4234
78 4803
78 5103
78 5640
78 6012
78 6021
78 7608
78 8221
78 8548
78 8666
78 9043
78 9371
78 10000
79 83
79 452
79 615
79 870
79 956
79 1091
79 2609
79 3178
79 4387
79 4630
79 5614
79 5852
79 6037
79 6702
79 7296
79 8229
79 8371
79 9595
79 9865
80 184
80 586
80 644
80 1180
80 1267
80 1386
80 2586
80 2915
80 3465
80 3527
80 3573
80 3601
80 3791
80 5548
80 6054
80 6093
80 6450
80 6733
80 9394
80 9737
81 500
81 560
81 563
81 1514
81 2249
81 3874
81 3978
81 5220
81 6156
81 6486
81 6569
81 7167
81 7206
81 7696
81 7935
81 8293
81 8546
81 8627
81 8980
81 9020
81 9396
82 202
82 213
82 617
82 996
82 1123
82 1792
82 1976
82 2319
82 2340
82 2906
82 3204
82 4060
82 4164
82 4543
82 5011
82 5306
82 6189
82 7505
82 7643
82 7701
82 7756
82 7960
82 7979
82 8947
82 9451
82 9694
82 9879
82 9931
82 9992
83 278
83 717
83 2604
83 3533
83 4398
83 6698
83 6755
83 7668
83 7799
83 8231
83 8493
83 9909
84 228
84 376
84 779
84 3178
84 3511
84 3761
84 4071
84 4953
84 6275
84 6542
84 6688
84 6695
84 6858
84 7273
84 7959
84 8133
84 8939
84 9875
84 9955
85 362
85 518
85 2024
85 2221
85 2258
85 2977
85 3088
85 3450
85 3451
85 3561
85 3606
85 4302
85 7834
85 8552
85 8865
85 9069
85 9741
85 9866
86 395
86 939
86 1172
86 1763
86 1793
86 2153
86 2338
86 2696
86 3428
86 3466
86 5015
86 5226
86 6280
86 6354
86 7283
86 7364
86 7762
86 9398
86 9971
87 158
87 314
87 1956
87 2156
87 2691
87 2846
87 4194
87 4414
87 4570
87 4582
87 4950
87 5518
87 5886
87 6635
87 6801
87 7630
87 8785
87 9128
87 9261
87 9712
87 9950
88 315
88 869
88 1000
88 1011
88 1144
88 1586
88 1772
88 1839
88 2141
88 2203
88 2207
88 3095
88 3117
88 3439
88 3451
88 3741
88 3777
88 4274
88 4381
88 4587
88 4594
88 4777
88 5160
88 6249
88 7106
88 7295
88 7488
88 8411
88 8839
88 9152
88 9214
88 9487
88 9603
88 9774
88 9789
88 9845
88 9964
89 350
89 418
89 421
89 1555
89 2267
89 2538
89 4051
89 4285
89 5993
89 6201
89 6825
89 7021
89 7263
89 7831
89 7871
89 7954
89 9426
89 9946
90 601
90 1538
90 1896
90 1951
90 2919
90 3333
90 3669
90 4314
90 4789
90 5071
90 5297
90 5798
90 6091
90 6844
90 7858
90 9081
90 9304
90 9403
90 9882
90 9896
91 404
91 890
91 1062
91 1357
91 2096
91 2697
91 4381
91 4583
91 4618
91 4780
91 4904
91 5293
91 5974
91 6473
91 6587
91 7071
91 7909
91 7938
91 8043
91 8710
91 8751
91 8972
91 9051
92 129
92 590
92 1163
92 1405
92 1945
92 3015
92 4229
92 5225
92 5341
92 6923
92 7417
92 7603
92 9211
92 9702
92 9819
92 9999
93 1220
93 1221
93 1284
93 1476
93 1941
93 2364
93 3352
93 3548
93 3670
93 4481
93 4589
93 4690
93 5047
93 5939
93 6303
93 7707
93 7956
93 8178
93 8442
93 9135
93 9511
93 9964
94 630
94 790
94 858
94 904
94 2650
94 2710
94 3229
94 3759
94 3852
94 4211
94 4413
94 4451
94 4794
94 6375
94 6681
94 7492
94 7760
94 8342
94 8706
94 9602
94 9919
95 315
95 740
95 1931
95 2627
95 2822
95 3614
95 3815
95 3868
95 4023
95 4171
95 5074
95 5844
95 6087
95 6401
95 6478
95 6961
95 7129
95 7445
95 7538
95 7570
95 7704
95 7713
95 8632
95 9326
96 548
96 880
96 1040
96 1202
96 1356
96 2467
96 2642
96 2671
96 2868
96 3911
96 4819
96 5509
96 5751
96 6717
96 6960
96 6976
96 7280
96 7432
96 7512
96 7745
96 7984
96 9347
97 493
97 833
97 2150
97 2264
97 2431
97 2658
97 3077
97 4003
97 5202
97 5631
97 6402
97 6892
97 7910
97 8051
97 8147
97 8166
97 8781
97 9038
97 9989
98 594
98 614
98 793
98 2067
98 2601
98 2728
98 3217
98 3226
98 3357
98 3491
98 4470
98 5477
98 5771
98 5942
98 5968
98 6254
98 6286
98 6485
98 6510
98 6572
98 6703
98 7226
98 9024
98 9299
98 9708
99 322
99 600
99 2136
99 2774
99 2853
99 3644
99 4569
99 4691
99 6241
99 6818
99 6990
99 7844
99 8135
99 8300
99 9474
100 443
100 962
100 1111
100 1417
100 2152
100 2363
100 3099
100 3924
100 4347
100 4674
100 4897
100 5162
100 5797
100 6649
100 7033
100 7317
100 7836
100 8852
101 709
101 812
101 1034
101 1834
101 2164
101 2426
101 2748
101 3235
101 4057
101 4661
101 5429
101 5473
101 5636
101 7056
101 7080
101 7348
101 7453
101 7528
101 7884
101 7965
101 8559
101 8879
102 1147
102 1688
102 1846
102 1891
102 2213
102 2350
102 2410
102 3055
102 3061
102 3102
102 3153
102 3233
102 3637
102 3675
102 3721
102 4264
102 4792
102 5163
102 5192
102 6139
102 6720
102 7699
102 8545
102 8556
102 9591
103 902
103 1571
103 3909
103 4136
103 4846
103 4866
103 5054
103 6104
103 6129
103 7763
103 8163
103 8383
103 8748
103 8772
103 9296
103 9820
103 9911
104 125
104 157
104 372
104 446
104 896
104 899
104 1501
104 1803
104 2508
104 2706
104 2893
104 3808
104 4813
104 6458
104 6568
104 6629
104 6693
104 6830
104 7546
104 8594
104 8729
104 8961
104 9120
105 569
105 2018
105 2062
105 2120
105 2406
105 2674
105 2693
105 3416
105 4188
105 4484
105 5020
105 6187
105 7473
105 7582
105 8394
106 205
106 835
106 2202
106 2675
106 3776
106 3839
106 4816
106 5116
106 5472
106 5637
106 6597
106 6853
106 7037
106 7897
106 8199
106 9295
106 9488
107 276
107 314
107 1732
107 1935
107 3089
107 5188
107 5920
107 6749
107 7186
107 7215
107 8033
107 8107
107 8292
107 8370
107 8952
107 9147
107 9913
108 593
108 926
108 1015
108 1084
108 1410
108 1475
108 2085
108 2094
108 2573
108 2848
108 3650
108 3920
108 4445
108 4636
108 4788
108 5006
108 5932
108 7480
108 8241
108 8375
108 8390
108 9177
109 1545
109 2503
109 2759
109 2885
109 3044
109 3222
109 3438
109 3526
109 3910
109 4747
109 5307
109 5547
109 6073
109 7407
109 7791
109 8097
109 8507
109 9134
109 9156
109 9481
110 226
110 511
110 725
110 752
110 849
110 1095
110 1236
110 2058
110 3248
110 3251
110 4647
110 5568
110 5769
110 5832
110 7306
110 7429
110 7767
110 9061
110 9093
110 9308
110 9348
110 9372
110 9431
110 9693
111 137
111 217
111 612
111 887
111 973
111 1048
111 1554
111 2347
111 3501
111 3836
111 3964
111 4081
111 5420
111 6834
111 6849
111 7131
111 7245
111 8002
111 8194
111 8320
111 8414
111 8664
111 9782
111 9895
112 373
112 424
112 805
112 1155
112 2446
112 2954
112 3349
112 4689
112 5940
112 6137
112 6972
112 7619
112 7852
112 7968
112 8846
112 8954
112 9930
112 9936
113 372
113 608
113 1844
113 2460
113 2640
113 2690
113 2949
113 2990
113 3379
113 4648
113 4685
113 4944
113 5589
113 6266
113 7474
114 467
114 700
114 762
114 1068
114 1521
114 1767
114 2169
114 2248
114 2447
114 2475
114 2840
114 3319
114 3698
114 4070
114 4830
114 5234
114 5475
114 5845
114 6122
114 6301
114 6543
114 8698
114 8791
114 8982
114 9443
115 701
115 973
115 2117
115 2118
115 2432
115 2652
115 3711
115 4131
115 4395
115 4880
115 4982
115 5497
115 5546
115 6040
115 6148
115 6792
115 7157
115 8205
115 8330
115 8456
115 9056
115 9108
115 9822
115 9843
116 570
116 635
116 731
116 816
116 1354
116 1701
116 1813
116 2457
116 2720
116 2740
116 3822
116 5340
116 5880
116 6471
116 7065
116 7142
116 7150
116 7237
116 7715
116 9160
116 9246
116 9953
117 270
117 1282
117 1298
117 1948
117 2686
117 2750
117 3514
117 3612
117 3668
117 3739
117 4473
117 6358
117 6528
117 7750
117 7773
117 8077
117 8793
117 9352
117 9456
117 9921
118 392
118 418
118 1143
118 1936
118 2902
118 7976
118 8897
118 9649
119 179
119 709
119 1312
119 1471
119 1903
119 2102
119 3460
119 3796
119 3826
119 4192
119 4643
119 4750
119 4886
119 5445
119 5966
119 6209
119 6897
119 6970
119 6987
119 7418
119 7787
119 7796
119 8035
119 8586
119 9848
119 9906
119 9985
120 661
120 689
120 1597
120 1739
120 2053
120 2193
120 2598
120 2847
120 2933
120 3441
120 4098
120 4406
120 4454
120 5046
120 5644
120 5917
120 5948
120 6430
120 7374
120 7839
120 8671
120 8768
120 9070
120 9330
120 9632
120 9698
120 9810
121 303
121 335
121 808
121 994
121 1005
121 1103
121 1473
121 1788
121 1818
121 3530
121 3882
121 4746
121 4900
121 5005
121 5353
121 5424
121 6080
121 6128
121 6387
121 7243
121 7856
121 8433
121 8853
121 8876
122 144
122 160
122 209
122 222
122 562
122 949
122 1441
122 1695
122 1785
122 2760
122 3607
122 3949
122 4134
122 4677
122 6367
122 6906
122 6979
122 7060
122 7412
122 7531
122 7747
122 8218
122 8786
123 766
123 1599
123 3589
123 3596
123 4434
123 6092
123 6500
123 7952
123 8514
123 8838
124 156
124 574
124 1008
124 1079
124 1096
124 1152
124 1506
124 2939
124 3568
124 3634
124 4437
124 4869
124 5028
124 6046
124 6083
124 7203
124 7642
124 8434
124 8743
125 264
125 704
125 2142
125 2281
125 2824
125 3009
125 6030
125 6285
125 6639
125 6952
125 7353
125 7437
125 8184
125 8206
125 8408
125 8498
125 9205
125 9664
126 281
126 556
126 1080
126 1268
126 1857
126 1973
126 1979
126 2196
126 2829
126 3727
126 3751
126 3778
126 3811
126 3881
126 5170
126 6096
126 6736
126 6833
127 892
127 1213
127 3403
127 4104
127 4851
127 6359
127 6393
127 8108
127 8397
127 8543
127 9825
128 231
128 424
128 434
128 1590
128 3452
128 4158
128 5104
128 5665
128 5894
128 7298
128 7908
128 8004
128 8713
129 727
129 2048
129 2597
129 2611
129 3642
129 4338
129 4535
129 5847
129 6094
129 7691
129 8405
129 8524
129 8975
130 194
130 198
130 300
130 853
130 950
130 954
130 1391
130 1707
130 1946
130 2301
130 2412
130 2620
130 3324
130 3504
130 3542
130 3799
130 4453
130 4699
130 6042
130 6153
130 6536
130 7687
130 8118
130 8449
130 8640
130 9887
130 9987
131 684
131 812
131 1197
131 1302
131 1693
131 2050
131 2664
131 2715
131 3818
131 4975
131 5077
131 6151
131 6776
131 7135
131 7383
131 8266
131 9531
131 9660
131 9759
132 915
132 2165
132 2881
132 2974
132 3327
132 3760
132 4163
132 4168
132 4447
132 4457
132 4893
132 5815
132 5981
132 6441
132 6444
132 7390
132 7752
132 8930
132 9185
132 9207
132 9281
133 525
133 908
133 1088
133 1394
133 2677
133 3246
133 3942
133 4974
133 5177
133 5574
133 6132
133 6824
133 7904
133 8014
133 8028
133 8046
133 8116
133 9102
133 9204
133 9438
134 225
134 525
134 627
134 1214
134 1766
134 2365
134 2874
134 3715
134 4086
134 4118
134 4394
134 4841
134 6031
134 6076
134 6108
134 6218
134 6253
134 6388
134 6408
134 7111
134 7401
134 8633
134 9889
135 1041
135 1920
135 1949
135 2072
135 2626
135 2690
135 2744
135 3129
135 4242
135 4440
135 4795
135 4962
135 5738
135 7894
135 9188
136 908
136 1208
136 1335
136 1450
136 1541
136 2012
136 2109
136 2270
136 2357
136 2966
136 3583
136 4985
136 5467
136 5616
136 5772
136 6479
136 6583
136 6831
136 7044
136 7333
136 8644
136 9026
136 9162
136 9377
136 9728
137 273
137 577
137 948
137 1112
137 1961
137 2532
137 2703
137 4022
137 4325
137 4784
137 5274
137 6995
137 7416
137 7677
138 358
138 591
138 2204
138 3222
138 4370
138 5853
138 5944
138 6369
138 6389
138 6576
138 6851
138 8253
138 9023
138 9359
139 257
139 2548
139 3174
139 3490
139 3543
139 5013
139 6811
139 7026
139 7584
139 7900
139 8132
139 8140
139 9761
139 9873
140 559
140 855
140 1188
140 1436
140 2313
140 2805
140 4397
140 4781
140 5712
140 6028
140 6539
140 7451
140 7543
140 8325
140 8742
140 8869
140 9449
140 9483
140 9695
141 229
141 1477
141 1491
141 1607
141 1915
141 2066
141 2356
141 3027
141 3138
141 3231
141 3310
141 4313
141 4532
141 4622
141 4978
141 7537
141 7802
141 7807
141 7928
141 8119
141 8777
141 9005
141 9677
142 743
142 1067
142 1349
142 1757
142 2810
142 3301
142 3820
142 4638
142 5702
142 5817
142 6006
142 8503
142 9467
143 462
143 694
143 797
143 1801
143 1855
143 2675
143 2766
143 3719
143 5571
143 6622
143 8265
143 8431
143 8450
143 9140
143 9915
144 933
144 1296
144 1324
144 1978
144 2192
144 3137
144 3578
144 4518
144 4542
144 5066
144 5737
144 5857
144 6707
144 7742
144 7927
144 9219
144 9411
144 9499
144 9684
145 316
145 439
145 878
145 1150
145 3305
145 4596
145 5728
145 6165
145 6468
145 6517
145 6659
145 8531
145 9082
145 9339
146 190
146 640
146 916
146 1005
146 1311
146 1643
146 1660
146 1681
146 2969
146 3180
146 3965
146 4859
146 5685
146 5758
146 6011
146 6101
146 8298
146 9106
146 9509
147 874
147 925
147 1023
147 1691
147 1719
147 2033
147 2892
147 2971
147 3101
147 3802
147 4289
147 4707
147 4936
147 5253
147 5915
147 5958
147 6355
147 6377
147 6667
147 6810
147 7504
147 8376
147 9680
148 1443
148 1641
148 1847
148 1933
148 3276
148 3586
148 5814
148 7599
148 8756
148 9142
148 9463
148 9555
149 662
149 957
149 1273
149 2345
149 2802
149 3662
149 3845
149 3982
149 4349
149 4361
149 4955
149 7680
149 7882
149 8239
149 8240
149 8888
149 9225
150 238
150 301
150 736
150 937
150 1187
150 2457
150 2743
150 2756
150 2785
150 4215
150 4679
150 6737
150 7007
150 7047
150 8643
150 8881
150 9503
150 9904
151 992
151 1174
151 2359
151 3053
151 3062
151 3289
151 4474
151 4827
151 4868
151 5751
151 6436
151 7575
151 8438
151 9220
151 9233
151 9297
151 9957
152 209
152 263
152 654
152 2435
152 2494
152 2556
152 4202
152 5954
152 5978
152 6495
152 6748
152 7440
152 9057
152 9094
152 9868
153 432
153 1073
153 1428
153 1432
153 2725
153 2845
153 2971
153 4196
153 4415
153 5277
153 5310
153 5659
153 6192
153 6242
153 7443
153 7626
153 7714
153 8149
153 9783
154 1287
154 1755
154 2770
154 3315
154 3968
154 4959
154 6146
154 8009
154 9683
155 336
155 677
155 994
155 1370
155 1633
155 2531
155 2891
155 4331
155 5222
155 5870
155 6001
155 6020
155 6115
155 6169
155 6903
155 6953
155 7194
155 7222
155 7751
155 7797
155 9321
156 437
156 3445
156 3523
156 3564
156 4179
156 4806
156 6423
156 6948
156 7923
156 8738
156 8799
156 9391
156 9478
156 9505
156 9926
157 1090
157 1367
157 1495
157 2205
157 2414
157 3042
157 3340
157 3941
157 4121
157 4659
157 4723
157 5083
157 5591
157 5777
157 5785
157 7153
157 7943
157 8474
157 8683
157 8697
157 9400
157 9732
157 9907
158 1130
158 1638
158 1653
158 1863
158 2054
158 2073
158 2259
158 3676
158 4383
158 5044
158 5244
158 6330
158 6914
158 7565
158 7989
158 8192
158 8759
158 9525
158 9725
159 1172
159 1317
159 2158
159 2617
159 2955
159 3076
159 3110
159 3447
159 4973
159 5621
159 5687
159 6026
159 6584
159 6775
159 7447
159 7824
159 8477
159 8880
159 8998
159 9047
159 9280
159 9305
159 9685
160 603
160 927
160 1823
160 1954
160 2896
160 3092
160 3293
160 3399
160 4109
160 4303
160 5377
160 5588
160 5667
160 6215
160 6222
160 6413
160 6672
160 7563
160 8085
160 9016
161 2155
161 2480
161 2747
161 2820
161 4061
161 4332
161 4446
161 4556
161 5086
161 6161
161 6196
161 6236
161 6460
161 7008
161 7743
161 8197
161 8848
161 9353
161 9813
162 752
162 1423
162 2138
162 2226
162 2329
162 2819
162 3067
162 3227
162 3279
162 3385
162 3709
162 4512
162 4735
162 5663
162 5701
162 7456
162 7887
162 8023
162 8463
162 8849
163 191
163 247
163 1682
163 1975
163 2448
163 2900
163 3598
163 3879
163 5717
163 6244
163 9707
164 382
164 1155
164 2293
164 2342
164 2505
164 3183
164 5926
164 6411
164 6930
164 7598
165 829
165 1577
165 2086
165 2142
165 3429
165 3609
165 3710
165 4129
165 4181
165 6003
165 6181
165 6793
165 7606
165 7629
165 7902
165 7958
165 7995
165 8459
165 9010
165 9212
165 9335
165 9618
166 445
166 1523
166 2212
166 3690
166 4894
166 5169
166 5326
166 5828
166 6145
166 6403
166 7609
166 7757
166 8324
166 9238
166 9489
166 9518
166 9534
166 9590
167 328
167 912
167 1304
167 3221
167 5735
167 6429
167 6605
167 7327
167 8502
167 8989
167 9313
168 202
168 931
168 1176
168 1867
168 3121
168 4137
168 5618
168 5803
168 6652
168 8151
168 9158
169 378
169 909
169 1648
169 2215
169 2443
169 2745
169 2831
169 3105
169 4295
169 6743
169 7595
169 8152
169 8203
169 9832
170 369
170 748
170 952
170 2701
170 3892
170 3899
170 4443
170 4999
170 5529
170 6432
170 7085
170 7218
170 7789
170 9458
170 9758
171 199
171 369
171 738
171 2950
171 3025
171 3584
171 4207
171 5643
171 6332
171 6589
171 6904
171 7466
171 7601
171 7782
171 7821
171 8329
171 8993
172 195
172 851
172 2052
172 2572
172 3136
172 4286
172 4598
172 5198
172 6890
172 7214
172 7881
172 8483
172 8873
172 9097
172 9617
173 2396
173 2998
173 4166
173 4505
173 4934
173 5337
173 5583
173 6381
173 8270
173 8622
173 9809
174 459
174 1629
174 2482
174 2695
174 4386
174 4704
174 4868
174 4914
174 5227
174 5443
174 5544
174 5595
174 6233
174 6708
174 7694
175 734
175 1940
175 2128
175 2690
175 2742
175 2932
175 4839
175 4896
175 5629
175 5669
176 274
176 543
176 1347
176 1468
176 1822
176 2216
176 3817
176 4353
176 4590
176 5217
176 6298
176 6728
176 8424
176 8899
176 9068
177 190
177 326
177 1004
177 1252
177 1369
177 1573
177 2784
177 3045
177 5382
177 5718
177 6047
177 7120
177 7370
178 380
178 783
178 880
178 1129
178 1343
178 1676
178 2190
178 4337
178 4385
178 5105
178 5468
178 6116
178 6470
178 7229
178 9611
178 9692
179 196
179 1168
179 1264
179 2621
179 2793
179 3545
179 4708
179 5298
179 5416
179 5666
179 6224
179 6297
179 6390
179 6454
179 7560
179 8062
179 8504
179 9839
180 3175
180 3338
180 4181
180 4966
180 7079
180 7774
180 7794
180 8423
180 8629
180 8874
180 8956
180 9504
181 776
181 1174
181 2838
181 3325
181 3724
181 4127
181 4537
181 4847
181 7212
181 8104
181 8752
181 8864
181 8871
181 9243
181 9279
181 9703
181 9724
181 9753
182 760
182 771
182 795
182 1293
182 1610
182 1817
182 2106
182 2994
182 3156
182 3666
182 4293
182 4850
182 4923
182 5732
182 9637
182 9639
183 451
183 1377
183 2003
183 2011
183 2975
183 3018
183 3508
183 3834
183 3986
183 4099
183 4254
183 4513
183 4533
183 4878
183 4971
183 5480
183 6919
183 7232
183 7740
183 8164
183 9351
183 9515
183 9744
184 552
184 1059
184 1943
184 2307
184 2419
184 2430
184 2944
184 3114
184 3188
184 3347
184 3613
184 5927
184 6535
184 7351
184 7934
184 8015
184 8101
184 8866
184 9854
184 9860
185 311
185 429
185 573
185 657
185 1067
185 1564
185 1955
185 3157
185 3255
185 3478
185 3963
185 4255
185 4471
185 5898
185 5956
185 6503
185 6549
185 7050
185 7828
185 8563
185 9141
185 9203
185 9428
185 9620
185 9716
185 9850
185 9947
186 441
186 462
186 716
186 744
186 905
186 1596
186 2237
186 2348
186 3678
186 3757
186 5723
186 6149
186 7279
186 9621
186 9653
187 998
187 1011
187 2581
187 3240
187 3361
187 3617
187 4039
187 4198
187 4231
187 4345
187 5132
187 5331
187 5742
187 5768
187 6772
187 6806
187 7154
187 7377
187 7558
187 7659
187 8418
187 8645
188 620
188 1240
188 2140
188 3299
188 3398
188 3789
188 5173
188 5469
188 6666
188 7653
188 7815
188 8190
188 9655
188 9970
189 233
189 492
189 3173
189 3363
189 4079
189 4359
189 5323
189 5716
189 5774
189 6483
189 7115
189 7231
189 7664
189 8538
189 9241
189 9415
189 9480
190 2010
190 5237
190 5383
190 6311
190 7292
190 7600
190 8049
190 8384
190 8388
190 8639
190 9806
191 251
191 1932
191 2392
191 3591
191 4271
191 4425
191 5258
191 6545
191 6788
191 8854
191 8905
191 9042
192 1032
192 1101
192 1366
192 3224
192 3859
192 7472
192 8802
192 9886
193 814
193 1195
193 1384
193 2518
193 2913
193 3043
193 3360
193 3590
193 4401
193 5321
193 6117
193 6829
193 6937
193 7343
193 7911
193 7997
193 8446
193 8811
193 9194
193 9231
193 9276
193 9312
193 9922
193 9954
194 200
194 753
194 1027
194 1047
194 1602
194 1883
194 2162
194 3703
194 3803
194 4452
194 4875
194 5668
194 5834
194 6186
194 6245
194 6881
194 7397
194 9669
194 9794
195 426
195 811
195 3303
195 4173
195 4879
195 5300
195 5375
195 5575
195 6027
195 7339
195 9757
196 425
196 1292
196 3740
196 3840
196 4475
196 5125
196 5838
196 9802
197 264
197 3176
197 3241
197 3625
197 4235
197 4761
197 7094
197 7854
197 7872
197 8496
198 1859
198 2047
198 2376
198 2633
198 2930
198 3420
198 3780
198 4082
198 6329
198 7358
198 7367
198 8075
198 9361
198 9788
198 9969
199 3290
199 3359
199 4089
199 4435
199 4871
199 6873
199 7532
199 7533
199 8554
199 8984
199 9765
199 9940
200 400
200 1485
200 1696
200 1712
200 1986
200 2519
200 4114
200 6442
200 6526
200 7174
200 7265
200 7300
200 8960
200 9018
200 9182
201 905
201 936
201 1330
201 2830
201 3906
201 4075
201 4128
201 4304
201 4379
201 5053
201 5174
201 5869
201 6928
201 7023
201 7093
201 7583
201 7741
201 7899
201 8728
201 9395
201 9966
202 1159
202 1576
202 3142
202 4754
202 4822
202 6058
202 6184
202 6404
202 6558
202 6891
202 7141
202 7483
202 9077
202 9127
202 9232
202 9519
203 742
203 1235
203 1774
203 1799
203 2253
203 2791
203 3917
203 4615
203 4800
203 6902
203 9206
203 9373
203 9421
204 898
204 1056
204 1314
204 1567
204 2377
204 2629
204 3232
204 3807
204 4262
204 6070
204 6155
204 9294
204 9612
205 686
205 1258
205 1534
205 2765
205 3127
205 5081
205 5386
205 5508
205 5980
205 6632
205 7430
205 7924
205 8055
205 8333
205 8557
206 299
206 305
206 1463
206 1782
206 3410
206 3853
206 4096
206 4765
206 4975
206 5213
206 5831
206 6567
206 7063
206 7559
206 8185
206 8245
206 8420
206 9541
207 1198
207 1474
207 3190
207 4652
207 6515
207 6676
207 6848
207 6927
207 7849
207 9420
208 427
208 875
208 2995
208 4525
208 5370
208 5946
208 8578
208 9686
208 9881
209 1379
209 2476
209 3332
209 4146
209 6754
209 7382
209 7549
209 7991
209 8155
210 211
210 483
210 1057
210 1339
210 2808
210 3292
210 3488
210 5145
210 5312
210 6947
210 8511
210 8550
210 8668
210 8720
210 8855
210 9327
210 9876
211 1540
211 1609
211 2509
211 3756
211 4352
211 4477
211 5276
211 5543
211 5743
211 6383
211 7181
211 7778
211 8315
211 9144
211 9364
212 682
212 790
212 1606
212 1962
212 2188
212 3185
212 3714
212 5778
212 6235
212 6592
212 7355
212 9665
212 9771
213 282
213 781
213 1511
213 1950
213 2228
213 2386
213 2454
213 3498
213 4112
213 6352
213 6996
213 7586
213 8412
213 8628
213 9388
214 415
214 534
214 603
214 1126
214 1233
214 2262
214 2402
214 2484
214 3893
214 4576
214 5466
214 5672
214 6000
214 6662
214 7354
214 7385
214 8335
214 8489
214 8783
214 8807
214 9937
215 376
215 1161
215 2233
215 2752
215 2788
215 3195
215 3565
215 3633
215 3870
215 3984
215 4367
215 4608
215 7059
215 8249
215 9113
215 9292
215 9852
216 794
216 875
216 1413
216 1574
216 1611
216 3298
216 3312
216 3463
216 4224
216 5396
216 5842
216 6173
216 8430
216 8711
216 9052
216 9530
216 9752
217 406
217 1525
217 1872
217 2043
217 2145
217 3931
217 4172
217 4682
217 5032
217 5140
217 5209
217 7297
217 8060
217 8248
217 8334
217 9164
217 9836
218 387
218 1703
218 2092
218 2566
218 2882
218 3683
218 3859
218 4189
218 4577
218 5651
218 5749
218 5762
218 6365
218 6991
218 7013
218 7369
218 7479
218 8348
218 8461
218 8553
218 9374
218 9462
219 441
219 2465
219 2926
219 4669
219 4873
219 6033
219 6604
219 6941
219 7471
219 7632
219 7655
219 8127
219 9768
219 9841
220 527
220 1776
220 2114
220 2381
220 4581
220 5559
220 7717
220 7788
220 8363
220 9001
220 9237
220 9933
220 9995
221 617
221 786
221 817
221 2273
221 2339
221 2563
221 3003
221 3007
221 3374
221 4506
221 4948
221 5130
221 5734
221 6893
221 6918
221 8494
222 983
222 1033
222 1812
222 2020
222 2261
222 2274
222 2526
222 2712
222 2983
222 4796
222 4825
222 5252
222 6875
222 7513
222 7759
222 8210
222 8539
222 9274
222 9461
223 437
223 1230
223 4688
223 5080
223 5357
223 5455
223 6284
223 6812
223 7242
223 8011
223 8044
223 8369
223 8835
223 9726
224 295
224 344
224 608
224 877
224 1248
224 1397
224 4058
224 4260
224 6578
224 7769
224 8354
224 8360
224 8658
224 8694
225 302
225 981
225 2245
225 4021
225 4156
225 7017
225 8525
225 9149
225 9804
226 239
226 1257
226 1426
226 1987
226 3766
226 4730
226 4972
226 6750
226 7477
226 7771
226 7810
226 8746
226 9929
227 1265
227 1347
227 1645
227 2063
227 3758
227 3850
227 5012
227 5158
227 5562
227 6121
227 6426
227 7128
227 7419
227 8251
227 8943
228 370
228 1580
228 1634
228 1820
228 2014
228 2543
228 3038
228 3929
228 4710
228 5405
228 5698
228 6261
228 6798
228 7693
228 7721
228 7893
228 8058
228 8573
228 9122
229 353
229 683
229 1430
229 1433
229 4550
229 4766
229 5246
229 5314
229 5536
229 5603
229 5700
229 5923
229 8797
230 832
230 2134
230 2470
230 3348
230 3736
230 4228
230 7527
230 8682
230 9195
231 555
231 982
231 1704
231 2999
231 3270
231 3464
231 3812
231 4124
231 6344
231 6994
231 7356
231 7842
231 8351
231 8851
231 9011
231 9409
231 9465
231 9666
232 697
232 1617
232 1807
232 1934
232 2334
232 2425
232 2662
232 2925
232 3208
232 4831
232 5254
232 5373
232 5521
232 5987
232 6896
232 7947
232 8181
232 8962
233 324
233 453
233 484
233 1194
233 1445
233 2502
233 2761
233 3655
233 4860
233 6570
233 6845
233 7476
233 8042
233 9383
234 547
234 754
234 800
234 1879
234 2042
234 2940
234 5432
234 5957
234 6382
234 6842
234 7314
234 7792
234 8136
234 8987
235 2174
235 2574
235 3558
235 3720
235 4074
235 4749
235 5014
235 6512
235 6560
235 6771
235 8201
235 9567
235 9592
235 9763
236 301
236 1288
236 2483
236 3907
236 4597
236 6506
236 6817
236 7529
236 7790
236 8650
236 9500
237 255
237 736
237 3074
237 4412
237 4672
237 4987
237 5528
237 6022
237 6268
237 6326
237 7734
237 8037
237 9442
237 9445
238 2167
238 2638
238 2832
238 3989
238 4810
238 4885
238 5239
238 5534
238 5628
238 6029
238 6322
238 7535
238 8235
238 8816
239 824
239 1043
239 2537
239 3562
239 3771
239 4126
239 4694
239 5295
239 5821
239 7233
239 7523
239 8072
239 8443
240 1618
240 1995
240 2147
240 2311
240 2594
240 2673
240 2704
240 3197
240 3397
240 3680
240 3828
240 4275
240 6379
240 6796
240 6860
240 7648
240 8005
240 9441
241 694
241 758
241 1037
241 1114
241 1775
241 3474
241 5119
241 6513
241 7188
241 7469
241 7920
241 8528
241 9576
242 1004
242 2668
242 4564
242 5251
242 8196
242 8259
242 9224
242 9817
243 399
243 605
243 2076
243 3608
243 5019
243 5270
243 5411
243 6704
243 6709
243 6725
243 6989
243 7219
243 7818
243 7974
243 8361
243 8917
243 8994
243 9114
243 9808
244 889
244 1762
244 1797
244 2380
244 2453
244 2702
244 3132
244 3205
244 3468
244 3784
244 4042
244 4291
244 4633
244 4715
244 5789
244 6281
244 6553
244 8662
244 8958
244 9853
245 500
245 1974
245 2036
245 3189
245 3557
245 4450
245 4687
245 5390
245 6338
245 7525
245 8079
245 8708
246 329
246 574
246 1318
246 2161
246 2514
246 3560
246 4240
246 4307
246 5600
246 5664
246 6419
246 7393
246 7758
246 7896
246 8008
246 8422
247 529
247 1639
247 2093
247 2672
247 3871
247 4667
247 4700
247 5757
247 5924
247 6043
247 7366
247 7906
247 8228
248 384
248 720
248 1429
248 1536
248 1828
248 2070
248 3668
248 4244
248 4595
248 4849
248 5181
248 5680
248 5902
248 6053
248 6088
248 6563
248 7517
248 8099
248 8112
248 9148
249 1045
249 1395
249 1497
249 1642
249 2718
249 3735
249 3798
249 5262
249 6078
249 6816
249 7312
249 7775
250 494
250 1166
250 2034
250 2053
250 2959
250 3889
250 4272
250 4536
250 6761
250 6803
250 7196
250 7202
250 7239
250 7880
250 8715
250 9974
251 702
251 711
251 1630
251 3019
251 3785
251 4956
251 5464
251 8455
251 9002
251 9416
251 9993
252 519
252 559
252 2366
252 3236
252 4068
252 4617
252 4942
252 5049
252 5893
252 6612
252 6836
252 8138
252 8170
252 8916
252 9083
252 9723
253 648
253 954
253 1453
253 1925
253 1952
253 2157
253 3242
253 3518
253 3954
253 5303
253 5408
253 7148
253 7395
253 8160
254 2087
254 2663
254 3268
254 5381
254 6265
254 8856
254 9464
255 596
255 768
255 3588
255 4119
255 4611
255 5085
255 5748
255 6722
255 9015
255 9369
255 9751
256 1413
256 1591
256 2065
256 4417
256 4492
256 4509
256 4779
256 5328
256 5731
256 6213
256 6544
256 7241
256 7249
256 8419
256 8448
257 423
257 1937
257 2709
257 4123
257 5097
257 6415
257 7408
257 8675
257 8685
258 1315
258 1736
258 1809
258 3022
258 4014
258 4719
258 5035
258 5452
258 7400
258 7410
258 7725
258 8598
258 8684
258 9088
259 574
259 1486
259 2385
259 3207
259 3733
259 3748
259 4009
259 4377
259 7684
259 7840
259 9236
259 9945
260 588
260 1093
260 2487
260 3372
260 3442
260 5919
260 6619
260 7478
260 7520
260 7970
260 9013
260 9767
261 1073
261 3905
261 4561
261 4725
261 4857
261 7442
261 7501
261 9009
261 9150
261 9736
262 696
262 2028
262 3592
262 3775
262 4390
262 5541
262 6114
262 7114
262 8083
262 9222
262 9414
263 1086
263 1272
263 1482
263 3165
263 3201
263 3825
263 5456
263 5653
263 5933
263 5972
263 6044
263 6321
263 6581
263 6610
263 6916
263 7005
263 7540
263 7907
263 7994
263 9248
263 9399
263 9419
263 9952
264 714
264 886
264 971
264 1025
264 1385
264 1404
264 7344
264 7951
264 9498
264 9690
264 9699
265 1325
265 1386
265 3211
265 4265
265 4342
265 4494
265 4717
265 5409
265 7800
265 8048
265 9642
266 604
266 796
266 1017
266 2768
266 3585
266 3630
266 4921
266 6124
266 6529
266 7163
266 7378
266 7705
266 8659
266 9079
266 9175
266 9589
266 9613
266 9918
267 707
267 1059
267 2897
267 2986
267 3472
267 4486
267 4829
267 5117
267 6009
267 8316
267 8919
267 9235
267 9599
268 732
268 807
268 1882
268 2160
268 2973
268 3539
268 4511
268 5183
268 5531
268 6439
268 7097
268 8520
268 9943
269 948
269 1684
269 2886
269 3375
269 3673
269 6109
269 6852
270 533
270 1420
270 1603
270 2189
270 2358
270 3286
270 3844
270 4602
270 6317
270 7040
270 8142
270 8581
270 8928
271 649
271 781
271 943
271 1918
271 2776
271 2823
271 3133
271 3521
271 4083
271 5041
271 5515
271 5553
271 5867
271 7766
271 9153
271 9674
272 680
272 707
272 965
272 2387
272 2530
272 2901
272 3734
272 3967
272 5805
272 7593
272 8317
272 8704
273 582
273 3125
273 3752
273 4431
273 5038
273 5040
273 5111
273 6561
273 6936
274 1722
274 1894
274 2571
274 5585
274 9805
275 360
275 735
275 1997
275 2383
275 3528
275 5609
275 5876
275 6221
275 7922
275 8105
275 8373
275 9545
276 1077
276 2027
276 3345
276 4372
276 4495
276 5315
276 7291
276 7805
276 8145
277 360
277 1308
277 3702
277 4391
277 4877
277 5316
277 6052
277 6410
277 6711
277 7043
277 7293
277 7638
277 8165
277 8347
277 8407
278 1333
278 1965
278 2388
278 4362
278 4983
278 6573
278 7042
278 7522
278 8978
278 9285
278 9290
278 9385
278 9891
279 398
279 629
279 1010
279 1873
279 2333
279 4572
279 4837
279 6374
279 7048
279 7692
279 9176
280 661
280 764
280 850
280 1819
280 2561
280 2585
280 2647
280 2726
280 2989
280 4054
280 4812
280 5623
280 5759
280 6079
280 6657
280 6832
280 8187
280 9049
280 9671
281 1246
281 3073
281 3566
281 4210
281 4250
281 5374
281 7434
281 7467
281 9031
282 1923
282 2474
282 3742
282 5775
282 5783
282 6051
282 6059
282 7072
282 7508
282 7780
282 7843
282 7913
282 8588
282 8782
282 8970
283 747
283 902
283 1156
283 1646
283 2310
283 2344
283 2908
283 5421
283 6640
283 7868
283 8579
283 8840
283 9733
283 9979
284 626
284 664
284 1372
284 1861
284 2173
284 2360
284 4538
284 4986
284 6464
284 6862
284 7038
284 9622
285 900
285 905
285 945
285 2603
285 2799
285 2877
285 2899
285 6548
285 8021
285 8991
286 550
286 988
286 1165
286 1666
286 1737
286 3713
286 4771
286 6721
286 7286
286 7571
286 8182
286 8186
286 8576
286 8828
287 535
287 832
287 4162
287 4203
287 4799
287 5598
287 5848
287 7272
287 7409
287 9329
287 9422
287 9486
288 1121
288 1427
288 1669
288 1904
288 2049
288 2605
288 3040
288 4122
288 5713
288 6505
288 8237
288 8895
289 384
289 2367
289 3161
289 3215
289 3401
289 3469
289 4031
289 4818
289 4870
289 5155
289 7592
289 8723
290 1628
290 1703
290 2592
290 2623
290 4066
290 4205
290 4854
290 5191
290 5241
290 5330
290 5859
290 6191
290 7516
290 7955
290 8117
290 9538
291 629
291 792
291 1245
291 1380
291 1880
291 2168
291 2218
291 2362
291 2970
291 3335
291 3912
291 4463
291 4467
291 5692
291 5703
291 6739
291 8204
291 9607
291 9818
292 1470
292 2021
292 2151
292 8157
293 964
293 1579
293 1606
293 2284
293 4252
293 4757
293 5037
293 5801
293 6611
293 6621
293 7675
293 7770
293 8780
294 949
294 1002
294 1051
294 1600
294 3643
294 3750
294 4047
294 6292
294 7424
295 583
295 633
295 871
295 1105
295 1167
295 2088
295 2111
295 4175
295 5836
295 6380
295 7061
295 7130
295 7221
295 7449
295 7898
295 7980
295 8122
295 9616
295 9892
295 9997
296 468
296 1281
296 2442
296 2606
296 3244
296 3587
296 3649
296 3731
296 5741
296 7345
296 7888
296 8128
297 693
297 3559
297 4278
297 5343
297 5676
297 6210
297 6482
297 6878
297 6946
297 7166
297 7267
297 8086
297 9109
297 9435
297 9923
298 2593
298 3273
298 3369
298 3732
298 6258
298 6785
298 6864
298 7640
298 8242
298 8519
299 2007
299 3867
299 4626
299 5018
299 5843
299 6595
299 6964
299 7727
300 2005
300 2098
300 2688
300 5678
300 6786
300 7577
300 7591
300 7607
300 9145
300 9440
300 9647
301 745
301 777
301 2737
301 4729
301 4769
301 4909
301 5048
301 5522
301 5994
301 8841
301 9202
302 1313
302 2194
302 4526
302 5792
302 6360
302 6434
302 6596
302 7381
302 8606
302 9258
302 9493
302 9502
303 888
303 1407
303 2871
303 3658
303 5399
303 6753
303 6913
303 7321
303 7323
303 7334
303 7761
303 8365
303 9058
303 9381
303 9651
304 919
304 1325
304 2413
304 3487
304 4976
304 6223
304 6418
304 6660
304 7616
304 7986
304 8426
304 8937
304 9063
304 9309
304 9701
305 845
305 1414
305 2397
305 2687
305 2816
305 3014
305 3962
305 4890
305 5363
305 5855
305 6248
305 8501
305 8537
305 8891
305 9537
305 9645
306 462
306 669
306 692
306 1733
306 2705
306 5695
306 7340
306 7892
306 7937
306 8314
306 8705
307 381
307 450
307 655
307 1080
307 2976
307 3159
307 4354
307 4639
307 4744
307 5030
307 5992
307 7301
307 8025
307 8516
308 433
308 536
308 995
308 1614
308 2422
308 2614
308 2852
308 2965
308 2997
308 4603
308 7502
308 7622
308 7728
308 8284
308 9217
308 9644
309 990
309 1158
309 2081
309 2137
309 2289
309 2485
309 2827
309 4409
309 5184
309 5733
309 5791
309 7973
309 9165
309 9264
309 9350
309 9548
309 9562
310 958
310 1299
310 1314
310 1371
310 3440
310 3903
310 4432
310 6577
310 8912
310 8963
310 8974
310 9912
311 834
311 1425
311 1901
311 2023
311 2247
311 4204
311 6274
311 8857
312 621
312 2041
312 2130
312 3426
312 3522
312 3572
312 5506
312 5688
312 5973
312 7178
312 8611
313 1136
313 1152
313 1499
313 3066
313 5419
313 6216
313 8447
313 8762
313 8764
313 9131
314 881
314 1054
314 2316
314 2936
314 3432
314 5096
314 6060
315 2025
315 3112
315 3392
315 3430
315 4183
315 4911
315 4981
315 5624
315 5825
315 5921
315 5988
315 6257
315 6975
315 9916
316 3635
316 5167
316 5675
316 6933
316 8669
316 9263
316 9375
317 889
317 913
317 940
317 1319
317 1786
317 1921
317 2139
317 2175
317 2472
317 2951
317 3318
317 4223
317 4824
317 6614
317 6634
317 6784
317 6790
317 7710
317 7855
318 882
318 1806
318 2393
318 3959
318 5144
318 5645
318 6328
318 7177
318 7556
318 8836
318 9272
319 510
319 666
319 773
319 1350
319 1850
319 3122
319 5878
319 6234
319 6361
319 7530
320 980
320 1368
320 1800
320 3037
320 3783
320 3937
320 4378
320 4767
320 7833
320 8800
320 8940
321 366
321 2734
321 3010
321 4095
321 4185
321 5294
321 5365
321 6800
321 9092
321 9197
322 505
322 1256
322 1578
322 3337
322 4130
322 8030
322 9324
322 9681
323 414
323 464
323 1220
323 1402
323 2229
323 2595
323 2903
323 3696
323 4702
323 5003
323 5439
323 6356
323 6540
323 6795
323 6926
323 6957
323 7579
323 8445
323 9593
324 528
324 1254
324 1830
324 1929
324 2783
324 3618
324 4979
324 5283
324 6348
324 7444
324 7458
324 8893
325 492
325 1698
325 1794
325 1798
325 2521
325 4219
325 5026
325 6185
325 7768
325 8726
326 864
326 1078
326 2090
326 4312
326 4641
326 4938
326 6309
326 6855
326 8019
326 8830
326 9099
326 9213
326 9273
327 1551
327 1838
327 2161
327 2256
327 2857
327 3708
327 4340
327 6461
327 6507
327 8641
327 8990
327 9199
327 9687
327 9877
328 471
328 2929
328 4160
328 5745
328 6140
328 6157
328 6912
329 3030
329 4836
329 4937
329 4957
329 5043
329 5229
329 8372
329 8457
329 9407
329 9564
330 388
330 1000
330 2209
330 3443
330 3471
330 3567
330 3865
330 4469
330 5418
330 5930
330 6119
330 8739
331 826
331 1331
331 1627
331 2459
331 2570
331 2980
331 4025
331 4468
331 4571
331 5397
331 6907
331 7850
331 8312
331 9172
331 9208
331 9678
331 9960
332 1185
332 1386
332 1500
332 1770
332 2524
332 2584
332 4620
332 4743
332 5760
332 6530
332 9074
332 9163
332 9259
332 9585
332 9991
333 608
333 1169
333 3685
333 4548
333 4605
333 5612
333 6588
333 6677
333 6981
333 7335
333 7885
334 378
334 2553
334 4389
334 6822
334 8264
334 8288
334 8955
335 625
335 636
335 791
335 2129
335 3078
335 3549
335 5489
335 5555
335 7448
335 8022
335 8615
335 9501
336 883
336 3148
336 3821
336 5095
336 5403
336 5985
336 7014
336 8301
336 8765
336 8894
336 8969
337 381
337 844
337 1028
337 3083
337 3412
337 3515
337 5218
337 6306
337 6554
337 7933
337 8936
338 1528
338 1604
338 1655
338 1903
338 1964
338 2244
338 3139
338 3400
338 3405
339 672
339 945
339 1029
339 3004
339 4640
339 5519
339 5986
339 8638
339 9115
339 9640
339 9885
339 9948
340 1805
340 2009
340 2314
340 2536
340 3225
340 5961
340 7697
340 9183
341 660
341 981
341 1498
341 2211
341 2717
341 3168
341 5190
341 6045
341 6199
341 7083
341 8065
341 9017
342 1248
342 1553
342 1764
342 3150
342 3753
342 3770
342 5165
343 825
343 998
343 3876
343 6714
343 7845
343 7905
343 9614
344 1060
344 1781
344 2183
344 2972
344 4568
344 4654
344 5090
344 6336
344 9226
345 577
345 2529
345 2804
345 3258
345 3843
345 6571
345 6931
345 9769
346 679
346 806
346 868
346 1044
346 2790
346 3594
346 5106
346 7305
346 7650
346 7703
346 8244
346 8440
347 386
347 1259
347 1679
347 1790
347 2079
347 2648
347 5058
347 5232
347 7225
347 7486
347 8208
347 8681
347 8737
348 481
348 994
348 2089
348 2336
348 3167
348 3600
348 3829
348 4768
348 6462
348 6501
348 9367
349 1025
349 1535
349 4184
349 5151
349 5804
349 7919
349 8570
349 9977
350 3804
350 4856
350 5219
350 7985
350 8396
350 9071
350 9641
350 9840
351 1669
351 3265
351 4965
351 6433
351 7143
351 7313
351 7331
352 902
352 2002
352 2867
352 2928
352 3339
352 3837
352 4217
352 4933
352 5909
352 8263
352 8368
352 9218
352 9619
353 496
353 946
353 3192
353 4243
353 5433
353 6422
353 6778
353 8603
353 8757
354 617
354 843
354 2022
354 2879
354 3489
354 3496
354 5479
354 6950
354 8572
354 9089
355 393
355 483
355 718
355 1465
355 2661
355 3016
355 3610
355 4335
355 9242
355 9433
356 1353
356 1784
356 2731
356 3499
356 3801
356 5150
356 5309
356 7438
356 8219
356 8492
357 445
357 830
357 1232
357 1440
357 2762
357 3595
357 5727
357 6846
357 8413
357 8734
357 9362
357 9743
358 1914
358 2322
358 2613
358 3623
358 4853
358 6805
358 7671
358 9215
358 9558
359 571
359 1550
359 2979
359 3191
359 3494
359 3652
359 4161
359 4334
359 4344
359 5347
359 5810
359 8278
359 8547
359 8915
359 9517
360 969
360 3424
360 4220
360 9067
360 9118
361 681
361 732
361 1120
361 2796
361 3012
361 3475
361 4193
361 5402
361 6100
361 6600
361 7116
361 9526
362 2110
362 4091
362 6069
362 6255
362 6397
362 7875
362 8338
362 9565
362 9721
363 388
363 2280
363 2493
363 3395
363 3913
363 4565
363 5129
363 5238
363 6879
363 8614
364 699
364 1738
364 2234
364 2243
364 2613
364 2987
364 3288
364 3990
364 4456
364 5690
364 7376
364 9861
365 400
365 1636
365 2711
365 5280
365 6409
365 7649
365 8273
366 3371
366 3622
366 4087
366 4191
366 5179
366 6018
366 6494
366 8634
366 9553
367 377
367 460
367 1328
367 3364
367 3611
367 5897
367 6152
367 7635
367 7825
367 9542
368 1603
368 3143
368 5159
368 7107
368 7945
368 8340
369 897
369 1657
369 2071
369 5275
369 6871
369 7076
369 7118
369 8620
370 920
370 1455
370 2077
370 2440
370 2500
370 3579
370 4072
370 5231
370 5255
370 6203
370 8574
371 627
371 2265
371 4305
371 6623
371 7096
371 8134
372 885
372 1884
372 2608
372 2978
372 5389
372 6098
372 7260
372 8513
372 9318
373 506
373 663
373 1548
373 2684
373 5812
373 6523
373 6686
373 8296
374 665
374 1229
374 3098
374 4940
374 7862
374 8900
375 1262
375 1347
375 2546
375 2651
375 4279
375 4351
375 4949
375 5770
375 7101
375 8195
375 8517
376 4267
376 5691
376 6973
376 8016
377 546
377 918
377 3358
377 5223
377 5361
378 444
378 730
378 1209
378 2778
378 5009
378 5499
378 5907
378 6899
378 8109
378 8485
378 8596
378 9939
379 773
379 1021
379 3313
379 3531
379 4155
379 5354
379 5693
379 5710
379 6323
379 7303
379 7315
379 7963
379 8583
379 9429
380 474
380 2163
380 2732
380 3446
380 4037
380 4216
380 4438
380 5949
380 5953
380 6394
380 7132
380 7184
381 1106
381 4294
381 4785
381 5820
381 8327
381 9855
382 1729
382 2733
382 2754
382 2961
382 3427
382 3682
382 3973
382 5511
382 6197
382 8730
382 9777
383 651
383 1265
383 2403
383 3948
383 4093
383 4329
383 5069
383 5884
383 7398
383 8678
383 9646
383 9803
383 9920
384 449
384 966
384 1251
384 2195
384 2789
384 3032
384 3170
384 3500
384 4758
384 5007
384 5532
384 6158
384 6370
384 8034
384 8319
384 8379
385 549
385 1029
385 1148
385 1751
385 1963
385 1998
385 7001
385 7870
385 9085
386 1745
386 3519
386 4488
386 4884
386 5216
386 5850
386 7719
386 8364
386 8755
386 8775
386 9320
386 9389
387 2775
387 5580
387 6417
387 8069
387 9262
388 1489
388 3707
388 4056
388 5112
388 6016
388 6516
388 7949
388 8779
388 8872
389 851
389 1177
389 1191
389 1780
389 1897
389 2528
389 5152
389 5346
389 5837
389 6260
389 6971
389 8094
389 8535
389 8733
389 9336
390 468
390 1518
390 3196
390 3328
390 4067
390 4292
390 7319
390 8378
390 8534
390 8926
390 9661
391 438
391 728
391 1990
391 2656
391 3154
391 4269
391 4516
391 5912
391 6168
391 6405
391 8255
391 8976
391 9030
391 9269
392 2723
392 3181
392 3245
392 4905
392 6111
392 6206
392 6710
392 6731
392 7857
392 8303
392 8626
392 9307
392 9944
393 828
393 1825
393 1849
393 2946
393 3851
393 4882
393 5707
393 7035
393 7365
393 8167
393 9003
393 9793
394 921
394 1015
394 2507
394 3492
394 5385
394 7497
394 7544
394 7669
394 9596
395 1012
395 2545
395 3362
395 3835
395 4125
395 5578
395 5809
395 7404
395 7611
395 7754
395 7983
395 8454
395 8860
395 8885
395 9340
395 9571
395 9670
396 591
396 1066
396 2665
396 2757
396 3717
396 7372
396 8616
396 8921
396 9490
397 716
397 1608
397 2263
397 3278
397 3767
397 3877
397 5147
397 5322
397 6943
398 1529
398 2525
398 3864
398 4017
398 4695
398 9255
399 1050
399 2185
399 2943
399 3971
399 4266
399 4501
399 8222
399 9482
400 2916
400 3419
400 3661
400 9579
400 9978
401 2724
401 2904
401 3155
401 4460
401 4472
401 4563
401 7139
401 9173
401 9830
402 2935
402 3300
402 3537
402 5950
402 6826
402 7462
402 8148
403 947
403 1051
403 1411
403 4363
403 5592
403 6220
403 9227
404 544
404 901
404 1753
404 2907
404 6682
404 6870
404 8346
404 8518
404 9863
405 1332
405 1500
405 2481
405 5380
405 6841
405 8018
405 8355
405 9574
406 2707
406 3130
406 3657
406 7133
406 8156
406 9539
407 539
407 700
407 1504
407 2517
407 2888
407 3120
407 3230
407 3689
407 5484
407 6859
407 9050
408 1168
408 1711
408 1754
408 3316
408 4530
408 5887
408 5998
408 7726
408 9286
409 522
409 789
409 909
409 1205
409 2095
409 2849
409 3483
409 3854
409 4790
409 5639
409 6084
409 6934
409 7034
409 8660
409 9198
409 9345
410 497
410 859
410 1026
410 2325
410 4102
410 5084
410 5339
410 6259
410 7175
410 9506
410 9869
411 750
411 913
411 1278
411 1714
411 2035
411 2223
411 2492
411 5332
411 5441
411 6636
411 6789
411 8436
411 8469
411 9080
412 973
412 1303
412 2423
412 3421
412 4251
412 4270
412 4558
412 4881
412 6230
412 6264
412 8722
413 442
413 764
413 2850
413 3171
413 4001
413 4159
413 4407
413 6620
413 8508
413 9412
414 565
414 724
414 3745
414 4195
414 5947
414 6211
414 7706
414 8304
414 8763
415 2589
415 3060
415 3243
415 5781
415 6061
415 6198
415 7010
415 7357
415 7489
415 8039
415 8636
415 9704
416 2890
416 3013
416 3344
416 3935
416 4680
416 6730
416 7596
416 8957
416 9932
417 508
417 798
417 887
417 1346
417 1562
417 2471
417 5891
418 1570
418 1734
418 2713
418 3860
418 4368
418 4619
418 5516
418 8451
418 9630
419 1067
419 3894
419 4540
419 5051
419 6416
419 6455
419 6746
419 7735
419 8595
419 9917
420 476
420 1566
420 1572
420 1595
420 3448
420 3551
420 3996
420 4107
420 4655
420 6324
420 6425
420 6840
420 7211
420 8806
421 1039
421 1160
421 3900
421 4939
422 642
422 1145
422 1167
422 1612
422 2178
422 4838
422 5358
422 5747
422 6575
422 6744
422 6765
422 7137
422 8467
422 9849
423 1018
423 1912
423 2513
423 5565
423 5566
423 6278
423 7062
423 7193
423 8100
424 831
424 944
424 1408
424 5042
424 8724
424 8910
424 9837
425 930
425 2895
425 4309
425 4423
425 4579
425 5709
425 7977
425 9958
426 1505
426 2180
426 4541
426 5186
426 5517
426 9598
427 1058
427 1117
427 1464
427 2676
427 3943
427 5093
427 6499
427 7874
427 9252
427 9609
428 590
428 1697
428 2312
428 3723
428 4705
428 6437
428 7302
429 1672
429 6376
429 6615
429 6752
429 7436
429 7613
429 8714
429 9925
430 712
430 1308
430 2302
430 6347
430 6874
430 7213
430 7332
430 7718
430 8129
430 9062
431 505
431 4745
431 5010
431 5395
431 5538
431 6240
431 8593
432 589
432 2645
432 4043
432 4326
432 5168
432 5793
432 6813
433 1557
433 1827
433 7282
433 7803
433 7939
434 1906
434 2056
434 3671
434 5615
434 6857
434 7145
434 8401
434 8750
435 591
435 1435
435 2555
435 3177
435 4336
435 6363
435 6524
435 7170
435 8227
435 8389
435 9821
436 502
436 860
436 1082
436 1512
436 1966
436 4365
436 4444
436 5082
436 5851
436 6232
436 6691
436 8395
436 9174
436 9266
437 903
437 934
437 1100
437 4283
437 5338
437 8323
437 9357
437 9976
438 2208
438 2843
438 4774
438 9138
439 1841
439 3297
439 3660
439 5388
439 6900
439 7736
439 7890
439 8691
439 9497
440 990
440 1344
440 2115
440 2181
440 5157
440 5364
440 6219
440 7058
440 8753
441 676
441 2478
441 6343
441 6807
441 7299
441 7371
441 8922
441 9349
441 9434
442 1063
442 2887
442 3477
442 4692
442 4919
442 4970
442 5823
442 5991
442 6277
442 9216
442 9798
443 2992
443 4910
443 6876
443 8173
443 8302
443 8741
443 8992
443 9814
444 2026
444 2046
444 4045
444 4280
444 5142
444 6762
445 581
445 3262
445 3626
445 3995
445 5360
445 7006
446 1097
446 1183
446 3187
446 4050
446 4992
446 7054
446 7182
446 8653
447 659
447 915
447 1260
447 1831
447 2567
447 3532
447 4092
447 5062
447 5260
447 6300
447 6646
447 7567
447 8158
447 8904
447 9387
447 9527
447 9787
448 739
448 869
448 879
448 3366
448 3575
448 4141
448 4924
448 5250
448 5459
448 6068
448 6463
448 7146
448 8510
449 512
449 840
449 4504
449 5866
449 6227
449 6958
449 7597
449 8689
449 9682
450 1458
450 1624
450 1919
450 2371
450 3999
450 4531
450 5627
450 5830
450 9780
450 9784
451 628
451 906
451 1360
451 1731
451 1802
451 1845
451 1852
451 1875
451 2257
451 2580
451 4153
451 6325
451 7425
452 2506
452 3330
452 4517
452 5233
452 6956
452 6998
452 7012
453 3068
453 3677
453 4610
453 5100
453 6102
453 6176
453 6924
453 7152
453 8171
453 8863
454 695
454 967
454 1115
454 1189
454 1193
454 1582
454 1992
454 2814
454 3786
454 7144
454 7256
454 7330
454 8569
454 9648
455 816
455 1601
455 3223
455 3885
455 6641
456 465
456 2291
456 2355
456 4544
456 4696
456 4814
456 4899
456 8054
456 8188
457 936
457 1200
457 2378
457 4165
457 4348
457 5415
457 7964
457 8798
458 977
458 2292
458 2539
458 4290
458 4903
458 5617
458 7641
458 7804
458 7895
459 667
459 2918
459 4809
459 7246
459 7541
459 8096
460 737
460 1927
460 2694
460 5211
460 6537
460 7200
461 649
461 5557
461 6644
462 2303
462 2389
462 2600
462 3341
462 8089
462 8309
463 489
463 636
463 2670
463 4760
463 4815
463 7637
463 8277
463 8533
463 9119
463 9314
463 9331
464 719
464 1715
464 1735
464 1953
464 2577
464 2780
464 4113
464 4424
464 6877
464 7695
464 8500
464 9006
464 9354
464 9453
465 609
465 928
465 1421
465 1899
465 5404
466 1864
466 2769
466 3797
466 5482
466 6178
466 6781
466 7199
466 8003
466 9858
467 480
467 1007
467 1280
467 1549
467 2250
467 2269
467 2636
467 2798
467 2985
467 4015
467 8110
467 8942
468 486
468 1552
468 3503
468 4588
468 4805
468 6965
468 7020
468 7399
468 7518
469 1425
469 4808
469 6668
469 8236
469 9536
470 661
470 917
470 1843
470 2287
470 7554
470 9471
471 2184
471 3958
471 4498
471 4614
471 5265
471 6719
471 7067
471 7413
471 9897
472 964
472 2143
472 2166
472 2318
472 2327
472 2418
472 3376
472 3691
472 5212
472 7730
472 8198
473 926
473 2632
473 4005
473 4077
473 5228
473 5708
473 8013
473 9103
474 2239
474 5442
474 7971
474 9764
475 2272
475 2275
475 2490
475 3247
475 4416
475 4865
475 6650
475 7493
475 7656
475 7903
475 8000
475 9256
475 9982
476 2103
476 2458
476 4660
476 6319
476 7285
476 7329
476 8258
476 9283
476 9799
477 1516
477 1899
477 2352
477 3574
477 5551
477 8878
477 9007
477 9045
478 1264
478 3773
478 5481
478 5874
479 1434
479 1874
479 2214
479 7165
480 1285
480 1981
480 5520
480 6579
480 6716
480 7826
480 8585
480 9522
480 9961
481 941
481 1746
481 5641
481 7016
481 8532
482 667
482 1716
482 3774
482 4108
482 4356
482 5599
482 6097
482 6225
482 6445
482 7431
482 7748
482 7877
483 3746
483 6678
483 6726
483 7917
483 8754
484 2813
484 4052
484 4258
484 6179
484 8224
485 710
485 1249
485 2512
485 5355
485 5371
485 9547
486 3520
486 3706
486 4238
486 4600
486 6386
487 573
487 1619
487 3378
487 5348
487 5485
487 6521
487 7320
487 7578
487 8488
487 9520
487 9898
488 1227
488 2968
488 3006
488 3034
488 4697
488 9584
489 823
489 1439
489 3393
489 4670
489 5067
489 5561
489 5654
489 5756
489 6480
489 6985
489 8212
489 8875
489 8995
490 860
490 5590
490 6607
490 7161
490 9962
491 659
491 678
491 837
491 3887
491 3976
491 4915
491 5021
491 5764
491 6474
491 6654
491 8988
492 809
492 1449
492 1996
492 3131
492 3693
492 6034
492 6412
492 7724
492 8246
492 9191
493 1164
493 3664
493 4152
493 4449
493 8050
493 9257
494 1316
494 3524
494 5725
494 7172
494 7268
494 9447
495 551
495 1709
495 2565
495 6648
495 8154
495 8555
495 9337
495 9432
496 2159
496 3855
496 9033
496 9734
497 1821
497 2616
497 5681
497 5945
497 7025
497 8169
497 9301
498 505
498 841
498 1758
498 3653
498 5625
498 7210
498 7634
498 9557
498 9668
499 613
499 1065
499 2233
499 3285
499 4928
499 6908
500 1909
500 2260
500 3277
500 3969
500 5264
501 562
501 3029
501 3781
501 4845
501 5243
501 6014
501 6684
501 8026
501 8612
501 8803
502 5288
503 583
503 1459
503 3928
503 6449
503 7336
503 8951
503 9626
504 1023
504 1773
504 2015
504 3444
504 3743
504 3793
504 5699
504 7066
504 9439
505 951
505 1110
505 4650
505 5240
505 6313
505 9091
506 1020
506 1239
506 1713
506 1741
506 2515
506 3891
506 5929
506 7164
506 7277
506 8179
506 8946
507 801
507 2057
507 6270
507 6493
507 6732
507 6738
507 7859
507 8066
507 8177
508 1072
508 2700
508 4048
508 8470
509 880
509 3036
509 4117
509 6074
509 6759
509 7500
509 8289
510 1352
510 8452
511 1075
511 2865
511 4041
511 6071
511 8549
511 9689
512 3646
512 4657
512 4947
512 4991
512 5050
512 7912
512 9254
513 815
513 2108
513 3470
513 5890
513 7866
514 650
514 849
514 1730
514 1913
514 2516
514 3381
514 3571
514 4967
514 5378
514 5581
515 1632
515 1705
515 4174
515 5722
515 5860
515 7781
515 8804
516 632
516 1412
516 1492
516 1989
516 4170
516 4609
516 5465
516 8996
517 1192
517 1684
518 1376
518 4218
518 4646
518 7708
518 8076
518 8760
518 9073
519 1865
519 3467
519 6008
519 8291
519 9029
520 714
520 2927
520 3886
520 4990
520 5221
521 2596
521 2784
521 2945
521 4817
521 4922
522 1675
522 2240
522 4621
522 5137
522 7901
522 8247
522 8784
523 711
523 2763
523 3832
523 4793
524 2657
524 4249
524 4522
524 6514
524 7121
524 7823
524 7929
524 8124
524 8285
524 8968
525 715
525 1437
525 2255
525 5166
525 5720
525 7722
525 7837
525 8027
525 9344
526 944
526 1626
526 2641
526 3124
526 4399
526 5413
526 6854
526 8367
526 8499
526 9417
526 9673
526 9691
527 4748
527 5001
527 5115
527 5696
527 5858
527 5872
527 6850
527 7098
527 8102
527 8462
527 8617
528 854
528 1016
528 1231
528 2428
528 4422
528 4753
528 5349
528 5601
528 5763
528 6519
528 6942
528 7636
528 8305
528 9265
528 9834
529 2433
529 5061
529 9076
529 9078
530 2277
530 2631
530 2773
530 4549
530 6378
531 782
531 914
531 1419
531 2498
531 3140
531 3570
531 4044
531 4584
531 4770
531 6288
531 6783
531 6866
531 7261
532 747
532 4064
532 7585
532 8580
532 9496
532 9601
533 979
533 3433
533 4322
533 6547
533 9454
534 4222
534 4257
534 5967
534 6955
534 9924
535 1351
535 4299
535 6983
535 8680
536 842
536 2030
536 2328
536 3264
536 5205
536 6395
536 7022
536 9037
536 9075
537 2042
537 5674
537 6504
537 7617
538 799
538 2017
538 2082
538 2594
538 2721
538 3795
538 4913
538 5324
538 8479
539 2564
539 3269
539 5319
539 7082
539 8913
539 8924
540 906
540 4143
540 6193
540 6692
540 7816
541 937
541 1131
541 1451
541 1959
541 5078
541 5259
541 5299
541 6130
541 8670
541 8945
542 668
542 824
542 1911
542 5673
542 6663
543 2075
543 4261
543 5368
543 6966
544 1348
544 5740
544 5911
544 6237
544 6304
544 6980
544 8113
544 9623
545 3149
545 3409
545 6276
545 6287
546 1359
546 6057
546 9851
547 929
548 3111
548 5215
548 5440
548 6823
548 7460
548 8814
549 1947
549 3382
549 4142
549 5552
549 7861
549 7878
549 9166
550 1125
550 2421
550 2560
550 3510
550 3699
550 4358
550 4888
550 6616
550 6905
550 6944
551 838
551 847
551 1224
552 2496
552 3284
552 5594
552 5776
552 8286
553 1817
553 3456
553 4069
553 4539
553 6420
553 6705
553 6993
553 7485
553 7510
553 9178
554 751
554 3048
554 3294
554 4462
554 7830
554 8591
554 9594
555 8191
555 8226
555 8268
555 8429
555 8701
555 8767
556 2346
556 2349
556 2407
556 4241
556 4553
556 5453
556 8437
556 9785
557 5788
557 5881
557 7102
557 7720
557 8057
557 8575
557 9171
557 9424
558 1062
558 3994
558 5197
558 5301
558 6231
558 8287
558 9096
558 9709
558 9965
559 1119
559 2001
559 4321
559 4709
559 5089
559 8183
559 9781
560 955
560 2667
560 6170
560 7049
560 8098
561 1142
561 1253
561 1323
561 1324
561 2719
561 4864
561 5633
561 5752
561 6269
561 7503
561 8095
561 9333
561 9720
562 819
562 960
562 1888
562 1971
562 2133
562 3377
562 8213
563 836
563 3021
563 3084
563 3336
563 6856
563 7264
564 1916
564 2123
564 6715
565 4514
565 4929
565 5284
565 5292
565 5765
565 6131
565 6406
565 8220
565 9628
566 1771
566 2758
566 3218
566 5802
566 8718
566 9730
566 9871
567 1960
567 4858
567 5540
567 6925
567 8217
567 8399
568 786
568 1326
568 2282
568 5029
568 6174
568 7672
568 8180
568 8216
568 8795
569 3730
569 7103
569 7732
569 9382
570 1151
570 1196
570 5726
570 6399
570 6689
570 7009
570 7288
570 7509
570 8592
570 9125
571 3722
571 3988
572 617
572 1527
572 1783
572 2542
572 3260
572 5002
572 8979
572 9315
572 9815
573 1689
573 5982
573 6735
573 6809
573 6921
573 7647
573 8977
574 2660
574 5161
575 3993
575 4062
575 4247
575 6949
575 7594
575 7820
576 1204
576 1228
576 2251
576 4562
576 5937
576 6190
576 8331
576 8792
577 3011
577 3070
577 4197
577 7605
577 8911
577 9569
578 1474
578 1907
578 4296
578 5031
578 5549
579 619
579 978
579 1728
579 9667
580 4245
580 9760
581 1210
581 2625
581 6384
581 7678
581 8536
581 9903
582 618
582 1003
582 1099
582 1374
582 2170
582 4573
582 6520
582 7461
582 8001
582 9476
583 2451
583 2698
583 3302
583 4186
584 2048
584 2361
584 6954
584 7117
584 8858
584 9990
585 592
585 621
585 1442
585 1507
585 3946
585 4248
585 5906
585 6308
585 6398
585 9136
586 2504
586 2714
586 3056
586 3461
586 4013
586 6627
587 1416
587 1640
587 1815
587 3020
587 3726
587 4382
587 4429
587 5123
587 6815
587 8652
588 984
588 4011
588 7294
589 2682
589 2817
589 7018
589 7557
589 9573
590 1036
590 3597
590 4490
590 6565
590 8677
591 729
591 2534
591 8702
591 9332
592 2055
592 2182
592 3694
592 3695
592 4040
592 4843
592 5248
592 6307
592 6346
592 6585
592 7621
593 1222
593 4634
593 4721
593 5682
593 8321
593 8495
594 1038
594 1277
594 4984
594 9827
595 1436
595 2271
595 2331
595 5033
595 5835
595 7392
595 7552
596 1460
596 4138
596 7190
596 7511
596 8012
596 8080
597 968
597 1816
597 4439
597 4889
597 5856
597 6741
597 8357
597 9380
598 1670
598 2080
598 2191
598 2689
598 4373
598 8740
598 9032
599 631
599 769
599 1132
599 3956
599 4945
599 5460
599 6090
600 4151
600 4740
600 5596
600 6465
601 4684
601 5706
601 6484
601 9996
602 620
602 5369
602 5846
603 1842
603 2116
603 2298
603 4872
603 5928
603 7183
603 9672
604 775
604 3453
604 3648
604 3915
604 4555
604 4737
604 5171
604 5498
604 5586
605 2008
605 2374
605 4392
605 7359
606 1510
606 4775
606 8074
606 8084
607 3109
607 4883
607 5398
607 5913
607 6162
608 866
608 3065
608 3925
608 4029
608 5739
608 6963
608 7204
608 9342
609 2587
609 2836
609 3814
609 8339
610 1109
610 1275
610 1587
610 3368
610 3455
610 3787
610 3838
610 4169
610 5507
610 5829
610 7168
610 7940
610 8505
611 834
611 7024
611 9289
612 1382
612 1469
612 3026
612 3541
612 4714
612 5539
612 7191
612 7428
612 7846
612 9190
613 2427
613 3094
613 4783
613 8826
614 991
614 1467
614 1588
614 3355
614 8024
614 9546
615 1958
615 5302
615 5495
615 6491
615 8052
616 704
616 2032
616 2252
616 4315
616 5342
616 6195
616 8174
616 9838
617 1294
617 3700
617 6690
617 6861
618 1760
618 3147
618 4311
618 5744
618 7386
618 9209
618 9293
618 9600
618 9874
619 1870
619 2295
619 2394
619 4346
619 5257
619 5989
619 9303
620 8602
621 1178
621 1748
621 3923
621 6599
621 9740
622 823
622 932
622 8404
623 8600
623 8842
623 8844
624 1029
624 6427
624 7749
624 9402
625 6490
626 721
626 2568
626 3198
626 4111
626 5425
627 1024
627 2290
627 2491
627 2894
627 5114
627 6882
628 7123
628 9338
629 1543
629 2841
629 6734
629 6867
629 7119
629 7151
629 7251
629 9112
629 9392
630 2283
630 4237
630 5593
630 7081
630 9604
631 4101
631 5491
631 6357
631 6574
631 7228
631 8983
631 9000
631 9528
633 6118
634 1488
634 2393
634 2807
634 6414
634 6477
634 9472
635 8063
635 8967
636 1621
636 2201
636 5334
636 8815
637 896
637 2981
637 4631
637 6489
638 709
638 2206
638 4552
638 6373
639 2501
639 6541
639 9597
640 974
640 5501
640 5963
641 757
641 3096
641 3436
641 3656
641 6727
641 9705
642 2375
642 3008
642 8114
643 710
643 1663
643 1853
643 3331
643 3384
643 6472
643 7441
643 7916
644 813
644 5025
645 1198
645 3437
645 5451
645 6556
645 7490
646 961
646 1014
646 2554
647 1088
647 3538
647 4288
647 6580
647 9406
648 1388
648 4678
648 5412
648 6768
648 8607
648 9365
649 2680
649 4355
650 4997
650 5604
651 7248
652 1435
652 4297
652 6180
652 7674
652 7689
652 9901
653 683
653 1530
653 5864
653 6872
653 7073
653 7915
653 9319
654 3805
654 4008
654 5729
654 8262
654 8794
655 3334
655 8202
655 9654
656 722
656 914
656 2873
656 3553
656 3603
656 6133
656 9608
657 893
657 1644
657 2522
657 3880
657 3972
657 4408
657 4491
657 5426
657 5877
657 9022
657 9739
658 1436
658 2771
658 4912
658 5075
658 5224
658 5391
658 5652
658 5910
658 7806
658 8161
659 1052
659 4012
659 5210
659 9867
660 1035
660 5914
660 6127
660 6651
660 7281
661 1623
661 1708
661 1769
661 3394
661 4906
661 7362
661 8125
662 2854
662 3128
662 3502
662 9154
663 2856
663 3482
663 4625
663 9577
664 1107
664 6696
664 7086
664 8818
665 6106
665 6481
665 7918
666 1327
666 2984
666 4411
666 4996
666 8126
666 8189
667 5266
667 5800
667 6770
667 8618
667 9549
668 2246
668 2644
669 691
669 2876
669 3219
669 3809
669 9738
670 1461
670 2996
670 4637
670 5808
670 7287
671 963
671 3423
671 5995
671 7000
671 7087
671 9582
671 9864
672 5463
672 6333
673 1025
673 6797
674 2074
674 7031
675 746
675 1167
675 5975
675 8345
675 8478
676 1814
676 4716
676 7325
676 8604
676 8717
677 9446
678 1113
678 1726
678 3636
678 6453
678 6552
678 7819
678 9284
679 1042
680 5840
680 6035
680 7809
681 5952
681 9034
682 1625
682 3848
682 6150
682 8400
683 1190
683 2045
683 4946
683 5422
683 9004
684 1520
684 2679
684 3687
684 4508
684 7187
684 7338
684 7712
684 9560
685 2060
685 6188
685 6428
685 8131
685 8356
686 1659
686 3823
686 9169
687 829
687 1452
687 3772
688 1064
688 1439
688 1721
688 2924
688 3063
688 5094
688 5533
688 5608
688 8571
688 9427
688 9450
688 9455
689 1422
689 2121
689 2947
689 6945
689 9221
690 951
690 976
690 2177
690 3616
690 6368
691 986
691 4287
691 8141
691 8250
691 9200
692 4578
692 8435
693 1329
693 9606
693 9801
694 4088
694 4178
694 5423
694 7192
694 9157
694 9275
695 3093
696 848
696 8868
696 9656
696 9888
697 3977
697 7981
697 9959
698 1569
698 2520
698 3769
699 5109
699 7039
699 7069
699 7785
699 8487
699 9459
700 953
700 4357
700 6843
700 8318
701 3250
701 4499
701 6082
702 5208
702 5875
702 6075
702 6353
702 8719
702 9137
703 1725
703 3028
703 4140
703 4908
703 4943
703 6624
703 8143
703 8428
703 8472
703 9405
704 2013
705 1067
705 3017
705 4772
705 5296
705 7053
705 8010
706 1759
706 2326
707 7876
707 8787
707 9325
708 1400
708 1495
708 4139
708 4932
708 7764
708 9956
709 5367
710 2569
710 6723
710 8599
711 1515
711 1671
711 3342
711 3916
711 5121
711 7851
712 3059
712 4566
712 9561
713 843
713 1700
713 6364
713 6886
713 7738
713 9167
714 1127
714 6299
714 7375
714 8392
715 5311
715 5313
715 6167
716 3275
716 4545
716 6391
717 3651
717 5022
717 7310
717 7396
718 2938
718 3179
718 3271
718 6594
718 7318
718 9902
719 3103
719 3754
719 4375
719 5983
719 6974
719 8211
720 989
720 1219
720 1565
720 2179
720 9718
721 3833
721 7052
721 8337
722 2198
722 4832
722 8341
722 8908
723 1346
723 4154
723 5290
724 2579
724 4720
724 6679
724 6992
725 2953
725 7848
725 8350
726 1031
726 2960
726 3323
727 1241
727 5118
728 2835
728 3256
728 6630
729 1261
729 6747
729 8898
730 2967
730 6163
730 8047
730 8770
731 1046
731 1616
731 4301
731 5189
732 895
732 922
732 1558
732 4763
732 7615
732 9323
733 1053
733 1541
733 2991
733 7004
733 7744
733 7777
733 7827
734 1340
734 2749
734 3629
734 4698
734 5602
735 2607
735 4738
735 6601
735 9277
736 6984
737 3267
737 4199
737 6582
737 6618
737 8070
738 4673
739 3163
739 4867
739 7957
740 5943
740 7276
740 7651
741 1265
741 1291
741 1858
741 2910
741 9715
742 2591
742 3641
742 5462
742 8081
743 1526
744 4593
744 6839
744 8282
744 8887
745 1994
745 2716
745 3052
745 4148
745 7185
746 2590
746 3193
746 4464
746 6888
746 8168
747 821
747 4759
748 774
748 2227
748 3932
750 1128
750 3582
750 3738
750 4574
750 5818
750 6593
751 1162
751 7688
751 8137
752 1832
752 6889
753 1615
753 4026
753 6452
753 6799
753 8281
754 1122
754 2767
754 5564
754 7402
754 8006
754 8610
754 9580
754 9884
754 9900
755 1310
755 1406
755 1963
755 2132
755 3580
755 5525
755 7829
756 790
756 1373
757 1179
757 1889
757 5393
757 6665
757 6909
757 9116
757 9859
758 2078
758 4441
758 4681
758 6658
758 7189
758 8176
758 8692
759 1389
759 8254
759 8515
760 4319
760 4842
760 5970
760 7244
760 7496
760 9880
761 1292
761 3295
761 4094
761 4410
761 5488
762 1824
762 2466
762 3311
762 4701
762 5806
762 6496
762 9123
763 1706
763 3628
763 4007
763 4487
763 5305
763 5979
763 7350
763 8530
763 8657
764 1409
764 5333
765 2464
765 4027
766 1238
766 2931
766 9027
767 897
767 1743
767 5670
767 6200
768 1361
768 5194
769 2957
769 4371
769 7580
769 8901
769 9270
770 811
770 1692
770 5417
770 5813
770 5889
770 8674
770 8935
770 9300
771 2753
771 4547
771 7394
771 8623
772 8527
773 2878
773 5512
773 5656
773 6791
773 8409
774 1094
774 6718
775 1593
775 3200
776 6922
776 7733
777 1740
777 4493
777 4519
778 1694
778 4478
778 5286
778 7051
779 1234
779 2131
779 2462
779 2547
779 6407
779 9418
779 9423
780 1502
780 1576
780 4393
780 5131
781 5934
782 4483
782 6164
782 7029
782 8561
783 1881
783 2637
783 2755
783 5056
783 6935
783 8307
784 937
784 3283
784 9634
785 2429
785 2911
785 3134
786 3674
786 5153
786 7349
786 8521
787 1354
787 3645
787 9935
788 1109
788 1336
788 7455
789 4364
789 7316
789 7784
789 8139
790 4926
790 6023
790 8821
791 7238
792 4930
792 5951
792 6680
792 7387
792 8673
793 5059
793 7572
794 2219
794 3987
794 6318
795 3160
795 5679
795 8861
796 1779
796 9908
797 1266
797 2241
797 8564
798 1926
798 2909
798 5285
799 2149
799 2872
799 7124
800 1560
800 2051
800 2527
800 3940
800 9766
801 3535
801 7811
802 1910
802 2456
802 4366
803 1808
803 4497
803 5483
803 8801
803 8845
804 1362
804 5863
804 7515
805 856
805 8090
806 2320
806 4892
806 5065
806 7105
806 9041
807 7045
807 8584
807 8902
808 4038
808 7289
808 7482
808 9521
809 1390
809 2176
810 2146
810 2282
810 3599
810 4786
810 7555
810 9457
811 2794
811 8605
811 9181
812 1749
812 5504
812 7271
812 8862
814 2559
815 1076
815 3830
815 6988
817 3639
817 6095
818 1161
818 5660
819 4427
819 8193
820 1837
820 5790
820 6835
821 4221
821 7864
821 8560
822 1761
822 2803
823 2635
823 4059
823 9384
823 9566
824 2399
824 3354
824 3356
824 3945
824 4510
824 6194
825 5572
825 6065
826 7156
826 9797
827 1195
827 3058
827 3667
828 1083
828 3878
828 5128
828 6661
828 7235
829 1585
829 5149
829 6144
829 6637
829 6962
829 9748
830 2477
830 3164
830 3898
830 5862
830 7686
831 1647
831 2232
831 6653
831 7667
831 8381
832 5450
832 7253
832 9404
833 1133
833 3697
833 4030
833 4226
833 7998
833 8773
834 1687
835 2669
835 4144
835 5719
835 7536
835 7814
836 3744
836 8269
836 8824
836 9410
837 3846
837 3866
837 4676
838 4000
838 5918
838 6147
838 6279
838 8275
839 2016
839 5359
840 4559
840 6538
840 6606
841 3555
842 861
844 4713
844 5362
844 5635
845 959
845 4752
845 7422
845 7652
846 1332
846 3493
846 6626
846 9477
847 867
847 1138
847 2787
847 7660
849 9452
850 2401
850 5172
850 7548
850 9196
851 1345
851 2299
852 4132
853 7275
853 9983
854 1243
854 2889
854 8850
855 1140
855 1146
855 5000
856 3041
856 6780
856 7539
857 1035
858 3505
858 3718
858 4668
858 9121
859 7865
859 9485
859 9713
860 5896
861 1496
861 4802
862 1653
862 2683
862 3985
862 5868
863 1153
863 4190
863 4662
863 5554
863 8386
864 4433
864 6272
864 9278
865 917
865 5320
867 1494
868 2855
868 7988
869 6327
870 2781
870 3220
870 6645
871 6135
872 2008
872 4233
872 5799
872 9551
873 970
873 8938
874 3556
874 5567
874 7427
874 7731
875 5236
877 4300
878 4645
878 8567
878 8981
879 1905
880 4703
880 9346
881 9532
882 2370
882 7838
882 9008
883 1030
883 3212
884 1242
884 7046
884 8829
884 9090
885 4448
885 5773
886 3415
886 4135
886 5619
886 6683
886 7090
887 1173
887 3024
888 2699
888 2851
888 3479
889 7873
889 8417
889 9161
890 6518
890 8522
891 5036
892 5351
892 6177
892 9247
892 9507
893 1175
893 8882
894 1364
894 1401
894 1648
894 5492
894 6777
894 9223
894 9559
895 1985
895 6039
895 8088
896 3485
896 7328
896 8234
896 9322
897 2285
898 2235
898 3320
898 8883
900 2323
900 4426
900 4755
900 7914
900 8667
901 4327
901 4862
901 5102
901 9287
902 6509
902 9624
904 1466
904 8589
905 2100
905 9244
906 1723
906 2452
906 7252
907 1088
907 6804
908 8432
909 3329
909 5446
909 7140
909 8820
909 9343
910 2012
910 5182
910 6655
910 7982
910 8322
911 1051
911 2654
911 4080
911 6669
912 5622
912 6533
913 1341
914 3701
914 8053
914 8068
915 1001
916 6838
917 2405
917 5839
918 5017
919 6435
921 1263
921 4115
922 2091
922 9659
923 1063
923 3306
923 4804
924 987
924 3282
925 9605
926 3457
926 6885
926 7620
927 1833
928 3203
928 8366
929 3947
929 8562
931 3365
931 5523
931 9792
933 1295
933 6674
933 8067
935 6915
935 7564
935 9735
936 2681
936 2884
937 9184
938 3620
938 8041
939 1481
939 7207
941 6694
941 8020
942 5045
942 9291
943 2332
943 6050
943 7793
944 6999
944 7258
944 8230
944 8686
945 3413
945 8352
946 1568
946 6863
947 5556
947 6742
949 9679
950 4732
950 8642
950 9143
951 2450
951 8223
952 5454
952 7127
952 8349
953 5879
953 6421
954 3064
954 7075
955 2622
955 4901
955 5503
955 7406
956 1848
957 2861
957 3383
957 5490
958 7969
959 1218
959 2952
959 7507
960 1631
961 4628
962 1149
962 1984
963 1765
965 5394
966 1338
966 2409
967 6724
967 9170
967 9812
970 2369
971 3863
971 7064
972 1247
972 1983
972 6110
972 8721
974 5317
974 8332
975 1058
976 2242
976 3495
976 4073
976 7236
977 3516
977 4256
977 5352
977 6175
979 1135
979 2809
979 7604
980 5164
980 5587
981 2230
981 3813
981 5638
981 7311
982 2127
982 5024
983 2276
983 8064
984 7631
986 3632
986 9098
987 1702
987 7588
988 4887
989 1537
989 7847
989 9625
990 3087
992 6982
993 3213
993 5379
994 6821
995 7155
995 9658
996 3663
996 8778
997 5750
997 7240
997 8959
998 3462
998 6013
998 6508
998 9688
999 3049
1001 7227
1001 7676
1005 1487
1005 2963
1005 5268
1006 1132
1006 6290
1006 8914
1007 3938
1008 1181
1008 4664
1009 1388
1009 2321
1010 8294
1011 5899
1012 4742
1012 7683
1012 9107
1013 2039
1014 5356
1015 1866
1015 3665
1015 5807
1016 1087
1018 7361
1018 9988
1019 1581
1019 2315
1019 4632
1019 9629
1020 1081
1020 1584
1020 3619
1020 6609
1020 7247
1022 1742
1023 5922
1024 1756
1024 5661
1025 3317
1026 6400
1026 8813
1027 4969
1027 9059
1028 5755
1028 6334
1028 9572
1029 8344
1029 8654
1030 3525
1030 6010
1031 3992
1032 7576
1033 5524
1034 4403
1035 1118
1035 5883
1035 6782
1036 3755
1036 7835
1036 7925
1037 4666
1037 5610
1037 7389
1037 9934
1038 5444
1038 5576
1038 8297
1038 8421
1040 6243
1042 3057
1042 7169
1044 1613
1044 5308
1045 6997
1045 9816
1046 5646
1046 6214
1047 4821
1049 1092
1050 4150
1051 2220
1051 2786
1052 1871
1052 4177
1052 5916
1053 1860
1053 8243
1053 9711
1054 8637
1057 4671
1058 4791
1058 6004
1061 1115
1061 6898
1063 4263
1065 5634
1065 6294
1066 2488
1067 7783
1069 9941
1070 1559
1071 1650
1072 3544
1073 5969
1074 1221
1076 1139
1076 2942
1076 3922
1077 6763
1078 4436
1078 9288
1079 6459
1080 3005
1080 3206
1080 9430
1081 4145
1081 5034
1081 6969
1081 7506
1081 8029
1081 8279
1081 8833
1082 6794
1084 3890
1084 4268
1085 4500
1085 5620
1085 9714
1086 3902
1088 8771
1088 9870
1090 9425
1095 3091
1095 3862
1097 1184
1099 1447
1099 1724
1099 2064
1100 7032
1101 2038
1101 5079
1102 3314
1102 6229
1102 7405
1103 3842
1104 1274
1105 6351
1106 4120
1106 6602
1106 6837
1107 5905
1107 7274
1107 7475
1108 1193
1108 1513
1109 2449
1109 8712
1110 8391
1110 9823
1111 1980
1111 7347
1115 9570
1115 9949
1118 5550
1118 8695
1119 2373
1119 6787
1119 8932
1121 5287
1123 2562
1125 4085
1126 2544
1126 7987
1126 8261
1127 2029
1127 4055
1127 7099
1128 7195
1128 8731
1129 2279
1130 2937
1130 6757
1131 2469
1131 3950
1132 4907
1132 5039
1133 2602
1133 8964
1133 9133
1135 4968
1135 5605
1136 8766
1137 3847
1137 8540
1138 1988
1138 7526
1138 9484
1139 1255
1141 9731
1142 1972
1144 2678
1144 3705
1144 8837
1145 1211
1146 6396
1147 3425
1148 1977
1148 9413
1150 1480
1150 3135
1150 5471
1150 6766
1152 4739
1152 6212
1152 8150
1154 1273
1154 8965
1155 6271
1155 9366
1156 4090
1157 5023
1157 5530
1158 9055
1159 2730
1159 9516
1160 5206
1160 5247
1161 6077
1162 3979
1162 9588
1163 8144
1165 5434
1166 1309
1166 4712
1168 1804
1168 4176
1168 5384
1168 5573
1169 6063
1169 8613
1169 9835
1170 1876
1170 1917
1170 3280
1171 1425
1171 3728
1171 8788
1172 9842
1173 1887
1173 4213
1174 2772
1174 2958
1174 9311
1176 2643
1176 5428
1178 9586
1180 2582
1180 6525
1181 7590
1182 2045
1182 6312
1182 9807
1184 2330
1184 6392
1184 9282
1186 1438
1186 2014
1186 5016
1187 6166
1188 3961
1188 9168
1189 3875
1189 4797
1191 9260
1192 3991
1194 5318
1195 1358
1195 8310
1198 3576
1201 1462
1202 2982
1202 8648
1203 1526
1203 1999
1204 3238
1204 4551
1205 7019
1208 8382
1210 7230
1214 2119
1214 8790
1215 1383
1216 6086
1218 6562
1218 7439
1219 8735
1221 2126
1221 3704
1221 5584
1222 3615
1223 2801
1224 2019
1224 4722
1226 1791
1226 4529
1226 7125
1227 7813
1229 7665
1230 9230
1232 1968
1233 3166
1234 2417
1234 4861
1234 4994
1236 1993
1236 5278
1237 1698
1237 3684
1237 5476
1238 2729
1239 3512
1239 4916
1240 3908
1240 4053
1240 6550
1243 4310
1246 9240
1246 9316
1247 6055
1250 1297
1250 8153
1252 5141
1253 5478
1253 6670
1254 3071
1254 9762
1255 6767
1255 8087
1256 5148
1259 7975
1260 1893
1260 9111
1269 8925
1271 2439
1271 3577
1271 9469
1275 4324
1276 4018
1279 1721
1280 5282
1281 9824
1282 3569
1284 4208
1284 8822
1285 3072
1286 1691
1286 5376
1288 5711
1289 1292
1289 6273
1290 2797
1291 6024
1292 1674
1293 1431
1293 3873
1294 3647
1294 9938
1295 1522
1295 5245
1295 7208
1300 2860
1302 6967
1304 5336
1304 5505
1304 9749
1307 1547
1307 2341
1307 3672
1308 1690
1310 1678
1310 8656
1311 5964
1311 8906
1313 7547
1314 4010
1314 8073
1317 8823
1320 6656
1321 1719
1321 2510
1323 7926
1324 7936
1325 7644
1327 4952
1327 9587
1328 5990
1329 4826
1329 5101
1330 4855
1330 5235
1330 6305
1331 1668
1333 8232
1334 1652
1334 4374
1335 9444
1336 5684
1336 8274
1337 1616
1337 7368
1340 6932
1340 8716
1344 1851
1344 2231
1345 2535
1346 6760
1346 7931
1348 4644
1349 6256
1351 1444
1351 3747
1351 5176
1353 1448
1353 9914
1355 7612
1357 9249
1359 2225
1359 9533
1359 9652
1360 5822
1361 9234
1367 7136
1367 8886
1369 6802
1369 8761
1369 8923
1372 8444
1372 9448
1375 1664
1375 2615
1375 3888
1377 5642
1378 1389
1379 2964
1379 8252
1383 9696
1384 6685
1385 8374
1385 9251
1387 1832
1388 3983
1389 6887
1390 7499
1391 9110
1393 1436
1394 6099
1396 2437
1397 6642
1398 2811
1401 1902
1402 4989
1408 3681
1408 6204
1411 4651
1415 1469
1416 2866
1416 7415
1419 3146
1419 6250
1423 5657
1424 9980
1425 9358
1427 2300
1427 2324
1429 7379
1430 1835
1432 6371
1436 3856
1436 6247
1438 4103
1438 5291
1443 2463
1444 4733
1444 6207
1446 8283
1447 7269
1449 4282
1452 8336
1457 2096
1459 4629
1461 4711
1462 8890
1464 1836
1464 8929
1465 8091
1465 9310
1466 7158
1467 9159
1470 9036
1470 9044
1472 3981
1476 1622
1477 3506
1479 1707
1481 3214
1481 8175
1483 4798
1484 1831
1486 5724
1493 2588
1493 6438
1496 1720
1503 8172
1504 1517
1504 9510
1507 7176
1510 6643
1512 4028
1515 8313
1516 4665
1518 3145
1518 3654
1518 6566
1519 5269
1522 7234
1529 2912
1530 7569
1531 2296
1537 7967
1539 4935
1539 7266
1543 3085
1543 4430
1543 7341
1543 7639
1546 3939
1553 9155
1557 5180
1559 3861
1560 5072
1563 7498
1565 3529
1567 9146
1572 7776
1573 2941
1573 3209
1574 3857
1576 2922
1581 5960
1588 9928
1592 3454
1594 2304
1603 2408
1610 3473
1610 7113
1613 3955
1615 2826
1617 4149
1619 4063
1620 4105
1622 5715
1623 3172
1623 5407
1625 8509
1633 5882
1636 6527
1636 7711
1637 5514
1637 8601
1638 2741
1639 3712
1643 6546
1644 5885
1650 4726
1658 8484
1659 2305
1659 3624
1659 7891
1665 3001
1665 8260
1670 4607
1671 6828
1673 1818
1677 6246
1678 6476
1682 8892
1698 5438
1700 4523
1703 6820
1704 3414
1705 6251
1708 4964
1708 9048
1710 1785
1712 7487
1715 4078
1721 5461
1726 3367
1727 2515
1730 9126
1732 4787
1732 7068
1738 1744
1742 2186
1743 6154
1771 8130
1779 4323
1788 9717
1789 3995
1790 7566
1792 6007
1801 3202
1803 6488
1809 8927
1812 9529
1817 4993
1827 6142
1828 2653
1836 7972
1838 2317
1838 4898
1845 5057
1849 5474
1849 6289
1851 4776
1851 5941
1854 9550
1858 7753
1863 7561
1865 7614
1882 5526
1891 3914
1905 3046
1908 2094
1914 9846
1920 8933
1936 3895
1938 2826
1943 3119
1952 8326
1962 5325
1969 3763
1997 2833
1998 9189
1999 5613
1999 6217
2007 4480
2012 5935
2032 3975
2041 6700
2042 4308
2043 7942
2064 3309
2070 7883
2072 5736
2074 9746
2075 4961
2081 7657
2085 6125
2100 9271
2101 7346
2120 4333
2126 6202
2127 8280
2148 9139
2165 9905
2175 3194
2176 8630
2192 5753
2195 6172
2198 9513
2205 5579
2211 2630
2211 5281
2217 2289
2224 2694
2229 8200
2236 3350
2276 8744
2287 4201
2297 3134
2303 7961
2309 2694
2333 4110
2383 5068
2394 6041
2395 7134
2404 6745
2434 8541
2447 3257
2511 2653
2515 6977
2521 7801
2535 3108
2539 9973
2630 7553
2631 7122
2655 2703
2705 7452
2748 5563
2828 3100
2870 9390
2905 2989
2911 8819
3069 3224
3717 9046
4669 5304
