1 96
1 107
1 112
1 487
1 606
1 774
1 1248
1 1353
1 1626
1 1637
1 1783
1 1880
1 1927
1 2020
1 2029
1 2328
1 2411
1 2652
1 3104
1 3241
1 3275
1 3354
1 3398
1 3472
1 3572
1 4182
1 4283
1 4301
1 4311
1 4354
1 4398
1 4514
1 4596
1 4709
1 4834
1 4851
1 4891
1 4907
1 4925
1 4930
1 4932
2 216
2 236
2 441
2 494
2 593
2 631
2 635
2 671
2 699
2 711
2 763
2 842
2 860
2 871
2 1105
2 1154
2 1211
2 1241
2 1312
2 1345
2 1364
2 1449
2 1485
2 1538
2 1659
2 1751
2 1984
2 2105
2 2315
2 2447
2 2523
2 2538
2 2609
2 2659
2 3058
2 3109
2 3147
2 3151
2 3263
2 3300
2 3325
2 3331
2 3408
2 3511
2 3735
2 3753
2 3885
2 4011
2 4023
2 4148
2 4293
2 4307
2 4429
2 4473
2 4485
2 4531
2 4550
2 4586
2 4626
2 4637
2 4683
2 4726
2 4751
2 4758
2 4796
2 4819
2 4907
2 4938
2 4979
3 253
3 496
3 635
3 815
3 1062
3 1188
3 1499
3 1541
3 1613
3 1795
3 1801
3 1915
3 1968
3 2024
3 2128
3 2141
3 2155
3 2399
3 2416
3 2431
3 2672
3 2874
3 2949
3 3159
3 3229
3 3346
3 3363
3 3493
3 3554
3 3588
3 3622
3 3792
3 3822
3 3853
3 3967
3 4116
3 4409
3 4451
3 4486
3 4734
3 4825
3 4878
3 4882
4 111
4 126
4 134
4 368
4 730
4 742
4 756
4 808
4 811
4 859
4 1208
4 1235
4 1456
4 1573
4 1661
4 1732
4 1857
4 1990
4 2062
4 2101
4 2108
4 2132
4 2183
4 2310
4 2465
4 2720
4 2739
4 2821
4 3039
4 3110
4 3245
4 3269
4 3287
4 3336
4 3420
4 3527
4 3664
4 3809
4 3888
4 3907
4 3908
4 3911
4 3985
4 4013
4 4061
4 4264
4 4285
4 4306
4 4381
4 4443
4 4489
4 4558
4 4649
4 4729
4 4755
4 4890
4 4912
4 4943
4 4965
5 153
5 508
5 582
5 753
5 804
5 1059
5 1221
5 1314
5 1352
5 1361
5 1421
5 1487
5 1528
5 1535
5 1700
5 1739
5 1823
5 1845
5 1879
5 1993
5 2011
5 2103
5 2263
5 2387
5 2405
5 2546
5 2563
5 2585
5 2593
5 2600
5 2773
5 2827
5 2988
5 3028
5 3033
5 3114
5 3218
5 3512
5 3644
5 3707
5 3768
5 3811
5 3880
5 3979
5 4027
5 4033
5 4388
5 4670
5 4838
5 4963
5 5000
6 65
6 299
6 338
6 665
6 970
6 1164
6 1335
6 1384
6 1491
6 1499
6 1511
6 1527
6 1781
6 1845
6 1922
6 1937
6 1962
6 2045
6 2052
6 2086
6 2115
6 2116
6 2138
6 2244
6 2261
6 2316
6 2336
6 2338
6 2358
6 2437
6 2682
6 2703
6 2936
6 3042
6 3205
6 3227
6 3296
6 3328
6 3366
6 3483
6 3549
6 3608
6 3757
6 3800
6 3845
6 3910
6 3953
6 3996
6 4005
6 4124
6 4238
6 4268
6 4320
6 4527
6 4776
6 4899
7 221
7 266
7 349
7 428
7 485
7 548
7 552
7 559
7 592
7 698
7 706
7 806
7 919
7 930
7 1113
7 1439
7 1477
7 1502
7 1620
7 1629
7 1814
7 1819
7 1955
7 1974
7 2016
7 2171
7 2222
7 2266
7 2408
7 2526
7 2727
7 3081
7 3151
7 3197
7 3270
7 3310
7 3353
7 3697
7 4009
7 4265
7 4277
7 4411
7 4504
7 4548
7 4579
7 4706
7 4719
7 4721
7 4820
8 110
8 228
8 230
8 420
8 467
8 552
8 689
8 1282
8 1333
8 1360
8 1609
8 1727
8 1742
8 1754
8 1806
8 1837
8 2012
8 2179
8 2191
8 2298
8 2480
8 2492
8 2507
8 2683
8 2743
8 2832
8 2850
8 2866
8 3065
8 3268
8 3516
8 3586
8 3805
8 3999
8 4040
8 4127
8 4290
8 4338
8 4558
8 4611
8 4638
8 4867
9 19
9 37
9 161
9 230
9 249
9 259
9 293
9 367
9 476
9 775
9 782
9 946
9 982
9 1090
9 1133
9 1246
9 1549
9 1564
9 1591
9 1632
9 1866
9 2055
9 2076
9 2099
9 2484
9 2566
9 2750
9 2841
9 2884
9 2982
9 3046
9 3063
9 3083
9 3112
9 3413
9 3423
9 3479
9 3660
9 3815
9 3816
9 3909
9 3991
9 4113
9 4178
9 4503
9 4543
9 4584
9 4653
9 4764
9 4964
10 139
10 208
10 365
10 402
10 438
10 443
10 553
10 625
10 643
10 818
10 901
10 908
10 1062
10 1076
10 1172
10 1283
10 1288
10 1530
10 1633
10 1654
10 1749
10 1784
10 1963
10 2073
10 2097
10 2256
10 2342
10 2424
10 2536
10 2632
10 2755
10 2767
10 2774
10 2824
10 2835
10 2906
10 2969
10 2990
10 3139
10 3248
10 3278
10 3360
10 3829
10 4085
10 4096
10 4177
10 4216
10 4279
11 79
11 153
11 483
11 505
11 821
11 862
11 884
11 1039
11 1074
11 1103
11 1136
11 1298
11 1310
11 1315
11 1424
11 1649
11 1747
11 2127
11 2193
11 2231
11 2243
11 2307
11 2541
11 2580
11 2693
11 2888
11 2895
11 2977
11 3016
11 3164
11 3230
11 3343
11 3377
11 3385
11 3495
11 3651
11 3671
11 3741
11 3882
11 3927
11 3939
11 3963
11 4044
11 4160
11 4188
11 4203
11 4622
11 4894
11 4909
12 35
12 55
12 175
12 404
12 453
12 469
12 642
12 661
12 668
12 693
12 767
12 872
12 980
12 1052
12 1063
12 1085
12 1125
12 1151
12 1194
12 1363
12 1375
12 1441
12 1498
12 1543
12 1689
12 1733
12 1920
12 1969
12 1977
12 2201
12 2226
12 2577
12 2737
12 2836
12 2843
12 3034
12 3168
12 3354
12 3548
12 3606
12 3673
12 3797
12 3834
12 3851
12 3965
12 4004
12 4074
12 4173
12 4374
12 4399
12 4410
12 4420
12 4523
12 4547
12 4587
12 4978
13 63
13 184
13 281
13 290
13 422
13 429
13 450
13 581
13 610
13 750
13 825
13 837
13 846
13 919
13 938
13 992
13 1380
13 1406
13 1437
13 1464
13 1467
13 1513
13 1521
13 1929
13 1953
13 2096
13 2104
13 2550
13 2664
13 2701
13 2950
13 3329
13 3676
13 3897
13 3905
13 3962
13 4053
13 4140
13 4170
13 4427
13 4491
13 4505
13 4676
13 4787
13 4856
13 4962
14 30
14 325
14 330
14 384
14 464
14 487
14 627
14 985
14 1301
14 1302
14 1486
14 1670
14 1720
14 2202
14 2651
14 3004
14 3097
14 3446
14 3593
14 3619
14 3668
14 3695
14 3725
14 3736
14 3877
14 4069
14 4337
14 4413
14 4528
14 4593
14 4645
14 4679
15 123
15 158
15 464
15 646
15 783
15 1095
15 1386
15 1395
15 1440
15 1501
15 1846
15 1887
15 1986
15 2003
15 2311
15 2373
15 2425
15 2466
15 2547
15 2684
15 2732
15 2867
15 2929
15 3035
15 3132
15 3305
15 3332
15 3370
15 3669
15 3976
15 4305
15 4347
15 4414
15 4488
16 113
16 282
16 451
16 763
16 896
16 899
16 1111
16 1200
16 1373
16 1396
16 1411
16 1526
16 1599
16 1603
16 1761
16 1891
16 2063
16 2326
16 2355
16 2499
16 2592
16 2620
16 2831
16 3087
16 3098
16 3108
16 3173
16 3286
16 3356
16 3387
16 3509
16 3515
16 3585
16 3708
16 3774
16 3776
16 3929
16 3933
16 3984
16 4035
16 4141
16 4165
16 4204
16 4207
16 4214
16 4272
16 4379
16 4467
16 4588
16 4608
16 4705
16 4784
16 4869
17 385
17 610
17 679
17 817
17 829
17 1079
17 1354
17 1445
17 1465
17 1576
17 1602
17 1614
17 1643
17 1680
17 1884
17 2037
17 2137
17 2166
17 2289
17 2309
17 2433
17 2455
17 3002
17 3088
17 3133
17 3579
17 3678
17 3861
17 3945
17 3968
17 4434
17 4471
17 4522
17 4571
17 4602
17 4746
17 4821
17 4827
17 4901
17 4914
18 22
18 126
18 141
18 273
18 457
18 460
18 589
18 632
18 697
18 805
18 953
18 993
18 1022
18 1185
18 1370
18 1482
18 1691
18 1764
18 1875
18 2030
18 2088
18 2385
18 2422
18 2618
18 2847
18 2849
18 3166
18 3251
18 3304
18 3326
18 3500
18 3681
18 4095
18 4129
18 4184
18 4198
18 4495
18 4763
18 4806
19 50
19 156
19 183
19 193
19 539
19 614
19 667
19 778
19 824
19 964
19 1505
19 1715
19 1856
19 1860
19 1890
19 1906
19 2064
19 2215
19 2423
19 2671
19 2744
19 2781
19 2900
19 3130
19 3136
19 3207
19 3445
19 3591
19 3609
19 3873
19 3886
19 3912
19 3928
19 4244
19 4294
19 4345
19 4426
19 4642
19 4652
19 4743
19 4744
19 4855
20 31
20 164
20 196
20 208
20 465
20 529
20 636
20 1286
20 1460
20 1509
20 1647
20 1693
20 2066
20 2260
20 2282
20 2491
20 2730
20 2802
20 2994
20 3075
20 3135
20 3237
20 3250
20 3528
20 3716
20 3777
20 3896
20 3971
20 4194
20 4325
20 4376
20 4424
20 4435
20 4463
20 4812
20 4814
20 4946
21 108
21 250
21 358
21 378
21 588
21 619
21 738
21 848
21 855
21 984
21 1018
21 1269
21 1457
21 1486
21 1741
21 1854
21 1954
21 1976
21 1982
21 2412
21 2641
21 3044
21 3144
21 3146
21 3216
21 3339
21 3367
21 3501
21 3618
21 3891
21 3898
21 4032
21 4109
21 4196
21 4213
21 4517
21 4537
21 4658
22 388
22 881
22 948
22 961
22 1180
22 1281
22 1342
22 1394
22 1473
22 1542
22 2082
22 2093
22 2102
22 2185
22 2207
22 2635
22 2815
22 2816
22 2997
22 3212
22 3399
22 3506
22 3656
22 3689
22 3828
22 3887
22 4075
22 4079
22 4292
22 4323
22 4340
22 4438
22 4466
22 4699
22 4791
22 4906
22 4908
22 4910
23 171
23 331
23 441
23 597
23 754
23 838
23 844
23 972
23 1057
23 1072
23 1148
23 1650
23 1786
23 1853
23 1966
23 2057
23 2296
23 2300
23 2332
23 2421
23 2588
23 2613
23 2623
23 2631
23 2851
23 2922
23 3010
23 3031
23 3421
23 3438
23 3459
23 3489
23 3555
23 3930
23 4090
23 4093
23 4157
23 4179
23 4530
23 4538
23 4546
23 4604
23 4639
23 4656
23 4739
24 48
24 61
24 84
24 91
24 155
24 306
24 535
24 601
24 632
24 716
24 717
24 928
24 1159
24 1233
24 1580
24 1702
24 1731
24 1872
24 1898
24 2341
24 2349
24 2518
24 2587
24 2615
24 2680
24 2687
24 2705
24 2759
24 3019
24 3313
24 3434
24 3494
24 3496
24 4099
24 4118
24 4210
24 4333
24 4421
24 4519
25 42
25 117
25 124
25 161
25 199
25 235
25 561
25 736
25 840
25 1069
25 1540
25 1763
25 1776
25 1916
25 2038
25 2136
25 2277
25 2313
25 2314
25 2340
25 2348
25 2391
25 2418
25 2509
25 2668
25 2692
25 3111
25 3187
25 3460
25 3525
25 3545
25 3547
25 3696
25 3699
25 3978
25 4362
25 4754
25 4994
26 39
26 100
26 214
26 224
26 284
26 294
26 305
26 312
26 333
26 477
26 529
26 547
26 616
26 629
26 822
26 870
26 1036
26 1324
26 1656
26 1946
26 1996
26 2129
26 2236
26 2457
26 2464
26 3015
26 3246
26 3893
26 4083
26 4189
26 4190
26 4432
26 4437
26 4513
26 4585
26 4687
26 4861
26 4924
27 63
27 265
27 517
27 912
27 1108
27 1130
27 1280
27 1321
27 1330
27 1402
27 1488
27 1563
27 1588
27 1589
27 1848
27 2087
27 2223
27 2582
27 2855
27 3077
27 3142
27 3210
27 3215
27 3233
27 3261
27 3341
27 3584
27 3730
27 3731
27 3884
27 4059
27 4076
27 4155
27 4200
27 4378
27 4402
27 4482
27 4563
27 4741
27 4789
27 4872
27 4945
28 97
28 98
28 108
28 383
28 594
28 663
28 952
28 1067
28 1118
28 1144
28 1155
28 1201
28 1319
28 1367
28 1453
28 2006
28 2339
28 2539
28 2658
28 2738
28 2830
28 2943
28 2985
28 3041
28 3080
28 3119
28 3121
28 3154
28 3311
28 3371
28 3514
28 3674
28 3747
28 3883
28 4012
28 4147
28 4158
28 4176
28 4231
28 4440
28 4533
28 4551
28 4826
28 4835
28 4915
29 152
29 189
29 249
29 263
29 543
29 576
29 743
29 772
29 823
29 1158
29 1463
29 1537
29 1551
29 1692
29 1938
29 2002
29 2005
29 2450
29 2483
29 2666
29 2786
29 2823
29 3431
29 3437
29 3480
29 3482
29 3581
29 3599
29 3794
29 3936
29 3954
29 4016
29 4037
29 4046
29 4133
29 4150
29 4240
29 4247
29 4251
29 4256
29 4583
29 4686
29 4873
29 4955
30 143
30 274
30 366
30 381
30 437
30 607
30 710
30 828
30 867
30 895
30 906
30 1055
30 1166
30 1443
30 1496
30 1682
30 1824
30 2126
30 2414
30 2445
30 2776
30 2956
30 3013
30 3320
30 3597
30 3605
30 3755
30 3798
30 4045
30 4070
30 4389
30 4391
30 4881
31 160
31 757
31 794
31 797
31 878
31 922
31 1024
31 1129
31 1558
31 1729
31 1960
31 2059
31 2529
31 2639
31 2886
31 3068
31 3093
31 3127
31 3222
31 3497
31 3508
31 3541
31 3712
31 3766
31 3788
31 3789
31 4084
31 4227
31 4235
31 4299
31 4368
31 4425
31 4450
31 4718
31 4757
31 4769
32 75
32 179
32 192
32 225
32 329
32 484
32 607
32 633
32 664
32 795
32 951
32 977
32 1040
32 1227
32 1244
32 1601
32 1653
32 1718
32 1756
32 1757
32 1817
32 2050
32 2111
32 2157
32 2271
32 2384
32 2698
32 2794
32 3175
32 3228
32 3279
32 3535
32 3540
32 3662
32 3775
32 3992
32 4131
32 4253
32 4580
32 4672
32 4747
32 4950
33 61
33 190
33 210
33 269
33 372
33 439
33 666
33 826
33 1012
33 1262
33 1304
33 1448
33 1484
33 1529
33 1590
33 1910
33 2159
33 2240
33 2295
33 2458
33 2479
33 2611
33 2629
33 2834
33 2920
33 3288
33 3382
33 3447
33 3565
33 3756
33 3839
33 3890
33 3892
33 3901
33 4050
33 4057
33 4098
33 4254
33 4422
33 4592
33 4678
34 63
34 131
34 154
34 289
34 751
34 836
34 845
34 1002
34 1161
34 1279
34 1446
34 1454
34 1616
34 1972
34 2031
34 2125
34 2150
34 2308
34 2350
34 2403
34 2461
34 2478
34 2612
34 2779
34 2783
34 2870
34 2931
34 3469
34 3627
34 3645
34 3813
34 4054
34 4101
34 4122
34 4280
34 4288
34 4832
34 4885
34 4892
35 40
35 127
35 133
35 545
35 645
35 996
35 1091
35 1152
35 1309
35 1390
35 1459
35 1532
35 1545
35 1592
35 1802
35 1988
35 2117
35 2145
35 2234
35 2325
35 2407
35 2549
35 2555
35 2653
35 2709
35 2947
35 3141
35 3277
35 3281
35 3357
35 3418
35 3521
35 3748
35 3926
35 3980
35 3993
35 4123
35 4232
35 4749
35 4801
35 4862
35 4999
36 109
36 127
36 523
36 669
36 902
36 997
36 1000
36 1408
36 2264
36 2346
36 2352
36 2364
36 2380
36 2440
36 2467
36 2553
36 2673
36 2747
36 2805
36 2840
36 2971
36 3236
36 3345
36 3384
36 3463
36 3523
36 3854
36 4042
36 4110
36 4163
36 4183
36 4516
36 4665
36 4704
37 279
37 482
37 791
37 1157
37 1222
37 1334
37 1376
37 1381
37 1426
37 1428
37 1722
37 1803
37 1911
37 2161
37 2165
37 2228
37 2333
37 2374
37 2463
37 2842
37 2844
37 2893
37 2926
37 3243
37 3603
37 3642
37 3705
37 3924
37 3932
37 4159
37 4226
37 4260
37 4317
37 4329
37 4511
37 4641
37 4731
37 4875
37 4969
38 453
38 506
38 549
38 1290
38 1300
38 1356
38 1414
38 1674
38 1679
38 1842
38 2077
38 2246
38 2259
38 2286
38 2661
38 3158
38 3544
38 3721
38 3781
38 3820
38 3881
38 3950
38 4212
38 4387
38 4542
38 4577
38 4773
39 162
39 446
39 459
39 568
39 724
39 819
39 963
39 1104
39 1765
39 1913
39 2119
39 2174
39 2181
39 2247
39 2470
39 2584
39 2735
39 2795
39 2829
39 2953
39 2954
39 3030
39 3070
39 3335
39 3394
39 3443
39 3451
39 3537
39 3582
39 3659
39 3790
39 3844
39 4081
39 4094
39 4225
39 4228
39 4289
39 4948
39 4949
40 74
40 304
40 471
40 954
40 1097
40 1120
40 1156
40 1202
40 1285
40 1894
40 2075
40 2565
40 2594
40 2711
40 2998
40 3051
40 3152
40 3234
40 3444
40 3475
40 3661
40 3831
40 4047
40 4060
40 4394
40 4555
40 4600
40 4663
40 4847
40 4866
40 4947
41 47
41 242
41 484
41 655
41 762
41 827
41 832
41 1242
41 1673
41 2079
41 2248
41 2427
41 2804
41 2857
41 3008
41 3487
41 3655
41 3949
41 4167
42 704
42 787
42 939
42 1049
42 1077
42 1124
42 1369
42 1410
42 1740
42 1811
42 2120
42 2194
42 2227
42 2369
42 2562
42 2571
42 2788
42 2791
42 2838
42 2898
42 3056
42 3106
42 3120
42 3314
42 3564
42 4518
42 4695
42 4715
42 4759
42 4989
43 70
43 139
43 427
43 777
43 1082
43 1252
43 1259
43 1318
43 1517
43 1725
43 1816
43 1893
43 1896
43 1924
43 2036
43 2764
43 2812
43 2872
43 3334
43 3577
43 3617
43 3626
43 3742
43 3786
43 4153
43 4939
44 71
44 145
44 185
44 374
44 395
44 426
44 489
44 502
44 626
44 648
44 725
44 833
44 1000
44 1066
44 1186
44 1197
44 1199
44 1274
44 1503
44 1657
44 1712
44 2010
44 2213
44 2272
44 2448
44 2452
44 2572
44 2907
44 3043
44 3059
44 3126
44 3203
44 3389
44 3492
44 3562
44 3574
44 3625
44 3643
44 3713
44 3969
44 3982
44 3983
44 3990
44 4019
44 4072
44 4154
44 4509
44 4951
45 67
45 82
45 116
45 259
45 475
45 565
45 622
45 712
45 914
45 1339
45 1796
45 2046
45 2238
45 2736
45 2749
45 2760
45 2879
45 3185
45 3199
45 3238
45 3409
45 3476
45 3614
45 3764
45 3859
45 4245
45 4282
45 4326
45 4465
45 4621
45 4802
45 4905
45 4918
45 4940
46 77
46 440
46 484
46 752
46 831
46 979
46 1628
46 1644
46 1690
46 2221
46 2237
46 2676
46 2819
46 2935
46 3023
46 3052
46 3071
46 3100
46 3117
46 3143
46 3150
46 3179
46 3235
46 3587
46 3675
46 4064
46 4067
46 4243
46 4257
46 4259
46 4468
46 4800
47 220
47 403
47 488
47 654
47 709
47 898
47 955
47 1001
47 1190
47 1494
47 1559
47 1684
47 1760
47 1921
47 2049
47 2318
47 2504
47 2516
47 2663
47 2745
47 2751
47 3397
47 3465
47 3481
47 3592
47 3948
47 4039
47 4142
47 4343
47 4380
47 4512
47 4601
47 4624
47 4707
47 4828
48 69
48 310
48 354
48 603
48 685
48 755
48 792
48 1215
48 1255
48 1500
48 1575
48 2619
48 2712
48 2770
48 2899
48 3176
48 3381
48 3417
48 3594
48 3641
48 3814
48 3959
48 4078
48 4383
48 4449
48 4799
48 4805
49 162
49 194
49 288
49 575
49 758
49 1075
49 2106
49 2107
49 2253
49 2273
49 2719
49 3195
49 3542
49 4202
49 4487
49 4573
49 4777
49 4829
49 4850
50 121
50 125
50 380
50 400
50 407
50 574
50 662
50 1016
50 1175
50 1524
50 1566
50 1583
50 1676
50 1901
50 2000
50 2028
50 2394
50 2496
50 2511
50 2699
50 2800
50 2981
50 3571
50 3666
50 3801
50 4073
50 4104
50 4297
50 4303
50 4363
50 4562
50 4794
51 68
51 130
51 149
51 244
51 349
51 894
51 1296
51 1340
51 1366
51 1478
51 2189
51 2235
51 2586
51 3223
51 3368
51 3714
51 3782
51 3957
51 3960
51 4026
51 4091
51 4132
51 4209
52 341
52 345
52 367
52 448
52 468
52 641
52 652
52 882
52 1065
52 1131
52 1617
52 1892
52 2487
52 2528
52 2722
52 2911
52 3040
52 3067
52 3118
52 3219
52 3602
52 3863
52 4125
52 4175
52 4700
52 4807
52 4904
53 225
53 246
53 336
53 522
53 579
53 740
53 1004
53 1037
53 1060
53 1481
53 1518
53 1630
53 1777
53 1956
53 2080
53 2362
53 2636
53 2656
53 2934
53 3189
53 3439
53 3590
53 3703
53 3740
53 3869
53 3998
53 4014
53 4051
53 4071
53 4271
53 4566
53 4635
54 318
54 392
54 431
54 731
54 836
54 991
54 1043
54 1051
54 1515
54 1568
54 1799
54 1808
54 2197
54 2297
54 2329
54 2532
54 2554
54 2559
54 2742
54 2894
54 3123
54 3131
54 3224
54 3595
54 3650
54 3734
54 4452
54 4655
54 4756
54 4816
54 4929
55 223
55 501
55 705
55 857
55 892
55 931
55 1030
55 1328
55 1343
55 1544
55 1640
55 1889
55 2008
55 2040
55 2070
55 2918
55 2962
55 3258
55 3638
55 3940
55 4008
55 4015
55 4077
55 4412
55 4455
55 4534
55 4564
55 4737
55 4968
56 138
56 146
56 152
56 436
56 637
56 739
56 802
56 865
56 1365
56 1429
56 1771
56 1882
56 1983
56 2019
56 2429
56 2462
56 2951
56 3297
56 3327
56 3502
56 3612
56 3685
56 4002
56 4223
56 4692
56 4853
56 4859
56 4975
57 119
57 123
57 343
57 350
57 478
57 623
57 834
57 921
57 1218
57 1271
57 1571
57 1622
57 1737
57 1805
57 1812
57 1989
57 2074
57 2807
57 2890
57 2901
57 2902
57 3295
57 3321
57 4615
58 63
58 81
58 173
58 271
58 435
58 500
58 596
58 615
58 1382
58 1434
58 1631
58 1759
58 1902
58 1907
58 2344
58 2477
58 2638
58 2679
58 2993
58 3318
58 3441
58 3746
58 4831
59 114
59 165
59 189
59 206
59 324
59 454
59 909
59 932
59 1512
59 1546
59 1641
59 1767
59 1850
59 1895
59 2285
59 2304
59 2486
59 2706
59 3138
59 3280
59 3302
59 3344
59 3894
59 4335
59 4392
59 4415
59 4702
60 66
60 129
60 139
60 195
60 542
60 639
60 647
60 700
60 975
60 1050
60 1228
60 1435
60 1618
60 1669
60 1707
60 1713
60 1716
60 1864
60 2401
60 2570
60 2574
60 2675
60 2938
60 2963
60 3000
60 3047
60 3231
60 3323
60 3538
60 3639
60 3917
60 4036
60 4055
60 4199
60 4319
60 4404
60 4407
60 4506
60 4766
60 4811
60 4941
60 4976
61 144
61 204
61 211
61 219
61 617
61 673
61 676
61 886
61 986
61 1112
61 1237
61 1313
61 1323
61 1510
61 1587
61 1619
61 2214
61 2334
61 2435
61 2564
61 2608
61 3355
61 3743
61 4006
61 4309
61 4361
61 4366
61 4401
61 4632
62 167
62 192
62 327
62 556
62 956
62 957
62 1387
62 1423
62 1425
62 1557
62 1709
62 1825
62 1931
62 1939
62 1978
62 2173
62 2186
62 2218
62 2224
62 2871
62 2958
62 3107
62 3430
62 3604
62 3825
62 3855
62 3970
62 4119
62 4470
62 4618
62 4742
63 226
63 492
63 1010
63 1516
63 1957
63 2023
63 2147
63 2275
63 2353
63 2501
63 2746
63 3648
63 4097
63 4218
63 4913
63 4919
64 93
64 141
64 142
64 147
64 286
64 461
64 519
64 690
64 971
64 1098
64 1220
64 1635
64 1687
64 1705
64 1829
64 1863
64 1904
64 2071
64 2072
64 2649
64 3037
64 3076
64 3096
64 3160
64 3282
64 3390
64 3680
64 3804
64 3818
64 4161
64 4525
65 150
65 200
65 258
65 297
65 313
65 1139
65 1142
65 1492
65 1552
65 1585
65 1605
65 1834
65 1933
65 2153
65 2233
65 2302
65 2540
65 2644
65 2708
65 3094
65 3177
65 3349
65 3503
65 3600
65 3732
65 3733
65 3860
65 4082
65 4120
65 4151
65 4436
65 4476
65 4936
66 414
66 562
66 580
66 587
66 611
66 925
66 1755
66 1839
66 1859
66 2025
66 2655
66 3153
66 3943
66 4408
66 4456
66 4544
67 174
67 176
67 278
67 718
67 760
67 779
67 969
67 1223
67 1263
67 1416
67 2098
67 3198
67 3221
67 3560
67 3575
67 4416
67 4496
67 4524
67 4716
67 4865
67 4922
68 122
68 334
68 339
68 370
68 541
68 573
68 721
68 879
68 1110
68 1623
68 1730
68 1830
68 2151
68 2292
68 2689
68 2717
68 3225
68 3452
68 3484
68 3504
68 3513
68 3615
68 3621
68 3637
68 3765
68 4052
68 4261
68 4314
68 4459
68 4478
68 4779
68 4985
69 83
69 202
69 213
69 924
69 1078
69 1322
69 1550
69 1615
69 1775
69 1868
69 1905
69 1951
69 2283
69 2294
69 2327
69 2524
69 2647
69 2662
69 2927
69 3532
69 3534
69 3607
69 3718
69 3728
69 3778
69 4145
69 4174
69 4448
69 4957
70 1029
70 1209
70 1216
70 1490
70 1504
70 1607
70 1779
70 1849
70 2521
70 2721
70 2761
70 3134
70 3683
70 3796
70 3988
70 4296
70 4334
70 4657
70 4735
70 4833
70 4903
71 359
71 578
71 761
71 786
71 790
71 1292
71 1476
71 1703
71 1943
71 2324
71 2506
71 3188
71 3422
71 3628
71 3935
71 4128
71 4195
71 4274
71 4344
71 4453
71 4636
72 171
72 264
72 528
72 759
72 913
72 1064
72 1177
72 1378
72 1436
72 1734
72 1809
72 2053
72 2078
72 2396
72 2669
72 2852
72 2880
72 2924
72 3415
72 3632
72 3723
72 3810
72 3826
72 3879
72 4462
72 4536
73 276
73 329
73 416
73 511
73 609
73 900
73 1147
73 1224
73 1642
73 1958
73 2134
73 2274
73 2284
73 2449
73 2454
73 2505
73 2596
73 2825
73 2859
73 2983
73 3029
73 3036
73 3531
73 3710
73 3738
73 3759
73 3951
73 4038
73 4063
73 4136
73 4144
74 217
74 240
74 776
74 816
74 965
74 1028
74 1138
74 1389
74 1688
74 1820
74 2009
74 2229
74 2548
74 2552
74 2606
74 2710
74 2978
74 3060
74 3333
74 3425
74 3745
74 4192
74 4675
75 247
75 1119
75 1294
75 1377
75 1579
75 1746
75 1833
75 2293
75 2306
75 2674
75 2733
75 2758
75 2817
75 2864
75 3201
75 3362
75 3546
75 3573
75 3994
75 4723
75 4956
76 108
76 137
76 337
76 564
76 595
76 746
76 768
76 880
76 1092
76 1686
76 1836
76 1999
76 2196
76 2530
76 2860
76 3204
76 3330
76 4698
76 4857
76 4858
77 118
77 212
77 355
77 398
77 620
77 888
77 1080
77 1149
77 1555
77 1581
77 1813
77 2603
77 2793
77 3072
77 3157
77 3206
77 3468
77 3524
77 3750
77 4022
77 4115
77 4336
77 4669
77 4727
77 4928
77 4961
78 235
78 537
78 687
78 1061
78 1093
78 1250
78 1523
78 1567
78 1926
78 1994
78 2007
78 2299
78 2471
78 2512
78 2602
78 2765
78 2854
78 3470
78 3657
78 4058
78 4068
78 4108
78 4574
78 4607
78 4760
78 4793
78 4942
78 4983
79 302
79 586
79 1033
79 1182
79 1469
79 1548
79 1753
79 1766
79 1774
79 1787
79 1797
79 2383
79 2517
79 2522
79 2734
79 3315
79 3791
79 4269
80 160
80 188
80 205
80 463
80 473
80 495
80 649
80 1034
80 1371
80 1383
80 1514
80 1736
80 2042
80 2725
80 2945
80 3317
80 3558
80 3964
80 4130
80 4390
80 4567
80 4708
80 4780
81 222
81 233
81 252
81 308
81 608
81 798
81 858
81 1035
81 1231
81 1232
81 1240
81 1261
81 1397
81 1873
81 1995
81 2252
81 2419
81 2525
81 2820
81 2973
81 3576
81 4164
81 4581
81 4664
82 550
82 1433
82 1534
82 1598
82 1666
82 1985
82 2058
82 2114
82 2182
82 2568
82 2622
82 2869
82 4114
82 4284
82 4313
82 4382
82 4750
83 394
83 628
83 672
83 747
83 1293
83 1522
83 1865
83 1917
83 2657
83 2904
83 3007
83 3024
83 3105
83 3289
83 3340
83 3419
83 3424
83 3457
83 3570
83 3665
83 3686
83 3737
83 3751
83 4286
83 4472
83 4767
84 512
84 1662
84 1744
84 2094
84 2112
84 2242
84 2317
84 2691
84 2789
84 2833
84 2921
84 2940
84 2955
84 3194
84 3426
84 3578
84 3667
84 3720
84 4197
84 4291
84 4373
84 4572
85 189
85 504
85 630
85 942
85 1243
85 1675
85 1778
85 1980
85 2148
85 3193
85 3406
85 3690
85 4304
85 4447
85 4539
85 4685
85 4690
86 132
86 220
86 418
86 533
86 715
86 1101
86 1663
86 2110
86 2848
86 2987
86 3181
86 3749
86 3961
86 3977
86 4166
86 4761
87 294
87 923
87 949
87 1303
87 1949
87 2439
87 2441
87 3061
87 3379
87 3539
87 3793
87 3821
87 4043
87 4295
87 4359
87 4556
88 98
88 315
88 599
88 602
88 703
88 765
88 987
88 1026
88 1717
88 1858
88 1967
88 2250
88 2873
88 2881
88 3014
88 3085
88 3414
88 3958
88 3975
88 4137
88 4220
89 98
89 180
89 449
89 498
89 729
89 749
89 1070
89 1167
89 1336
89 1604
89 1735
89 1862
89 2065
89 2085
89 2502
89 2533
89 2630
89 2723
89 3145
89 3169
89 3271
89 3848
89 3874
89 3914
89 4324
89 4730
89 4984
90 127
90 694
90 781
90 973
90 1053
90 2001
90 2091
90 3101
90 3456
90 4458
90 4540
90 4598
90 4966
90 4977
91 405
91 445
91 784
91 904
91 1150
91 1273
91 1624
91 1964
91 2047
91 2204
91 2270
91 3272
91 3646
91 3692
91 3799
91 3827
92 384
92 929
92 959
92 1081
92 1088
92 1724
92 1869
92 2740
92 3411
92 3722
92 3899
92 4092
92 4464
92 4554
92 4650
92 4809
92 4830
93 479
93 1217
93 1251
93 1442
93 1586
93 1681
93 1773
93 1782
93 2033
93 2319
93 2964
93 3057
93 3103
93 3373
93 3620
93 3847
93 3986
93 3987
93 4221
94 99
94 165
94 518
94 555
94 634
94 864
94 1032
94 1347
94 1409
94 1419
94 1608
94 2208
94 2322
94 2510
94 2784
94 2968
94 3064
94 3211
94 3265
94 3319
94 3647
94 3752
94 3858
94 4276
94 4724
95 153
95 232
95 720
95 945
95 950
95 962
95 983
95 1577
95 1821
95 2035
95 2154
95 2756
95 2853
95 3069
95 3303
95 3467
95 4346
95 4792
95 4854
96 168
96 373
96 1565
96 1600
96 1743
96 2133
96 3567
96 4138
96 4152
96 4206
96 4252
96 4281
96 4370
96 4568
96 4661
96 4684
96 4722
96 4774
96 4840
97 254
97 525
97 810
97 998
97 1089
97 1153
97 1212
97 1278
97 1430
97 1553
97 1928
97 2199
97 2269
97 2386
97 2475
97 2590
97 3022
97 3262
97 3846
97 4219
97 4728
98 1245
98 1337
98 1685
98 2169
98 2607
98 2813
98 3062
98 3273
98 3568
98 4417
98 4880
98 4917
99 178
99 967
99 988
99 1005
99 1379
99 1638
99 1667
99 1698
99 2254
99 2291
99 2513
99 2576
99 2654
99 2862
99 3115
99 3247
99 3530
99 3601
99 3872
99 4168
99 4477
99 4660
100 591
100 713
100 933
100 1239
100 1317
100 1461
100 1965
100 3066
100 4001
100 4181
100 4714
100 4771
100 4782
100 4844
100 4973
101 152
101 353
101 509
101 1109
101 1117
101 1247
101 1372
101 1479
101 1815
101 2225
101 2249
101 2690
101 2716
101 3182
101 3192
101 3724
101 3795
101 4603
101 4911
101 4986
102 104
102 426
102 455
102 612
102 789
102 968
102 976
102 1084
102 1179
102 1305
102 1458
102 1506
102 1726
102 2131
102 2365
102 2456
102 2715
102 3404
102 3942
102 4442
102 4713
102 4971
103 116
103 688
103 702
103 728
103 788
103 1128
103 1349
103 1645
103 1668
103 1791
103 1881
103 1950
103 2265
103 2267
103 2544
103 2599
103 4080
103 4339
103 4786
103 4837
103 4902
104 335
104 344
104 598
104 1003
104 1770
104 2370
104 2702
104 2796
104 3012
104 3259
104 3388
104 3871
104 3934
104 3972
104 4146
104 4667
104 4886
105 182
105 212
105 371
105 401
105 417
105 447
105 682
105 1025
105 1308
105 1828
105 2067
105 2281
105 2514
105 2598
105 2809
105 3196
105 3369
105 3670
105 4255
105 4273
105 4372
106 352
106 427
106 681
106 852
106 1205
106 2135
106 2992
106 3048
106 3920
106 4185
107 148
107 342
107 376
107 397
107 399
107 796
107 1238
107 1420
107 1497
107 2026
107 2130
107 2335
107 2473
107 2974
107 3240
107 3770
107 3772
107 3780
107 4360
107 4852
107 4931
107 4996
108 215
108 409
108 458
108 677
108 737
108 1023
108 1134
108 1219
108 1275
108 1357
108 1711
108 2257
108 2495
108 2768
108 2865
108 3079
108 4813
108 4842
108 4843
108 4879
109 248
109 1140
109 1392
109 1404
109 2109
109 2175
109 2428
109 2729
109 3170
109 3393
109 3520
109 3819
109 4143
109 4532
109 4589
109 4694
109 4846
109 4871
109 4972
110 1169
110 1270
110 1326
110 1888
110 2382
110 2520
110 2754
110 2925
110 3156
110 3634
110 3864
110 4545
110 4553
110 4849
110 4900
110 4933
111 186
111 861
111 935
111 1008
111 1020
111 1210
111 1254
111 2146
111 2198
111 2371
111 2826
111 3454
111 4107
111 4597
111 4630
111 4960
112 128
112 780
112 856
112 1123
112 2393
112 2640
112 2695
112 3306
112 3396
112 3450
112 4111
112 4430
112 4765
113 298
113 653
113 803
113 885
113 1143
113 1196
113 1344
113 1665
113 2095
113 2444
113 2561
113 2995
113 3291
113 3559
113 3583
113 3700
113 3808
113 3835
113 4211
113 4893
114 316
114 369
114 503
114 1520
114 2015
114 3242
114 3435
114 3442
114 3694
114 4018
114 4106
114 4987
115 122
115 309
115 432
115 727
115 735
115 2152
115 2782
115 2905
115 3412
115 3462
115 3473
115 3923
115 4088
115 4712
116 513
116 678
116 873
116 911
116 1193
116 2149
116 2210
116 2614
116 2621
116 2863
116 2941
116 2959
116 3020
116 3054
116 3301
117 604
117 1015
117 1683
117 2527
117 2637
117 3485
117 3701
117 4048
117 4439
117 4689
118 386
118 916
118 1017
118 2158
118 2276
118 2569
118 2801
118 2868
118 2989
118 3038
118 3165
118 3274
118 3432
118 4817
118 4860
118 4863
118 4952
119 1173
119 1174
119 1385
119 1533
119 1785
119 2625
119 2704
119 2790
119 2839
119 2979
119 3365
119 3380
119 3401
119 3761
119 4172
119 4992
120 183
120 197
120 507
120 514
120 1249
120 1403
120 2139
120 2493
120 2660
120 2919
120 3267
120 3758
120 4215
120 4481
120 4605
120 4804
121 169
121 356
121 843
121 1013
121 1094
121 1141
121 1181
121 1861
121 1930
121 2178
121 2887
121 2939
121 3186
121 3715
121 3739
121 3865
121 4328
121 4358
122 1582
122 1723
122 2054
122 2498
122 2726
122 2748
122 2810
122 2909
122 3649
122 3726
122 4541
122 4627
122 4864
123 958
123 1639
123 1827
123 1886
123 2515
123 2558
123 3171
123 3183
123 3767
123 3836
123 4691
123 4740
124 203
124 227
124 322
124 1121
124 1320
124 1413
124 2192
124 2375
124 2534
124 3842
124 4241
124 4369
124 4483
124 4674
125 275
125 1260
125 1346
125 1800
125 2451
125 2856
125 2970
125 3032
125 3266
125 3611
125 4066
125 4186
126 490
126 917
126 1525
126 1973
126 2417
126 2436
126 2769
126 2771
126 2837
126 2946
126 3174
126 3543
126 3762
127 686
127 910
127 1316
127 1772
127 2388
127 2442
127 2578
127 2624
127 3779
127 3913
127 4258
127 4349
127 4419
127 4510
128 470
128 534
128 785
128 1444
128 2551
128 3817
128 3904
128 4000
128 4246
128 4396
129 323
129 915
129 1284
129 1561
129 2288
129 2360
129 2542
129 2923
129 3213
129 3217
129 3338
129 3458
129 3589
129 4087
129 4205
129 4612
129 4798
130 839
130 2430
130 2543
130 2667
130 2858
130 3003
130 3652
130 3946
130 4405
130 4474
130 4494
131 209
131 362
131 527
131 675
131 1038
131 1918
131 2220
131 2301
131 2494
131 3677
131 4484
131 4997
132 491
132 814
132 1122
132 1272
132 1307
132 1621
132 2034
132 2575
132 2903
132 3342
132 3636
132 3717
132 4156
132 4208
132 4371
133 531
133 536
133 618
133 835
133 869
133 1268
133 1418
133 1838
133 1867
133 1932
133 2032
133 2303
133 2752
133 2772
133 3209
133 3517
133 3843
133 4508
133 4599
134 283
134 510
134 1011
134 2312
134 2420
134 2583
134 3027
134 3244
134 3361
134 3841
135 175
135 1207
135 1934
135 2004
135 2160
135 2913
135 2948
135 3018
135 3149
135 3491
135 4591
136 226
136 303
136 328
136 893
136 897
136 1006
136 1132
136 1198
136 1495
136 1658
136 1847
136 1885
136 2400
136 2980
136 3255
136 3596
136 4342
136 4535
137 524
137 1358
137 1611
137 2068
137 2627
137 2642
137 2944
137 3017
137 3202
137 3316
138 674
138 868
138 1470
138 2039
138 2356
138 2404
138 2460
138 2500
138 2605
138 2814
138 2928
138 3050
138 3095
138 3947
138 4677
138 4785
138 4797
138 4848
139 300
139 361
139 499
139 841
139 1405
139 2217
139 2822
139 3522
139 4403
139 4497
139 4578
140 191
140 658
140 774
140 1168
140 1401
140 2051
140 2056
140 2287
140 2453
140 2878
140 2910
140 3395
140 3837
140 4250
140 4493
140 4711
141 243
141 1721
141 3214
141 3254
141 3580
141 4357
141 4648
141 4783
142 1475
142 2013
142 2688
142 2700
142 3260
142 3866
142 4625
142 4995
143 201
143 1507
143 1606
143 2241
143 2545
143 2892
143 4353
143 4595
143 4629
143 4717
143 4788
144 941
144 1648
144 1935
144 2279
144 2648
144 3440
144 3448
144 3630
144 4278
144 4433
144 4631
144 4748
145 267
145 377
145 657
145 1165
145 1350
145 1941
145 2290
145 2432
145 2777
145 3137
145 3569
145 3771
145 3824
145 4620
145 4916
145 4993
146 241
146 348
146 415
146 1056
146 1102
146 1189
146 1508
146 1945
146 3784
146 3989
146 4007
146 4318
147 268
147 382
147 733
147 1171
147 1947
147 2490
147 3200
147 3693
147 4024
147 4237
147 4327
147 4331
147 4475
147 4492
147 4823
148 198
148 691
148 989
148 1451
148 1948
148 3464
148 3921
148 4287
148 4300
148 4385
149 151
149 295
149 680
149 1277
149 1341
149 2942
149 3092
149 3167
149 3299
149 3526
149 3566
149 3688
149 3956
149 4201
149 4355
150 994
150 1045
150 1116
150 2162
150 2368
150 2952
150 2966
150 2976
150 3309
150 3711
150 3729
150 4003
151 256
151 321
151 905
151 1170
151 1597
151 1914
151 2984
151 3178
151 3449
151 3466
151 4236
151 4461
151 4991
152 234
152 566
152 890
152 1569
152 1596
152 1708
152 1748
152 1876
152 3474
152 3510
152 3812
152 4364
152 4521
152 4888
152 4920
153 538
153 966
153 1325
153 2187
153 2617
153 2792
153 2885
153 4520
153 4594
153 4673
154 745
154 1627
154 1831
154 2081
154 2535
154 2678
154 2681
154 2694
154 2961
154 3629
154 4330
154 4350
154 4768
154 4935
155 412
155 1054
155 2503
155 3220
155 3290
155 3427
155 3499
155 4010
155 4445
156 364
156 571
156 936
156 2021
156 3551
156 3653
156 3903
156 4446
156 4845
157 407
157 769
157 799
157 847
157 1348
157 1462
157 1714
157 1940
157 1944
157 3284
157 3623
157 3702
157 3803
157 4034
157 4169
157 4217
157 4367
158 292
158 360
158 624
158 650
158 651
158 744
158 1230
158 1574
158 1792
158 2357
158 3598
158 3631
158 3902
158 3997
158 4490
158 4552
158 4887
159 252
159 410
159 732
159 1991
159 2164
159 2482
159 2785
159 4017
160 530
160 544
160 1178
160 1204
160 2537
160 2846
160 3635
160 4651
160 4703
160 4898
161 237
161 1264
161 2650
161 4738
162 813
162 875
162 1961
162 2255
162 2908
162 2967
162 4841
163 219
163 830
163 934
163 1234
163 2041
163 2184
163 2780
163 2787
163 2875
163 3944
164 1450
164 1466
164 1547
164 2803
164 3376
164 3403
164 4803
164 4967
165 421
165 1593
165 2519
165 2845
165 2937
165 3293
165 3823
165 4560
165 4609
165 4647
166 204
166 347
166 423
166 572
166 1276
166 1289
166 1672
166 2122
166 3358
167 170
167 1412
167 2728
168 245
168 408
168 883
168 1071
168 1374
168 2167
168 3102
169 218
169 351
169 390
169 1398
169 2345
169 2957
169 3359
169 3868
169 4507
170 375
170 708
170 1041
170 1415
170 2443
170 2685
170 3453
170 4242
170 4923
171 238
171 452
171 1007
171 1572
171 1789
171 1874
171 3769
171 3875
171 4628
172 286
172 659
172 1087
172 1407
172 2084
172 2163
172 2251
172 2381
172 2778
172 3172
172 3704
172 3981
173 640
173 1014
173 1897
173 1998
173 2219
173 3337
173 3709
173 4321
173 4772
174 319
174 569
174 741
175 1068
175 1137
175 1176
175 1899
175 2930
175 4646
176 207
176 577
176 854
176 1399
176 2986
176 3461
176 3857
176 4352
176 4666
177 299
177 1359
177 1368
177 1432
177 1480
177 1768
177 2123
177 2203
177 2280
177 3125
177 3383
177 3915
177 4921
178 332
178 670
178 978
178 1562
178 1807
178 3082
178 4025
178 4322
179 187
179 391
179 540
179 1327
179 2027
179 2216
179 2239
179 2397
179 3049
179 3089
180 277
180 605
180 807
180 990
180 1213
180 1634
180 1923
180 1925
180 3099
180 3561
180 3698
180 4315
180 4356
180 4386
180 4617
181 272
181 288
181 793
181 1554
181 1706
181 1790
181 2305
181 2469
181 3974
181 4725
182 462
182 1903
183 260
183 764
183 1287
183 1455
183 4974
184 326
184 442
184 920
184 1493
184 2485
184 3232
184 4502
184 4824
185 311
185 1752
185 2121
185 2144
185 2168
185 2245
185 3322
185 3773
185 4561
185 4815
186 296
186 1655
186 1855
186 2591
186 2766
186 2775
186 2960
186 3239
186 3966
187 1195
187 1229
187 2677
187 3477
187 3672
187 3937
187 4883
188 481
188 516
188 1391
188 1646
188 1810
188 2230
188 2696
189 2965
189 4990
190 434
190 2278
190 3347
191 287
191 411
191 1671
191 2409
191 2426
191 2557
191 2579
191 3488
191 4998
192 280
192 583
192 1257
192 1267
192 2573
192 2891
192 3298
192 4654
193 1100
193 1127
193 1871
193 2320
193 2762
193 2999
193 3253
193 3292
194 424
194 937
194 1536
194 1750
194 2363
194 2367
194 2646
195 480
195 714
195 1468
195 2379
195 2797
195 2828
195 3364
195 4180
196 317
196 656
196 2143
196 2398
196 2883
196 3529
196 3691
196 4720
196 4934
197 239
197 585
197 692
197 1163
197 1745
197 3533
197 3862
197 4065
197 4393
197 4954
198 1099
198 1266
198 1331
198 1578
198 2376
198 4102
198 4312
198 4365
198 4710
198 4981
199 1042
199 2190
199 3307
199 4526
200 558
200 1519
200 4460
200 4781
200 4937
201 1225
201 1758
201 1793
201 2876
201 3090
201 4302
201 4418
201 4640
202 520
202 600
202 1883
202 3938
202 4021
202 4028
203 472
203 926
203 1146
203 2330
203 3324
203 3550
204 960
204 1780
204 1936
204 2090
204 2142
204 2361
204 4681
204 4877
205 1329
205 2323
205 3264
205 3486
206 874
206 891
206 1096
206 1677
206 2488
206 3053
206 3256
206 3308
206 3760
206 4239
207 1959
207 2100
207 3148
207 4668
207 4701
208 1979
208 2268
208 2799
208 3849
208 4139
208 4441
209 2092
209 2763
209 2811
209 3283
209 3553
209 4056
209 4644
210 2601
210 3372
210 3955
210 4895
211 2806
212 257
212 554
212 995
212 1044
212 1652
212 3055
212 3687
212 4549
213 270
213 314
213 1560
213 3783
213 4752
213 4790
214 521
214 584
214 638
214 770
214 1422
214 1595
214 3208
214 3876
214 4557
214 4582
214 4732
215 396
215 766
215 947
215 1636
215 4662
216 1826
216 3025
216 4697
217 2916
217 3386
217 3519
217 3727
217 3830
217 4310
218 532
218 918
218 1160
218 3021
218 4351
218 4926
219 801
219 1031
219 1952
219 2022
219 2589
219 4659
220 560
220 1046
220 2354
220 3633
220 4191
220 4868
221 486
221 1788
221 2489
221 4267
222 2140
222 2390
222 3852
222 4565
223 1191
223 1660
223 2597
223 4233
224 866
224 1299
224 1704
224 2321
224 4020
224 4229
225 466
225 2556
225 3802
225 4623
225 4688
226 1115
226 4041
227 944
227 3867
227 4397
227 4400
228 4770
229 461
229 3129
229 3518
229 3919
229 4590
230 493
230 644
230 2753
230 3155
230 3312
231 281
231 551
231 1107
231 1295
231 1694
232 1362
232 1447
232 2366
232 2616
232 4870
233 927
233 1851
233 2877
233 3552
233 4454
233 4944
234 1474
234 2211
234 2459
234 2798
234 4029
235 1253
235 3252
235 3378
235 3507
235 4375
235 4606
236 557
236 1570
236 2118
236 2124
237 1472
237 1908
238 974
238 1265
238 2468
238 2707
238 3433
239 2061
239 2331
239 2472
239 3850
239 3931
239 4634
239 4680
240 1417
240 4103
241 2172
241 3410
242 1203
242 2915
242 3190
243 2156
243 4100
244 1594
244 2083
244 2378
244 2757
244 2889
244 3706
244 4395
245 1311
245 1992
245 2808
246 621
246 1438
246 1625
246 1843
246 1878
246 3416
247 701
247 1769
247 1970
247 2205
247 2595
247 3471
247 4117
248 851
248 3163
248 4671
249 320
249 456
249 726
249 1840
249 1841
249 4499
250 3084
250 3276
250 3754
251 287
251 773
252 285
252 1612
252 1710
252 2497
252 4808
252 4839
253 683
253 719
253 4112
254 2188
254 2415
254 3009
254 4423
255 319
255 3682
255 4275
256 2176
256 2351
257 1114
257 3351
257 3744
257 3838
257 3856
257 3906
257 3995
258 748
258 1145
258 1738
258 2343
258 2359
258 3116
258 4121
259 1483
259 2089
259 3405
260 943
260 1047
260 1728
260 2991
260 3407
261 298
261 4348
262 269
262 1236
262 1877
262 2560
262 2996
262 3952
262 4501
263 850
263 3785
263 4126
263 4332
264 2389
264 3832
264 4341
264 4619
265 2069
265 2697
265 4162
266 1664
266 4500
268 940
268 3916
268 4927
269 3391
269 4134
270 1452
270 2200
270 2209
270 2818
270 2897
270 4089
271 515
271 1975
271 3505
272 1106
272 1870
272 3091
272 3124
272 4836
273 1338
273 2882
273 3285
273 3878
273 4795
274 1942
274 2896
274 4262
275 1719
275 1822
275 3806
275 4762
275 4884
276 2014
276 3624
276 4222
276 4682
277 1852
277 3973
278 2048
278 2567
278 2912
278 3640
278 3833
279 406
279 1183
279 3191
279 3918
280 1086
280 2933
280 4469
281 3001
281 3563
281 3613
281 4270
281 4431
282 722
282 820
282 1701
282 2043
282 2581
282 2861
283 444
283 567
283 1556
283 2724
283 3429
283 4897
284 4248
284 4980
285 4610
285 4896
286 853
286 1355
286 3257
286 3807
287 433
287 2714
287 3763
287 3900
288 1900
288 2626
288 3128
288 4193
288 4693
289 291
289 307
289 425
289 1187
289 4953
290 1818
290 3140
290 3348
290 4616
291 3658
292 4234
292 4736
293 590
293 1697
293 4614
295 2177
295 4049
295 4479
296 413
296 695
296 1695
297 419
297 1844
299 3078
299 3400
300 800
300 2262
300 3941
301 362
301 387
301 1798
301 2972
302 684
302 2481
302 4633
303 2438
303 3374
303 4263
305 2347
305 4958
306 1258
306 1306
306 1971
307 1699
307 2372
308 876
309 907
309 3011
309 4559
310 1832
310 2413
310 2604
311 812
311 2731
311 3610
312 3889
313 3045
313 4778
314 3074
314 4753
315 1610
315 2633
316 1835
317 981
317 1912
317 1919
317 2180
317 3180
318 3161
318 4457
319 887
319 2017
319 3086
320 1400
320 2917
321 889
321 4529
322 2377
322 3428
323 2206
324 1291
325 4810
326 734
326 1226
326 1584
326 3249
327 1762
327 2060
328 3392
328 4224
329 526
329 4316
330 771
330 3684
330 4818
331 1021
332 474
332 3840
334 4515
337 389
338 2531
338 2932
339 4613
340 537
340 1678
340 2044
341 1073
341 3490
344 357
344 3375
344 4105
346 482
346 4187
346 4498
347 1126
348 393
348 3922
348 4444
349 1651
349 3436
349 3679
350 1332
351 863
354 2337
354 3787
354 3925
354 4733
355 2392
355 2643
355 4428
356 1531
356 3350
357 3663
359 1987
359 2914
359 3557
359 4030
360 2410
360 3719
360 4249
360 4970
362 1997
362 4576
363 542
364 1083
364 1909
364 2718
364 4149
365 1471
365 3162
365 4062
366 3536
366 4031
368 1162
368 3870
369 2195
369 3005
371 1048
372 570
372 1206
372 1393
374 1351
374 1539
376 4889
377 2406
377 4406
378 1981
378 2232
378 3556
379 453
381 1256
381 2645
382 1431
382 2258
383 4086
385 497
386 3122
386 4570
387 3616
388 1297
388 3478
389 903
390 2446
392 3226
394 707
395 4384
397 3402
399 4575
399 4696
400 2395
404 809
404 4298
404 4874
408 2434
412 2170
418 1794
418 4822
419 3026
423 2113
424 2628
426 1027
427 1388
430 585
431 999
432 877
435 3352
436 4171
437 2610
437 4959
438 563
443 3113
444 3654
446 2474
450 1427
453 2018
468 4230
470 4643
473 4135
477 660
479 2476
486 849
490 1135
494 3184
494 4775
495 1184
498 2508
499 4988
501 546
510 2665
511 1804
513 1019
522 1058
523 1192
523 1489
524 4308
528 4982
529 4569
544 2670
548 2713
565 4745
569 613
569 1009
572 3455
576 3006
582 723
582 4266
611 2975
618 2634
623 4377
626 4480
635 2686
636 2402
664 3498
665 3895
666 2741
676 3073
681 4876
696 700
705 1214
773 2212
777 3294
845 1696
