1 2611
1 3455
1 4004
1 4761
1 4839
1 5389
1 5608
1 6705
1 7351
1 7699
1 8015
1 8046
2 8
2 819
2 976
2 1040
2 1068
2 1784
2 1856
2 3034
2 3279
2 3468
2 4156
2 4832
2 5669
2 5956
2 7630
2 8004
2 8805
2 9640
2 9649
2 9885
3 289
3 801
3 1600
3 2145
3 2438
3 2577
3 3248
3 3506
3 4359
3 5516
3 6728
3 6782
3 7464
3 9425
4 448
4 1112
4 1590
4 2468
4 3995
4 5614
4 6031
4 6442
4 7329
4 7538
4 7829
4 7967
5 245
5 1075
5 1077
5 1259
5 2497
5 2531
5 2717
5 3448
5 4886
5 5180
5 5456
5 5694
5 5971
5 6645
5 6839
5 7057
5 8200
5 8364
5 9404
6 219
6 333
6 454
6 824
6 3314
6 3350
6 3484
6 3714
6 3917
6 4842
6 5456
6 5620
6 5704
6 5820
6 5988
6 7069
6 7304
6 7318
7 1380
7 2253
7 2442
7 3211
7 3243
7 5242
7 5600
7 6171
7 6478
7 7299
7 8339
7 8684
7 9191
7 9577
7 9935
8 259
8 611
8 1907
8 2305
8 2331
8 2703
8 3630
8 4084
8 4534
8 4761
8 6205
8 6885
8 7025
8 7254
8 8517
9 1892
9 2352
9 5406
9 5843
9 6501
9 6555
9 7136
9 7532
9 8303
9 8328
9 8409
9 8457
9 8496
9 8561
9 8821
9 9478
9 9808
10 404
10 448
10 492
10 1423
10 1539
10 1678
10 1915
10 2487
10 2609
10 2975
10 3029
10 5372
10 5496
10 5522
10 5817
10 6148
10 6335
10 8254
10 8285
10 9179
11 1180
11 1399
11 1664
11 3001
11 4225
11 4344
11 5866
11 6499
11 6521
11 7777
11 7992
11 8289
11 8934
11 9640
12 303
12 1238
12 1244
12 1778
12 1850
12 2325
12 4080
12 4271
12 4992
12 5975
12 6570
12 6611
12 6954
12 7107
12 8254
12 8891
12 9183
12 9952
13 1044
13 1155
13 1191
13 1357
13 4246
13 4807
13 5100
13 5447
13 5570
13 6050
13 6693
13 6832
13 6970
13 8066
13 8272
14 113
14 204
14 932
14 1146
14 1411
14 1657
14 2939
14 3062
14 4102
14 4972
14 5022
14 5119
14 5199
14 5676
14 8382
14 8603
14 8707
15 1049
15 2750
15 3675
15 4575
15 4890
15 4960
15 5554
15 6071
15 6521
15 9944
16 283
16 787
16 1080
16 2436
16 5746
16 5881
16 7387
16 7659
16 7661
16 8088
16 9198
16 9215
17 165
17 1355
17 1390
17 2551
17 2666
17 3478
17 4016
17 4068
17 4586
17 4758
17 4812
17 5462
17 5469
17 5698
17 6754
17 8104
17 8205
17 8257
17 8604
18 155
18 461
18 983
18 2671
18 3320
18 3713
18 3963
18 5892
18 6003
18 6576
18 7880
18 8087
18 8373
18 8776
18 8861
18 8915
19 308
19 1010
19 1670
19 1824
19 2374
19 2918
19 4768
19 5216
19 5242
19 5379
19 6913
19 6995
19 8783
19 8984
19 9663
20 34
20 1269
20 1686
20 3654
20 5110
20 5150
20 5688
20 6601
20 6969
20 7264
20 7824
20 7948
21 2861
21 2902
21 3667
21 3677
21 5125
21 5202
21 5295
21 5769
21 6376
21 6391
21 6610
21 8283
21 8440
22 1947
22 2601
22 4689
22 5120
22 6667
22 6671
22 6710
22 6806
22 8453
22 8985
22 9022
22 9134
22 9243
23 25
23 313
23 952
23 2109
23 2318
23 2711
23 3620
23 4342
23 5735
23 6028
23 6247
23 6555
23 6833
23 7424
23 7524
23 8286
24 966
24 1685
24 2222
24 3287
24 4139
24 4266
24 4367
24 4744
24 4780
24 5310
24 5399
24 5662
24 6827
24 6868
24 7151
24 9487
24 9555
25 1802
25 3875
25 3897
25 4480
25 4947
25 5441
25 5808
25 6095
25 7527
25 7730
25 7925
25 7968
25 8748
25 9413
26 93
26 1188
26 3535
26 3743
26 4143
26 5462
26 6191
26 6475
26 6602
26 7044
26 8094
26 8432
26 8595
26 8982
26 9133
27 558
27 765
27 1663
27 2020
27 2789
27 2828
27 3039
27 3169
27 3510
27 5047
27 5374
27 5969
27 6717
27 7004
27 8150
27 8898
27 9089
27 9710
28 2072
28 2159
28 3965
28 4027
28 4231
28 4696
28 4876
28 4989
28 6683
28 7273
28 8023
28 8347
28 8530
28 9174
28 9983
29 96
29 126
29 1621
29 2849
29 3201
29 3908
29 4241
29 4771
29 5248
29 7029
29 7088
29 8854
29 8904
29 9975
30 1004
30 1247
30 1726
30 3759
30 8037
30 8338
30 8455
30 9135
30 9954
30 10000
31 179
31 390
31 773
31 2136
31 5770
31 6890
31 8268
32 365
32 514
32 564
32 840
32 1203
32 1478
32 2442
32 3320
32 5115
32 5976
32 6225
32 6554
32 7859
32 7989
32 8300
32 8689
32 8928
33 1101
33 1778
33 1949
33 2682
33 2895
33 3192
33 3347
33 6151
33 8409
33 8831
33 9144
34 1672
34 1772
34 1927
34 2386
34 3105
34 3326
34 3665
34 3969
34 4104
34 4519
34 5892
34 6248
34 6482
34 7919
34 8424
34 8677
34 8728
34 9155
34 9949
35 140
35 581
35 1071
35 1636
35 2655
35 3119
35 3639
35 3825
35 4252
35 4581
35 5374
35 5902
35 6079
35 6303
35 6390
35 8470
35 9317
35 9436
35 9703
36 202
36 2224
36 2351
36 2406
36 2409
36 3218
36 3569
36 6162
36 6438
36 7367
36 7819
36 9374
37 48
37 54
37 185
37 1679
37 2201
37 3038
37 3498
37 5583
37 6273
37 6547
37 7382
37 8043
37 9787
38 640
38 1331
38 1902
38 1990
38 2700
38 3325
38 5962
38 6279
38 6356
38 7139
39 695
39 1111
39 1695
39 1767
39 1817
39 3028
39 3099
39 3483
39 3785
39 4866
39 4984
39 5321
39 5983
39 7218
39 7687
39 7879
39 9337
39 9450
39 9890
40 889
40 1745
40 2161
40 2359
40 4103
40 4356
40 6017
40 6219
40 6447
40 6637
40 7290
40 7785
40 8449
40 8880
40 8945
40 9130
40 9590
41 479
41 562
41 568
41 676
41 1752
41 2010
41 2100
41 2470
41 2563
41 3315
41 3367
41 4422
41 4807
41 5435
41 6029
41 6975
41 7192
41 7901
41 9783
42 361
42 640
42 1250
42 1412
42 1545
42 1606
42 1854
42 2586
42 2985
42 3264
42 3293
42 3614
42 4223
42 4715
42 7187
42 7554
42 7828
43 424
43 984
43 1128
43 4977
43 5904
43 6277
43 8326
43 8531
43 9086
43 9177
44 1448
44 1700
44 2481
44 2919
44 3285
44 3530
44 4090
44 4112
44 5806
44 8022
44 9178
45 330
45 1207
45 3106
45 4119
45 4540
45 5896
45 7099
45 7989
45 8162
45 8172
45 8591
46 2125
46 2187
46 2196
46 2383
46 2446
46 2758
46 3786
46 4023
46 4271
46 5285
46 6246
46 9136
46 9818
47 1554
47 3143
47 4260
47 4475
47 4868
47 4941
47 5469
47 6196
47 6725
47 7112
47 7348
47 9194
47 9677
48 366
48 665
48 1606
48 1814
48 1838
48 2004
48 2770
48 3333
48 3380
48 3515
48 3780
48 3855
48 4783
48 6521
48 6692
48 7394
48 8109
49 52
49 1271
49 5476
49 5881
49 6087
49 6714
49 7393
49 8121
49 9098
49 9703
50 197
50 283
50 2204
50 3010
50 4492
50 4570
50 4846
50 5137
50 5793
50 7121
50 7280
50 7584
50 8401
50 8613
51 513
51 672
51 704
51 1759
51 2441
51 3011
51 3668
51 4929
51 5426
51 5507
51 5580
51 5937
51 6665
51 7445
51 8097
51 8276
51 9018
51 9317
51 9441
51 9776
52 107
52 161
52 347
52 1638
52 1684
52 3794
52 4066
52 6353
52 6962
52 6990
52 8252
52 9148
53 309
53 1154
53 1501
53 2524
53 2535
53 2554
53 4060
53 4518
53 4941
53 5768
53 6005
53 6340
53 6591
53 6593
53 6619
53 8316
53 8359
53 9732
54 1469
54 3035
54 3504
54 5371
54 6590
54 6651
54 7801
54 8972
54 9614
55 1027
55 2372
55 2865
55 3743
55 3877
55 4537
55 5548
55 6169
55 7200
55 7249
56 59
56 475
56 985
56 3061
56 3322
56 3698
56 5025
56 5465
56 5485
56 6324
56 7647
56 7772
56 8602
57 156
57 342
57 908
57 1011
57 1761
57 2209
57 2321
57 3008
57 5094
57 5284
57 5971
57 7473
57 8417
57 8527
57 8747
57 8794
57 9163
58 1653
58 2058
58 2474
58 3199
58 3880
58 5381
58 6000
58 6025
58 6683
58 6973
58 7704
58 8157
58 8808
58 8878
58 8971
58 9373
59 2643
59 3261
59 3826
59 4670
59 5413
59 5570
59 7002
59 7683
59 8054
59 9570
60 1460
60 2222
60 2927
60 2973
60 3220
60 3479
60 3524
60 3813
60 4975
60 5439
60 5753
60 5772
60 6791
60 7125
60 7372
60 7416
60 7499
60 8600
60 8622
60 9174
61 269
61 2942
61 3182
61 7786
62 1518
62 1868
62 1953
62 2881
62 3809
62 4085
62 6725
62 7326
62 7961
63 332
63 745
63 1772
63 2279
63 3408
63 4220
63 5407
63 5436
63 6261
63 7227
63 7419
63 7486
63 8465
63 8679
63 8950
63 9059
63 9556
63 9639
64 89
64 683
64 749
64 1608
64 1830
64 2827
64 2957
64 3113
64 3812
64 4021
64 5742
64 7153
64 7943
64 8391
64 8662
64 8713
64 9165
64 9441
64 9579
65 83
65 633
65 1351
65 1744
65 1962
65 2747
65 3662
65 4224
65 4885
65 5790
65 6377
65 8961
65 9397
66 863
66 1634
66 3406
66 4846
66 5337
66 7014
66 7204
66 7403
66 7451
66 7883
66 8556
67 92
67 1112
67 1401
67 1884
67 2208
67 2384
67 3268
67 3390
67 6973
67 8206
68 1898
68 2616
68 3164
68 3415
68 3771
68 3969
68 3977
68 5588
68 8108
69 310
69 522
69 1064
69 1433
69 1609
69 1639
69 3242
69 4283
69 4325
69 5288
69 6468
69 7641
69 7982
69 8144
69 9919
70 222
70 423
70 1418
70 1434
70 2136
70 2158
70 3212
70 6466
70 7578
70 7599
70 7651
70 9439
70 9888
71 554
71 2977
71 3048
71 3447
71 3753
71 5359
71 5430
71 5914
71 7613
71 7847
71 8541
71 8683
71 9079
71 9429
71 9780
72 561
72 895
72 1596
72 2091
72 2614
72 2825
72 3097
72 4682
72 4910
72 5753
72 5995
72 7503
72 7677
72 8248
72 9014
73 119
73 374
73 836
73 2691
73 2729
73 2907
73 3895
73 4057
73 4260
73 5300
73 5788
73 6156
73 7327
73 7894
73 9509
73 9560
74 854
74 2584
74 2593
74 4004
74 4431
74 6850
74 7306
75 300
75 717
75 742
75 1015
75 1253
75 1608
75 2244
75 3980
75 4894
75 5100
75 5305
75 7149
75 7230
75 8330
75 8820
75 9275
75 9355
75 9934
76 106
76 858
76 1513
76 1588
76 2067
76 3569
76 4911
76 5341
76 5938
76 6140
76 6805
76 7273
76 7474
76 8275
76 8822
76 9501
76 9755
77 442
77 1309
77 1337
77 1609
77 1945
77 2035
77 3054
77 3193
77 4216
77 4233
77 5354
77 6035
77 6396
77 7842
77 9040
78 888
78 3183
78 3844
78 4049
78 4167
78 4430
78 5033
78 5077
78 5665
78 6147
78 6420
78 7223
78 7276
78 8327
78 8654
78 9444
79 213
79 247
79 1984
79 2491
79 2663
79 2703
79 2866
79 3654
79 3762
79 5591
79 5593
79 6194
79 9612
79 9835
80 373
80 769
80 1115
80 1426
80 1513
80 1546
80 2292
80 3653
80 3812
80 5021
80 5307
80 6660
80 7834
80 8384
80 8992
80 9431
81 558
81 728
81 982
81 983
81 1251
81 2463
81 2839
81 3027
81 3052
81 3508
81 3783
81 4353
81 4678
81 5183
81 5312
81 5422
81 6782
81 7015
81 7642
81 9202
81 9281
82 717
82 979
82 1620
82 2430
82 2516
82 2521
82 3953
82 4176
82 4383
82 4576
82 5326
82 5385
82 5493
82 6102
82 6296
82 7307
82 7721
82 8269
82 8388
82 9050
83 570
83 967
83 1490
83 1552
83 2885
83 2975
83 3704
83 3994
83 4636
83 4858
83 5155
83 5266
83 6654
83 7089
83 7500
83 8058
83 8612
83 9616
83 9775
84 1868
84 1888
84 2037
84 2738
84 2928
84 3658
84 4482
84 4590
84 5602
84 5824
84 6408
84 6479
84 7167
84 7192
84 8113
84 8729
84 9055
85 115
85 1042
85 1085
85 1713
85 3352
85 5501
85 6305
85 6771
85 8335
85 8424
85 9103
85 9157
85 9216
85 9384
85 9827
86 1916
86 2107
86 2219
86 2639
86 2674
86 2828
86 3973
86 5930
86 6011
86 6608
86 7862
86 9377
86 9810
86 9836
87 187
87 326
87 1057
87 1992
87 3195
87 3423
87 4071
87 4837
87 6458
87 6578
87 6583
87 7260
87 7462
87 9391
88 321
88 2085
88 2228
88 2708
88 2751
88 3322
88 3398
88 3465
88 4063
88 4096
88 5906
88 7321
88 7689
88 8507
88 9575
89 431
89 1976
89 5513
89 5598
89 6956
89 7267
89 9795
90 605
90 2285
90 2744
90 3449
90 3954
90 4017
90 4081
90 4207
90 4978
90 5602
90 5671
90 6691
90 8588
90 9566
91 1211
91 3047
91 3509
91 3643
91 3704
91 4203
91 4501
91 4667
91 5481
91 6497
91 7825
92 1733
92 2398
92 2961
92 4547
92 4771
92 5037
92 5495
92 6719
92 6897
92 7694
92 8482
92 8884
92 9300
93 726
93 1102
93 1192
93 1213
93 1573
93 2060
93 2225
93 3680
93 3821
93 5624
93 5692
93 6281
93 6918
93 6992
93 8329
93 9725
93 9839
94 237
94 930
94 2496
94 2929
94 3319
94 4006
94 4931
94 6166
94 6184
94 6421
94 6458
94 6870
94 7033
94 7265
94 7377
94 7442
94 8188
94 8481
94 8649
94 9846
95 223
95 397
95 1096
95 3387
95 3547
95 4408
95 5376
95 5479
95 5896
95 9048
95 9349
95 9545
95 9705
95 9746
96 718
96 4921
96 4946
96 5010
96 6070
96 7111
96 8030
96 9046
96 9301
97 278
97 2220
97 2484
97 3709
97 5137
97 5219
97 5392
97 5394
97 5555
97 6822
97 7172
97 7413
97 7669
97 8579
97 8710
98 490
98 1573
98 2132
98 2714
98 2880
98 3059
98 3304
98 3424
98 3629
98 5822
98 6816
99 105
99 213
99 2418
99 2934
99 3956
99 4313
99 8676
100 649
100 890
100 1433
100 3104
100 5227
101 1164
101 1641
101 1984
101 2083
101 2377
101 3111
101 3545
101 5133
101 5682
101 6389
101 6720
101 7469
101 9628
101 9908
102 1271
102 3768
102 3948
102 4118
102 4642
102 6807
102 7138
102 7373
102 8473
103 935
103 2930
103 3261
103 3348
103 3461
103 3896
103 4098
103 5018
103 5520
103 6132
103 8326
103 8587
103 9941
104 1954
104 2725
104 4071
104 4116
104 4128
104 4179
104 4493
104 4592
104 7492
104 8034
104 8620
104 9142
104 9218
104 9352
104 9795
104 9898
104 9919
105 1930
105 3475
105 4304
105 4902
105 5103
105 5566
105 6610
105 6710
105 7776
105 8694
106 458
106 1375
106 1559
106 2277
106 3247
106 3822
106 3909
106 4499
106 6384
106 8051
106 9225
106 9238
106 9455
107 620
107 934
107 1248
107 2115
107 3079
107 3359
107 4665
107 5028
107 5359
107 6173
107 6244
107 7228
107 7831
107 8263
107 8280
107 8527
107 9461
107 9646
108 464
108 3765
108 3986
108 5089
108 5248
108 6120
108 6202
108 7487
108 7947
108 8207
108 9057
109 466
109 1425
109 1737
109 3698
109 4661
109 4731
109 4962
109 7544
109 9632
110 171
110 839
110 1635
110 2324
110 2526
110 4737
110 5637
110 5749
110 6293
110 6461
110 6502
110 8944
111 1642
111 2320
111 2429
111 2623
111 2754
111 2990
111 3407
111 5085
111 6052
111 6527
111 6683
111 7522
111 9621
112 1120
112 1710
112 2381
112 3281
112 3406
112 5945
112 6761
112 6917
112 8129
112 8322
113 2212
113 3105
113 5540
113 6605
113 7223
113 8390
113 8663
113 8876
113 9670
114 208
114 1000
114 1821
114 2262
114 2718
114 2770
114 2771
114 3078
114 3657
114 5131
114 5582
114 9920
115 290
115 2346
115 4144
115 4663
115 4791
115 5304
115 5463
115 5474
115 5528
115 7921
115 8227
115 8267
115 9459
116 764
116 3120
116 3926
116 4411
116 4893
116 4954
116 6834
116 7676
116 8315
116 9156
116 9426
116 9991
117 790
117 845
117 905
117 1464
117 1470
117 1658
117 2767
117 3290
117 3860
117 4190
117 5392
117 6077
117 7119
117 8146
117 8528
117 8665
117 8704
117 9069
117 9348
117 9887
118 566
118 1131
118 1533
118 1917
118 2034
118 2551
118 3102
118 3357
118 3647
118 3678
118 4901
118 5723
118 6083
118 6798
118 6938
118 7116
118 8098
118 8143
118 8621
118 9130
118 9321
118 9443
118 9872
118 9967
119 480
119 518
119 1335
119 3708
119 5806
119 6776
119 7411
119 7422
119 7426
119 7438
119 7818
119 9481
120 126
120 1246
120 1283
120 1527
120 2401
120 3349
120 3512
120 4211
120 5156
120 7031
120 8406
120 8951
120 9306
121 231
121 1442
121 1789
121 2226
121 3064
121 3436
121 3531
121 3654
121 3979
121 4013
121 4310
121 5313
121 5494
121 5761
121 6828
121 6842
121 7366
121 7820
121 7849
121 9294
121 9772
121 9837
122 646
122 734
122 1754
122 2991
122 3259
122 3932
122 4237
122 5016
122 6153
122 7025
122 7143
122 7710
122 7944
122 8974
122 9062
122 9350
122 9838
123 173
123 1317
123 1631
123 3517
123 3978
123 4224
123 4668
123 5275
123 5350
123 8455
123 9127
124 1174
124 2198
124 3246
124 4034
124 4695
124 5563
124 5750
124 5837
124 5838
124 6786
124 7105
124 7840
124 8702
124 9768
125 411
125 862
125 1779
125 4210
125 4762
125 5076
125 5614
125 7095
125 8467
125 8529
126 198
126 1074
126 2233
126 3487
126 3671
126 3758
126 3836
126 5451
126 5610
126 7870
127 144
127 1402
127 1928
127 4427
127 4889
127 6155
127 6503
127 6803
127 7711
127 9377
128 869
128 1343
128 1729
128 2581
128 5161
128 5308
128 5340
128 5685
128 6877
128 7043
128 8406
128 8923
128 9173
128 9690
128 9912
128 9993
129 829
129 838
129 1453
129 1992
129 3089
129 3466
129 6496
130 510
130 1028
130 1148
130 1226
130 2068
130 2666
130 3198
130 4330
130 6464
130 6906
130 7102
130 7409
130 7747
130 9312
130 9805
131 821
131 1170
131 1808
131 3695
131 4138
131 5286
131 5919
131 7031
131 9139
131 9744
131 9963
132 859
132 1335
132 1957
132 2028
132 2687
132 3240
132 4550
132 5263
132 5438
132 7670
132 7917
132 8549
132 8796
132 8815
133 359
133 542
133 1387
133 1915
133 2031
133 2049
133 2713
133 3205
133 4903
133 5714
133 5809
133 6257
133 7600
133 7762
133 7902
133 9156
134 4353
134 6545
134 7517
134 7791
134 8292
134 9075
135 391
135 3192
135 3600
135 8010
135 9343
136 391
136 1275
136 1324
136 1485
136 3861
136 4094
136 5658
136 6489
136 6923
136 7019
136 9561
136 9613
137 471
137 927
137 1675
137 2126
137 2696
137 3016
137 3035
137 3235
137 4127
137 4767
137 6814
137 6874
137 7786
138 830
138 2057
138 2734
138 2845
138 3637
138 5515
138 5769
138 6142
138 8353
138 9605
139 383
139 553
139 910
139 1126
139 1504
139 2192
139 3370
139 4359
139 4764
139 6823
139 8825
140 1959
140 6577
140 7271
140 7294
141 566
141 943
141 1666
141 3256
141 3928
141 4058
141 4244
141 5258
141 6073
141 6107
141 6286
141 6471
142 201
142 747
142 2400
142 2912
142 3469
142 3496
142 4983
142 5631
142 5824
142 6117
142 6437
142 6534
142 7877
142 7976
142 8416
142 9792
143 365
143 1003
143 1526
143 1911
143 2480
143 2756
143 3460
143 4959
143 5346
143 7130
143 7161
143 7374
143 7718
143 7863
143 8970
143 9626
144 543
144 709
144 1472
144 1842
144 2437
144 3028
144 3124
144 3236
144 3435
144 5042
144 7268
144 7551
144 8309
145 929
145 1040
145 1615
145 1833
145 3805
145 3925
145 4722
145 5432
145 5784
145 5920
145 6159
145 7076
145 7697
145 8266
146 804
146 1338
146 1457
146 1695
146 1865
146 3499
146 4039
146 4170
146 4522
146 6379
146 7036
146 8784
146 9619
146 9811
146 9860
146 9875
146 9902
146 9962
147 233
147 633
147 738
147 918
147 1788
147 2168
147 2271
147 3898
147 5449
147 5537
147 5859
147 7549
147 9985
148 434
148 1658
148 2578
148 3303
148 5006
148 5102
148 6158
148 6362
148 7270
148 7591
148 7668
148 7897
148 8062
148 8634
148 9211
148 9609
149 251
149 1734
149 2099
149 2215
149 2288
149 2459
149 3154
149 3336
149 4019
149 4089
149 4180
149 4418
149 4691
149 4976
149 5753
149 8045
149 8522
149 9236
149 9421
150 1938
150 3035
150 3296
150 3710
150 3757
150 4208
150 5121
150 5950
150 6242
150 8667
150 9719
151 1012
151 1222
151 1294
151 1775
151 2674
151 3128
151 3601
151 3894
151 4357
151 4641
151 4680
151 4965
151 5066
151 6085
151 6161
151 8633
151 9318
151 9909
152 235
152 2069
152 2426
152 2697
152 2906
152 3039
152 4155
152 4449
152 5653
152 6441
152 6653
152 7353
152 8117
152 8661
152 8816
153 338
153 427
153 533
153 910
153 1229
153 2029
153 3553
153 3811
153 4262
153 4468
153 5095
153 5414
153 8044
153 8811
153 8932
153 9310
153 9480
154 427
154 750
154 1603
154 1655
154 2816
154 3074
154 3238
154 4589
154 4906
154 5490
154 6411
154 6647
155 2015
155 2571
155 4000
155 4914
155 5659
155 5869
155 6726
155 9454
156 815
156 4804
156 5844
156 5968
156 6043
156 7068
156 7471
156 7873
157 567
157 2425
157 3263
157 4110
157 4861
157 5333
157 5385
157 6948
157 9230
157 9472
158 1654
158 2061
158 2248
158 4666
158 6144
158 6300
158 6459
158 6510
158 7100
158 7768
158 7787
158 7987
158 8314
158 8472
158 9259
158 9928
159 238
159 2035
159 3900
159 3993
159 5208
159 5212
159 5639
159 5713
159 5997
159 6584
159 6711
159 7929
159 8294
159 8385
159 8577
159 8998
159 9292
160 377
160 385
160 661
160 951
160 1182
160 2160
160 2451
160 2467
160 3020
160 3055
160 4843
160 4895
160 5098
160 5561
160 7048
160 7685
160 8154
160 9138
160 9276
161 588
161 635
161 2507
161 4602
161 5294
161 6604
161 7884
161 8468
161 9650
161 9659
162 264
162 370
162 776
162 1039
162 1205
162 1513
162 2872
162 3209
162 3392
162 4126
162 7343
162 7761
162 7813
162 8273
162 9498
162 9857
163 1359
163 1424
163 2434
163 2483
163 3230
163 3490
163 3721
163 5525
163 6419
163 7604
163 7691
163 8087
163 8431
164 212
164 1391
164 2029
164 2322
164 2661
164 3396
164 4420
164 6009
164 6380
165 1182
165 2156
165 2511
165 2544
165 4503
165 5897
165 6540
165 6641
165 6715
165 8198
165 9125
165 9801
166 370
166 519
166 794
166 1266
166 4905
166 6049
166 7256
166 8229
166 8299
166 8648
166 9797
167 487
167 565
167 3230
167 3441
167 4587
167 5207
167 7656
167 8344
168 230
168 625
168 2143
168 2471
168 2757
168 3986
168 4450
168 4605
168 5259
168 5728
168 6041
168 6748
168 6989
168 7480
168 7797
168 8024
168 8161
168 8321
168 9038
169 723
169 1898
169 2281
169 4436
169 5433
169 6180
169 6450
169 8234
169 9660
170 317
170 858
170 938
170 2087
170 5819
170 6210
170 6680
170 9011
170 9535
170 9729
171 331
171 1277
171 1578
171 1623
171 2865
171 3689
171 3712
171 3858
171 4134
171 4487
171 6221
171 7232
171 7245
171 8241
171 8835
172 709
172 3152
172 3815
172 4362
172 4857
172 5464
172 5832
172 6069
172 9656
172 9883
173 3114
173 3962
173 5563
173 7026
173 7528
173 7890
173 8063
173 8544
174 1484
174 1696
174 2581
174 3884
174 4092
174 5706
174 6568
174 7330
174 7405
174 7878
174 8083
174 9394
174 9510
175 319
175 691
175 711
175 1820
175 2319
175 2928
175 3971
175 3992
175 6944
175 7766
175 9559
176 285
176 981
176 1563
176 2153
176 2654
176 3257
176 3791
176 4434
176 5944
176 6008
176 6163
176 6189
176 6270
176 6932
176 7300
176 8159
176 8452
176 8673
176 9543
176 9893
176 9951
176 9984
177 2154
177 2289
177 2413
177 2639
177 3572
177 4672
177 5317
177 5918
177 6429
177 6538
177 6746
177 7103
177 7927
177 7966
177 8781
177 9170
177 9197
177 9654
178 2349
178 3593
178 3656
178 3734
178 3776
178 5174
178 5325
178 6250
178 6855
178 7205
178 7392
178 9904
179 570
179 906
179 2388
179 3069
179 4544
179 4860
179 5390
179 5876
179 6187
179 7051
179 8636
179 8708
180 338
180 1640
180 4005
180 7806
180 9666
180 9804
180 9867
181 334
181 1777
181 2389
181 3654
181 3879
181 4473
181 4799
181 4981
181 6057
181 6189
181 6345
181 7617
181 8310
182 184
182 224
182 756
182 1102
182 1252
182 1799
182 2332
182 2735
182 2923
182 3485
182 6749
182 6818
182 7693
182 7866
182 7945
182 8680
182 8681
182 9603
182 9731
182 9771
183 337
183 1084
183 2132
183 2294
183 2684
183 3159
183 3598
183 5154
183 5424
183 6320
183 7793
183 8245
183 8317
183 8630
183 8978
184 589
184 2240
184 2557
184 3642
184 5049
184 5821
184 6907
184 7148
184 8746
184 9608
185 405
185 777
185 2815
185 4061
185 4392
185 4580
185 4845
185 4909
185 5273
185 5862
185 5891
185 6307
185 8402
186 264
186 721
186 5245
186 7996
186 8277
186 8392
186 8474
187 2070
187 3846
187 4125
187 4312
187 4848
187 4942
187 5377
187 5442
187 6314
187 7946
188 1426
188 2138
188 2350
188 3393
188 4164
188 4338
188 4732
188 6114
188 6269
188 7173
188 7288
188 7713
188 7767
188 7926
188 9588
188 9634
189 1054
189 1931
189 2351
189 4140
189 4276
189 4495
189 4741
189 4862
189 5237
189 5332
189 6172
189 6830
189 8012
189 9092
189 9933
190 590
190 1581
190 1960
190 2516
190 2822
190 4645
190 5492
190 6663
190 7140
190 9172
190 9550
191 349
191 1436
191 2242
191 2492
191 2560
191 3650
191 3729
191 3844
191 3906
191 4809
191 5737
191 7279
191 7296
191 8381
191 9345
192 632
192 1243
192 3420
192 4028
192 4123
192 4356
192 4568
192 5090
192 5827
192 6960
192 7152
192 7183
192 7423
192 8788
192 9939
193 1851
193 2320
193 2486
193 2783
193 4840
193 9525
193 9534
194 343
194 888
194 1017
194 1828
194 1933
194 3556
194 4917
194 6137
194 7812
194 7848
195 441
195 3810
195 3952
195 4196
195 4335
195 5244
195 5246
195 5776
195 8930
195 9120
195 9552
196 336
196 1378
196 1784
196 3626
196 3699
196 4516
196 7156
196 8179
196 8548
196 9070
196 9862
196 9976
197 1936
197 1955
197 2101
197 2286
197 2675
197 2683
197 3834
197 5233
197 5410
197 7258
197 8332
198 2207
198 2686
198 2979
198 3627
198 5023
198 7628
198 7657
199 1596
199 1950
199 2421
199 2657
199 4335
199 5287
199 6322
200 1248
200 1673
200 4077
200 5323
200 7909
200 8568
200 8763
200 9015
201 2248
201 2785
201 4151
201 4269
201 5289
201 5524
201 5615
201 7073
201 7404
201 8135
201 8924
202 617
202 693
202 1081
202 1245
202 2173
202 3520
202 3594
202 4820
202 5206
202 7843
202 7868
203 941
203 1913
203 2128
203 3578
203 3976
203 4780
203 5825
203 5996
203 6091
203 6234
203 6635
203 8475
203 8734
203 9074
204 398
204 1804
204 2733
204 3046
204 3068
204 3273
204 3529
204 4197
204 5754
204 7058
204 7082
204 7402
204 7719
204 9186
204 9551
204 9696
205 214
205 240
205 1137
205 1695
205 5940
205 7571
206 792
206 3590
206 4931
206 6299
206 8471
206 9698
207 392
207 1094
207 3355
207 3690
207 3730
207 3743
207 4622
207 4790
207 5418
207 6417
207 6891
207 7665
207 8411
207 8841
207 8855
207 9254
207 9821
208 1208
208 3692
208 6768
208 8892
209 426
209 846
209 1219
209 1514
209 2245
209 2728
209 4426
209 4551
209 5135
209 5302
209 5822
209 6338
209 9195
209 9624
210 1469
210 2588
210 2935
210 4701
210 5755
210 8525
210 8836
210 9900
211 1819
211 2771
211 2940
211 3063
211 3988
211 4133
211 4189
211 5771
211 5871
211 8378
211 8833
211 8949
212 781
212 1045
212 1731
212 2635
212 3427
212 4650
212 4800
212 7024
212 8305
212 8523
213 1633
213 1725
213 2852
213 2972
213 3546
213 8947
213 9210
213 9638
214 916
214 2755
214 3353
214 4567
214 4656
214 4872
214 7769
214 8652
214 9095
214 9271
214 9518
214 9757
215 1595
215 1988
215 2648
215 2963
215 4022
215 6088
215 6965
215 7610
215 7759
215 8234
215 9023
215 9169
215 9524
216 810
216 1740
216 3305
216 3862
216 4521
216 5189
216 5196
216 5842
216 6402
216 7525
216 8426
216 8597
216 9264
216 9390
217 251
217 1444
217 1703
217 1887
217 2056
217 2933
217 4032
217 5952
217 6922
217 7122
217 7731
217 7757
217 8896
217 9077
217 9405
218 535
218 921
218 1306
218 2056
218 2689
218 2724
218 2871
218 5514
218 6106
218 7525
218 9485
218 9970
219 1241
219 3573
219 4517
219 5823
219 6449
219 6929
219 8080
220 278
220 3077
220 3422
220 3592
220 4572
220 5815
220 5903
220 6697
220 7456
220 8168
220 8902
221 515
221 1739
221 2848
221 3531
221 5369
221 6022
221 8092
221 8814
222 5482
222 6994
222 7174
222 8742
222 9576
223 1268
223 1393
223 2380
223 2712
223 3389
223 5356
223 6255
223 9330
223 9828
224 1175
224 4628
224 4725
224 4867
224 6622
224 6669
224 7092
224 7467
224 8049
224 8996
225 300
225 2258
225 2368
225 3388
225 4371
225 5858
225 6285
225 6574
225 6779
225 6855
225 7302
225 7596
225 7983
225 9597
226 943
226 1350
226 3803
226 4797
226 5421
226 6046
226 6235
226 6676
226 8552
226 8627
227 475
227 667
227 1326
227 1935
227 2860
227 3173
227 4163
227 4938
227 5654
227 6298
227 6392
227 8560
227 8905
227 9024
228 1729
228 2323
228 2950
228 3623
228 4746
228 6266
228 6268
228 7054
228 7231
228 7914
228 8558
229 1108
229 1185
229 1473
229 3158
229 3174
229 5614
229 6075
229 6623
229 7447
229 9274
230 1671
230 1963
230 1987
230 2127
230 3351
230 4502
230 4933
230 4991
230 5538
230 5543
230 5668
230 7637
230 8331
231 443
231 655
231 3716
231 4852
231 5225
231 5400
231 5885
231 7632
231 8231
231 8365
231 9184
232 241
232 3188
232 3553
232 3589
232 3859
232 4195
232 4439
232 4777
232 4927
232 5209
232 5278
232 7421
232 7597
232 8750
233 2299
233 2692
233 2992
233 3381
233 3426
233 3581
233 3887
233 9154
233 9516
234 249
234 1252
234 1313
234 1998
234 2007
234 2746
234 3288
234 3294
234 4327
234 5195
234 6032
234 7241
234 7305
234 7792
234 9407
235 1602
235 1682
235 2514
235 4996
235 5054
235 5709
235 6586
235 6838
235 8955
235 9869
236 982
236 1090
236 1169
236 2090
236 2428
236 2509
236 2753
236 2946
236 3471
236 4368
236 4999
236 9102
236 9800
237 467
237 2024
237 9689
238 2211
238 4647
238 5348
238 6427
238 7310
238 8006
238 9599
239 1784
239 2113
239 4535
239 5334
239 5805
239 6431
239 8506
239 8864
239 8990
239 9325
240 1296
240 3219
240 5063
240 5129
240 5301
240 5777
240 6065
240 8646
241 2922
241 3222
241 3940
241 4760
241 5160
241 6398
241 8251
241 9693
242 906
242 996
242 1508
242 2030
242 2363
242 2602
242 2823
242 2958
242 3989
242 4865
242 4944
242 4955
242 4994
242 5060
242 7701
242 8539
243 872
243 1730
243 2406
243 4835
243 4982
243 5338
243 6174
243 6525
243 7408
243 9013
243 9253
244 461
244 2164
244 9021
244 9392
244 9807
244 9813
245 1100
245 1160
245 1705
245 6274
245 6364
245 6959
245 7428
246 804
246 957
246 2541
246 3088
246 3576
246 4478
246 4496
246 4913
246 5003
246 7209
246 8220
246 8906
247 2206
247 4322
247 5648
247 5849
247 6531
247 7510
247 7644
247 7900
247 8511
247 9026
247 9108
248 325
248 1122
248 1352
248 2290
248 2701
248 3575
248 4594
248 4614
248 4835
248 6240
248 6306
248 7038
248 8727
248 9812
249 733
249 1458
249 1519
249 5194
249 6033
249 6407
249 8845
249 9841
249 9965
250 467
250 1199
250 1223
250 1316
250 1766
250 2450
250 5803
250 6145
250 8102
250 8239
250 8476
250 8695
250 8909
250 9880
251 435
251 608
251 1543
251 2183
251 3172
251 5158
251 6146
251 8954
251 9598
252 618
252 1849
252 2610
252 2720
252 3670
252 3801
252 3940
252 4234
252 8000
252 8061
252 8802
252 9115
252 9160
252 9750
253 1256
253 1974
253 2958
253 6204
253 6472
253 7520
253 8768
253 9150
254 903
254 1011
254 2464
254 2824
254 3153
254 3747
254 4226
254 4897
254 6098
255 825
255 1004
255 1029
255 4560
255 4708
255 5458
255 5472
255 6060
255 6698
255 6981
255 7144
255 7960
255 8775
256 2003
256 2941
256 3267
256 5036
256 6262
256 8987
257 2511
257 4099
257 4268
257 4398
257 4597
257 4794
257 7384
257 8361
258 403
258 2841
258 3253
258 3596
258 5071
258 5903
258 7952
258 8849
258 9492
259 2670
259 3419
259 3773
259 4272
259 4354
259 4855
259 5026
259 5069
259 5416
259 5503
259 5979
259 8408
259 8640
260 2512
260 2775
260 3147
260 3572
260 4479
260 5167
260 5590
260 5739
260 6506
260 6562
260 6908
260 7916
261 1127
261 1276
261 2649
261 3294
261 4037
261 5597
261 6183
261 7340
261 8920
261 9381
262 2980
262 3344
262 3436
262 4440
262 4849
262 5279
262 5571
262 6329
262 8703
262 8913
262 9475
263 530
263 1341
263 1389
263 1801
263 2305
263 2911
263 3742
263 5318
263 6846
263 7575
263 7680
263 8935
263 9977
264 3404
264 5252
264 5345
264 5621
264 5716
264 6099
264 7864
264 8446
264 8698
264 8753
265 497
265 2180
265 3372
265 5323
265 7565
265 8376
265 8868
265 9093
265 9265
266 1016
266 1556
266 2294
266 8349
266 8827
267 396
267 1783
267 4135
267 4730
267 5001
267 6183
267 6264
267 8106
267 8422
268 845
268 2367
268 2633
268 6385
269 504
269 2092
269 2820
269 3091
269 3300
269 5144
269 5249
269 5595
269 8158
269 8605
269 8803
269 9440
269 9520
269 9743
270 374
270 3009
270 3321
270 3867
270 6157
270 6974
270 8126
271 1171
271 1184
271 2438
271 5646
271 6110
271 6486
271 6488
271 6797
271 7986
271 8368
271 9465
272 300
272 4635
272 5261
272 9137
272 9260
273 434
273 446
273 2135
273 5178
273 7286
273 9161
274 378
274 538
274 2003
274 2259
274 2831
274 3321
274 4121
274 4377
274 6030
274 6519
274 6927
274 7928
275 4093
275 4241
275 4711
275 4718
275 4880
275 5116
275 6101
275 7195
275 8199
275 8686
275 9630
276 362
276 1222
276 1614
276 1886
276 3864
276 4033
276 4743
276 5923
276 6862
276 7238
276 7707
276 8450
276 9493
277 620
277 1043
277 1340
277 1793
277 4729
277 7098
277 9878
278 1097
278 2594
278 2896
278 3597
278 4565
278 4659
279 563
279 728
279 853
279 1416
279 2595
279 2959
279 5782
279 5785
280 501
280 752
280 1740
280 4530
280 5124
280 5998
280 6557
280 7896
280 8929
280 9319
280 9641
280 9668
281 341
281 843
281 1117
281 1130
281 1328
281 3888
281 3955
281 5344
281 5519
281 5613
281 5995
281 6802
281 6910
281 8056
282 2134
282 3086
282 3409
282 3478
282 3856
282 5699
283 2640
283 4923
283 4990
283 5626
283 5650
283 6289
283 6367
283 6493
283 7417
283 7672
283 8005
283 8792
284 638
284 1528
284 3435
284 4447
284 7181
284 7444
284 8064
284 8477
284 8520
284 9287
285 546
285 1327
285 1643
285 2022
285 2165
285 4481
285 7990
285 8341
286 367
286 632
286 1651
286 2276
286 2518
286 2618
286 2676
286 3145
286 4082
286 4159
286 4506
286 5604
286 6585
286 7142
286 8532
286 8626
286 8760
286 9248
286 9437
286 9526
287 584
287 1082
287 1377
287 4422
287 4582
287 7673
287 9917
288 451
288 1246
288 1400
288 2715
288 8828
288 8968
289 516
289 1986
289 3378
289 4529
289 4949
289 5074
289 6864
289 6967
289 7457
289 9476
290 339
290 527
290 936
290 5316
290 5370
290 5375
290 7079
290 8546
290 8647
290 8991
291 1077
291 1141
291 5420
291 6688
291 7369
291 7750
292 1194
292 1230
292 1252
292 2071
292 4053
292 6381
292 9131
293 537
293 1011
293 1408
293 2188
293 2260
293 2338
293 4141
293 4219
293 5774
293 7104
293 8445
294 479
294 3241
294 3611
294 4015
294 4607
294 5557
294 6753
294 6852
294 6950
294 9892
295 741
295 1272
295 2239
295 2396
295 2508
295 3552
295 3592
295 5031
295 6451
296 1502
296 2214
296 2777
296 3227
296 3399
296 3471
296 4970
296 5417
296 5880
296 8142
297 1188
297 3982
297 4546
297 6111
297 7154
297 7334
297 8718
297 8736
297 8922
297 9842
298 313
298 506
298 1216
298 3745
298 3974
298 7059
298 7993
299 1045
299 2379
299 6016
299 7407
299 7688
299 7887
299 8177
299 8639
299 9033
300 758
300 885
300 999
300 1493
300 2545
300 2617
300 5109
300 5391
300 6687
301 956
301 1838
301 4770
301 5690
301 6370
301 6454
301 7618
301 9401
301 9758
302 744
302 3168
302 3357
302 4588
302 5073
303 1577
303 2857
303 2914
303 3297
303 3756
303 5911
303 6732
303 7185
303 7534
303 7572
303 8110
303 8225
303 9091
303 9119
303 9299
304 2379
304 5267
304 5298
304 5993
304 6175
304 6731
304 7360
304 8819
305 372
305 628
305 1852
305 2216
305 2473
305 2667
305 3230
305 3327
305 3938
305 4664
305 5224
305 5290
305 5957
305 7077
305 9684
305 9740
306 1057
306 1560
306 2047
306 2410
306 2874
306 3640
306 4856
306 6953
306 7240
306 7678
306 8009
306 9754
307 1484
307 2572
307 3071
307 3075
307 3127
307 4317
307 4405
307 4987
307 5509
307 6239
307 7570
307 9584
308 505
308 857
308 1339
308 1366
308 2931
308 4026
308 4488
308 5836
308 8526
308 9235
309 946
309 3482
309 3840
309 5927
309 6218
309 8823
310 1395
310 1720
310 3066
310 3750
310 8777
311 951
311 1610
311 2903
311 3607
311 3823
311 9416
312 414
312 1390
312 2014
312 2203
312 3229
312 4243
312 4414
312 6435
312 6694
312 7380
312 8685
312 9674
313 1523
313 2579
313 2685
313 2826
313 4279
313 4561
313 4781
313 6093
313 7278
313 8014
314 935
314 1751
314 6127
314 6480
314 7207
314 7315
314 8055
314 8705
314 9278
315 1477
315 1667
315 2023
315 3772
315 3884
315 3964
315 5197
315 6964
315 6988
315 8182
315 9642
315 9647
316 1263
316 3449
316 4882
316 4968
316 5677
316 6019
316 6616
316 7213
316 7275
317 917
317 1298
317 2038
317 3728
317 4757
317 5053
317 6509
317 6892
317 7479
317 8027
317 8429
317 8791
318 1476
318 1749
318 2649
318 3839
318 5297
318 8537
319 972
319 3807
319 5402
319 5864
319 6900
319 6926
319 7700
319 7722
319 9045
319 9200
320 339
320 722
320 746
320 2850
320 4101
320 9832
321 1866
321 2812
321 4459
321 5511
321 5853
321 6275
321 6819
321 7414
321 8466
321 8853
321 9652
322 1959
322 1965
322 1980
322 2944
322 3444
322 7137
322 7561
322 8623
322 8858
322 9244
322 9346
323 1142
323 2379
323 2559
323 3160
323 5188
323 9764
323 9995
324 1005
324 1075
324 1099
324 3033
324 4505
324 5907
324 6015
324 6310
324 6674
324 7091
325 545
325 3866
325 4738
325 9637
326 706
326 2646
326 5913
326 6598
326 6820
326 7239
326 7830
326 8125
326 9398
326 9781
327 405
327 907
327 2445
327 3286
327 3608
327 3852
327 5024
327 6520
327 7435
327 7955
327 8420
327 9557
328 927
328 1304
328 2681
328 2882
328 2894
328 4638
328 4766
328 6453
328 7157
328 7410
329 2393
329 3235
329 3739
329 3966
329 5382
329 5605
330 855
330 1432
330 2195
330 2613
330 3318
330 4881
330 5134
330 6490
330 8279
330 9250
330 9303
330 9851
331 2392
331 3725
331 4169
331 5145
331 5265
331 5816
332 524
332 803
332 1319
332 3605
333 410
333 428
333 629
333 2898
333 3012
333 3636
333 6507
333 7440
333 9180
334 860
334 1274
334 2449
334 5521
334 8557
334 9106
335 879
335 2426
335 2543
335 2847
335 4306
335 4834
335 6491
335 8524
335 9071
335 9422
335 9515
336 1857
336 2477
336 3788
336 4456
336 9126
336 9994
337 2247
337 2810
337 4721
337 5264
337 6276
337 6495
337 6550
338 3848
338 4655
338 5177
338 7127
338 8711
339 1021
339 2884
339 5019
339 5232
339 6001
339 7220
340 396
340 2019
340 5123
340 5250
340 5562
340 5705
340 6551
340 9611
341 811
341 1282
341 1483
341 1594
341 2519
341 4620
342 468
342 1190
342 2108
342 2784
342 5748
342 6656
342 7835
342 9645
343 4627
343 4769
343 5211
343 6905
343 7449
343 8173
343 8232
343 8441
343 9779
344 2544
344 2638
344 3161
344 3356
344 3827
344 4389
344 5015
344 6727
344 8614
345 718
345 5541
345 7643
345 8490
345 8554
345 9673
345 9932
346 1957
346 4202
346 4370
346 4424
346 7460
346 7988
346 8250
346 9604
346 9665
346 9675
346 9700
347 2077
347 3525
347 4221
347 5111
347 5136
347 5551
347 6213
347 7951
347 8907
348 689
348 720
348 854
348 3922
348 5014
348 6280
348 7434
349 1381
349 1921
349 2251
349 2808
349 4452
349 6295
349 6826
349 7889
349 8085
349 9058
349 9212
349 9688
349 9915
350 393
350 1548
350 2374
350 3019
350 3934
350 4543
350 5330
350 6397
350 8764
351 1279
351 4462
351 4550
351 4787
351 7635
351 9171
352 1190
352 1308
352 1541
352 2008
352 2103
352 2347
352 5351
352 6124
353 523
353 684
353 2880
353 4011
353 8899
353 9817
353 9884
353 9998
354 1118
354 1146
354 1956
354 2679
354 4183
354 4752
354 7297
354 7839
354 8706
354 9974
355 463
355 985
355 2155
355 3163
355 3191
355 4282
355 4471
355 5274
355 5935
355 6284
355 6629
355 8908
356 1054
356 2625
356 3258
356 5711
356 6456
356 6597
356 8290
356 8410
357 544
357 1332
357 1407
357 1575
357 2530
357 4114
357 4872
357 7505
357 7557
358 774
358 833
358 2165
358 3835
358 4291
358 4329
358 4798
358 8101
358 8534
358 8903
358 8997
359 766
359 3796
359 4453
359 9297
360 841
360 1987
360 2949
360 3295
360 4907
360 6646
360 6921
360 7342
360 8484
360 9785
361 856
361 1792
361 2875
361 3284
361 5107
361 6552
361 6716
361 9751
362 4593
362 4677
362 5552
362 6051
362 6625
362 7120
362 7496
362 8437
362 9228
363 491
363 694
363 1166
363 1872
363 2383
363 2731
363 3920
363 4928
363 5039
363 6256
363 7592
363 8500
363 8664
363 9694
364 943
364 2137
364 3472
364 3945
364 4257
364 6333
364 9463
364 9931
365 3150
365 4669
365 5812
365 6393
366 962
366 1224
366 1534
366 1586
366 2105
366 2313
366 2498
366 5040
366 5306
366 5603
366 6258
366 7972
366 9359
366 9720
367 963
367 3950
367 6192
367 9181
368 861
368 1058
368 2159
368 3177
368 6058
368 7756
368 7892
368 8139
369 556
369 798
369 2126
369 2475
369 2890
369 3779
369 4075
369 4206
370 1059
370 2354
370 2431
370 7550
370 7606
370 7732
370 7736
370 9451
370 9822
371 1658
371 2270
371 4796
371 5628
371 8656
371 9338
371 9658
372 449
372 4520
372 4694
372 5324
372 6662
372 8716
373 532
373 671
373 3026
373 3123
373 6259
373 8732
373 8946
373 9468
374 444
374 997
374 1427
374 5545
374 5781
374 7885
374 8790
374 9923
375 947
375 1743
375 2013
375 2687
375 2804
375 2900
375 3793
375 3903
375 5238
375 5847
375 5872
375 7255
375 7283
375 8132
375 8712
375 9335
376 1403
376 2160
376 3787
376 3914
376 4716
376 6211
376 6997
376 7319
376 8901
376 9124
377 1001
377 2302
377 3519
377 7169
377 8018
378 1800
378 2017
378 3876
378 6936
378 7763
378 9266
379 771
379 898
379 3188
379 5934
380 462
380 496
380 1022
380 1447
380 2922
380 5577
380 5884
380 5964
380 6640
380 6769
380 7196
380 7303
380 8538
380 9522
380 9864
381 423
381 1035
381 2365
381 2495
381 4888
381 4904
381 5081
381 5799
381 6334
381 7190
381 8983
381 9709
382 2308
382 3108
382 3157
382 4935
382 5178
382 5994
382 6933
382 7716
382 8019
382 8183
383 1311
383 1379
383 3616
383 5062
383 5867
383 6387
383 8387
383 9145
383 9327
383 9938
384 1311
384 2041
384 2637
384 3335
384 4281
384 5667
384 7723
384 7779
385 1315
385 3869
385 4491
385 7052
386 401
386 962
386 3681
386 5910
386 6241
386 6410
386 7061
386 9206
387 716
387 1646
387 3087
387 3893
387 4927
387 6426
387 6951
387 8462
387 8598
387 9004
388 879
388 1463
388 2782
388 4384
388 6542
388 8383
388 8423
388 9774
389 1661
389 1690
389 2615
389 2848
389 3003
389 6963
389 8953
390 2039
390 2644
390 5240
390 6103
390 7208
390 8625
390 8635
390 9007
391 4172
391 6012
391 7215
391 7513
391 8427
392 755
392 919
392 2150
392 3628
392 4008
392 4613
392 5989
392 7034
392 8435
392 9097
392 9192
393 440
393 988
393 2565
393 3439
393 6190
393 6422
393 7536
393 9834
394 411
394 531
394 968
394 1034
394 1515
394 2440
394 3570
394 4649
394 8850
395 1236
395 1636
395 1855
395 3673
395 3833
395 6086
395 6327
395 7005
395 7620
395 8218
395 8336
395 8657
395 9369
395 9562
396 3004
396 4074
396 4825
396 5642
396 7433
396 7675
396 7774
396 9331
397 2306
397 3580
397 5142
397 5159
397 6849
398 784
398 1221
398 5223
398 7087
399 593
399 718
399 1396
399 1516
399 2304
399 3624
399 4187
399 4402
399 6394
399 6876
399 9806
400 1413
400 2577
400 4554
400 7450
400 7822
400 8260
401 1597
401 2763
401 4302
401 4657
401 5012
401 6811
401 7771
401 9679
402 1794
402 2487
402 3495
402 5146
402 9044
403 1568
403 1626
403 2051
403 3568
403 3754
403 7850
404 1215
404 1500
404 2612
404 4969
404 6815
404 8564
404 9366
405 1050
405 2169
405 3140
405 3343
405 3486
405 4802
405 5172
405 6358
405 8369
405 8989
405 9686
405 9856
406 695
406 3266
406 3795
406 4637
406 5703
406 6039
406 6563
406 8397
406 9589
406 9820
407 427
407 832
407 2171
407 3766
407 4020
407 4967
407 4998
407 5011
407 7133
407 8021
407 8078
407 8489
407 8545
407 9753
408 602
408 1101
408 1385
408 4091
408 5526
408 5567
408 6792
408 7920
408 8413
409 542
409 975
409 1314
409 2182
409 2283
409 4014
409 4523
409 5130
409 7070
409 7612
409 9111
409 9876
410 472
410 1116
410 3190
410 6543
410 6873
410 7555
410 8993
411 418
411 1873
411 1880
411 2176
411 5065
411 5373
411 7381
411 9043
411 9053
412 1998
412 2218
412 2336
412 5064
412 6010
412 8486
412 8877
412 9724
413 732
413 1235
413 1575
413 2295
413 2366
413 2838
413 3391
413 3850
413 6443
413 7717
413 9347
414 2256
414 2297
414 3563
414 4254
414 5079
414 5141
414 6004
414 6463
414 6941
414 8725
414 9914
415 542
415 2312
415 3660
415 4365
415 4986
415 9277
416 1143
416 1204
416 1238
416 1790
416 2300
416 3674
416 5766
417 553
417 3418
417 5419
417 8719
418 652
418 3103
418 4779
418 5798
418 6615
419 1084
419 2232
419 3910
419 6416
420 650
420 866
420 1715
420 2149
420 2191
420 2593
420 3223
420 5343
420 6123
420 6188
420 6331
420 6627
421 691
421 1421
421 3882
421 5765
421 6024
421 6455
421 7262
421 7553
421 8243
422 2097
422 2553
422 3361
422 3574
422 4538
422 4795
422 5454
422 5716
422 6348
422 6800
422 7085
422 7648
422 8001
422 9061
423 1163
423 3129
423 3778
423 5084
423 7222
423 9457
424 3307
424 3366
424 3376
424 3384
424 3488
424 4869
424 5473
424 5607
424 6400
424 6595
424 6755
424 7743
424 7861
424 8301
424 9866
425 2743
425 2900
425 3802
425 4417
425 5363
425 8586
425 9083
425 9423
426 673
426 698
426 1719
426 3386
426 3781
426 4644
426 6412
426 6701
426 8351
427 1781
427 2570
427 5466
427 7047
427 7427
427 7903
428 1757
428 2568
428 4486
428 9372
428 9791
429 750
429 1087
429 2076
429 3239
429 4035
429 4397
429 4685
429 6780
429 8493
430 2213
430 2733
430 3548
430 4958
430 6375
430 8120
430 9464
431 1249
431 1968
431 2856
431 5200
431 5361
431 6222
431 6867
431 6904
431 9320
431 9707
432 783
432 1953
432 4815
432 5365
432 5559
432 7526
432 8660
432 8786
432 8810
433 970
433 1553
433 2558
433 2804
433 3249
433 7067
433 7556
433 8575
433 8593
434 1093
434 1841
434 2453
434 4072
434 4363
434 5446
434 6457
434 6684
434 7323
435 7652
436 952
436 1665
436 2417
436 3442
436 7282
436 7361
436 8425
436 8611
436 9610
437 711
437 808
437 1440
437 2375
437 8288
437 9342
437 9819
438 802
438 1757
438 2854
438 3368
438 3537
438 5878
438 5908
438 6607
438 7463
438 7991
439 1642
439 1748
439 2337
439 2527
439 4050
439 5352
439 5502
439 5783
440 3413
440 5587
440 6382
440 7695
441 1569
441 2778
441 2999
441 5547
441 5965
441 6182
441 6423
441 6556
441 7097
441 7216
441 7436
442 3554
442 4311
442 4391
442 4850
442 5445
442 5594
442 7337
442 8011
442 8631
443 1441
443 2534
443 4465
443 5596
443 6342
443 8226
444 5846
444 8553
444 9419
445 628
445 1312
445 1693
445 3411
445 6898
445 7420
445 8053
445 9790
446 2505
446 4267
446 4372
446 5257
446 8089
447 4896
447 7652
447 7898
447 8571
447 9035
448 1481
448 2787
448 4410
448 5471
448 5636
448 6131
448 7006
448 7194
449 1168
449 1258
449 1699
449 2066
449 2221
449 2962
449 3602
449 4438
449 6524
449 8052
449 8857
450 942
450 1027
450 1286
450 1882
450 2597
450 4870
450 7495
450 7867
450 9032
451 1555
451 2432
451 5780
452 1372
452 2040
452 2686
452 2752
452 2795
452 4129
452 5105
452 5644
452 6537
452 7050
452 9989
453 568
453 600
453 2710
453 4002
453 4046
453 4598
453 8832
453 8871
454 1924
454 5113
454 6105
454 9113
454 9143
455 1395
455 1795
455 1816
455 2362
455 2411
455 2899
455 4337
455 5504
455 6023
455 6546
455 9147
455 9881
456 979
456 1437
456 2005
456 2074
456 2761
456 2966
456 3832
456 6875
456 8081
456 8848
456 9039
456 9741
457 463
457 682
457 715
457 7399
457 7607
457 8926
457 9602
457 9913
458 991
458 1540
458 2924
458 3252
458 5741
458 6089
458 6368
458 7020
458 7458
458 7516
458 9713
459 572
459 598
459 1518
459 1878
459 9356
460 2362
460 3718
460 5840
460 7650
461 550
461 1189
461 4149
461 4235
461 4920
461 7028
461 7179
461 8740
461 9853
462 675
462 4259
462 5056
462 5470
462 6054
462 7543
462 7758
462 7950
462 7984
462 8412
463 1183
463 1979
463 3005
463 4069
463 6002
463 8039
463 8658
463 9863
464 1065
464 2254
464 3440
464 6283
464 8518
464 8551
464 9006
464 9644
465 976
465 1770
465 1870
465 2517
465 2864
465 7129
465 7959
465 8069
465 8073
465 8096
466 807
466 3606
466 4875
466 4963
466 6569
466 7032
467 3148
467 3924
467 4552
467 5320
467 7251
467 8377
468 529
468 893
468 2025
468 3395
468 4985
468 6179
468 7233
468 7481
468 8807
469 2175
469 4865
469 6360
469 7432
469 8072
469 8745
469 8774
469 8969
470 502
470 749
470 6309
470 6750
470 7614
470 8119
470 8838
470 9530
471 1307
471 1571
471 3464
471 3949
471 4940
471 5877
471 8209
472 687
472 1454
472 6319
472 9403
473 802
473 1031
473 2267
473 3582
473 4309
473 6134
473 6835
473 7548
473 7837
473 9341
474 638
474 712
474 2317
474 2427
474 4168
474 5953
474 7096
474 7389
474 8304
474 8355
474 9957
474 9973
475 2000
475 2227
475 2892
475 3021
475 3149
475 4599
475 6571
475 7272
475 8875
475 9903
476 893
477 2223
477 3538
477 4123
477 5542
477 7484
477 8960
477 9513
478 822
478 1818
478 2173
478 3100
478 4536
478 9573
479 3603
479 3726
479 8345
479 9240
480 884
480 4358
480 5483
480 5715
480 6061
480 6745
481 3500
481 4560
481 6759
481 9505
482 585
482 1176
482 1630
482 3167
482 3752
482 3986
482 4997
482 5122
482 6291
482 7293
482 8184
483 1344
483 1978
483 2215
483 2843
483 2853
483 3655
483 5946
483 7712
483 7906
484 556
484 1564
484 1756
484 3022
484 3816
484 5886
484 6560
484 6636
484 6884
484 7017
484 7542
484 7559
484 8840
484 9415
485 1985
485 3013
485 3447
485 3874
485 8912
486 806
486 1098
486 2375
486 4596
486 6505
486 7523
486 7904
487 2178
487 2603
487 2799
487 3085
487 6037
487 6316
487 7858
488 2146
488 2594
488 6034
488 6911
489 1051
489 1216
489 1270
489 1430
489 2466
489 2842
489 3155
489 4248
489 6126
489 8247
489 8715
490 2184
490 3032
490 3076
490 3187
490 7562
490 7846
490 8238
490 9687
491 641
491 1288
491 1323
491 2423
491 5818
491 6216
491 7063
491 7782
491 8318
491 8628
491 8859
491 9400
492 6176
492 6226
492 6594
492 7022
492 7287
492 8017
492 8167
492 8186
492 9980
493 1320
493 1332
493 3474
493 6197
493 7574
494 857
494 5083
494 7281
494 7386
494 9273
495 754
495 832
495 2131
495 2556
495 2801
495 4339
495 4504
495 4924
495 5072
495 5108
495 6851
495 6999
495 7324
495 8459
496 1105
496 1394
496 1859
496 4577
496 5437
496 7277
496 8079
496 8691
497 2834
497 3014
497 3132
497 4507
497 5342
497 5925
498 538
498 1179
498 3184
498 3446
498 5531
498 5912
498 8217
499 1023
499 1228
499 1684
499 5314
499 5444
499 6580
499 8800
499 9701
500 592
500 746
500 933
500 1628
500 4003
500 4088
500 4288
500 5230
500 5932
500 9158
500 9376
501 681
501 2540
501 5384
501 8076
501 9411
502 3329
502 4296
502 4512
502 6092
502 7753
502 8653
502 9606
503 1522
503 1884
503 5262
503 5901
503 6764
503 7893
503 8176
503 9466
504 4813
504 6865
504 8752
505 7798
505 8479
505 8543
505 9140
505 9333
506 1669
506 1811
506 2538
506 4194
506 5508
506 7603
506 8813
506 9672
507 659
507 922
507 2253
507 2781
507 5128
507 5702
507 6498
507 6980
507 9020
508 548
508 931
508 1337
508 2817
508 3360
508 3694
508 4918
508 5291
508 5984
508 8461
508 9351
508 9635
509 1232
509 1428
509 1653
509 2390
509 2408
509 2748
509 5082
509 5599
509 6337
509 7805
509 8192
509 9809
510 1439
510 1914
510 2315
510 2858
510 4318
510 5924
510 9249
510 9937
511 704
511 2179
511 2742
511 3101
511 3635
511 7593
511 8105
511 8757
511 9627
512 1303
512 3110
512 3742
512 4527
512 4675
512 6931
512 8632
512 8738
513 658
513 3095
513 4182
513 5845
513 6045
513 6371
513 7965
513 8839
513 9122
514 748
514 897
514 1989
514 2326
514 4736
514 6856
514 8302
514 9428
515 597
515 3843
515 4863
515 5191
515 5678
515 8936
515 9063
516 1135
516 1765
516 2157
516 3002
516 6272
517 775
517 951
517 2382
517 3018
517 4332
517 8334
517 8887
517 9886
518 2327
518 2970
518 5941
518 6909
518 7686
519 1132
519 4105
519 5500
519 5762
519 5917
520 957
520 1225
520 2908
520 3309
520 4830
520 4971
520 7333
520 7706
520 9080
520 9727
521 901
521 1911
521 2110
521 4749
521 7832
522 2027
522 2653
522 3467
522 5733
522 6036
522 7090
522 8874
523 3228
523 4154
523 6096
523 7188
523 8068
523 9769
523 9794
524 737
524 1576
524 3618
524 5802
524 6302
524 6690
524 7913
524 9497
525 549
525 1951
525 2867
525 3153
525 3364
525 4510
525 6044
526 955
526 1021
526 1125
526 1723
526 3975
526 5747
526 6883
526 9899
527 1321
527 3746
527 3769
527 5757
527 6553
527 6843
527 9104
528 1552
528 1825
528 2859
528 2971
528 7539
529 4010
529 6813
529 7225
529 7547
529 8148
530 644
530 3162
530 3459
530 5007
530 5651
530 6405
530 6972
530 9714
531 786
531 1239
531 2391
531 3200
531 4107
531 9162
532 1832
532 2122
532 3058
532 3497
532 6409
532 7128
532 7773
532 9364
532 9424
533 571
533 4236
533 4693
533 6712
533 7180
533 9662
533 9831
534 835
534 1557
534 2085
534 6718
534 8495
535 1364
535 4443
535 8111
535 9339
536 1063
536 1469
536 1903
536 2106
536 2796
536 2837
536 4883
536 7854
537 1383
537 1611
537 3865
537 4166
537 5973
537 6955
537 7336
538 1910
538 1999
538 2506
538 3549
538 4603
538 6288
538 7295
538 7585
538 7625
538 9858
539 725
539 1399
539 3521
539 5138
539 9587
540 564
540 631
540 1404
540 3744
540 4759
540 5221
540 5450
540 5695
540 7347
540 7362
540 7634
540 9117
540 9224
541 845
541 2832
541 3271
541 4290
541 4604
541 4742
541 7708
542 1067
542 1140
542 3122
542 4352
542 7485
542 7519
542 7724
543 577
543 827
543 2698
543 2879
543 4378
543 4805
543 6600
543 7364
543 7623
543 8261
544 958
544 1535
544 1943
544 2948
544 3204
544 4951
544 7760
544 9607
545 2151
545 2622
545 3820
545 4878
545 5132
545 6297
545 6558
545 8693
545 9223
545 9958
546 1697
546 1769
546 2650
546 2798
546 2997
546 5565
546 9678
547 737
547 1479
547 1946
547 2174
547 2659
547 3799
547 4533
547 5585
547 7398
547 9313
548 1376
548 1443
548 2424
548 5834
548 5875
548 6785
548 7796
548 8442
548 8799
549 2547
549 2821
549 4285
549 8175
550 1889
550 2706
550 6217
550 6318
550 9293
551 570
551 778
551 1088
551 3037
551 5738
551 6401
551 9870
552 1251
552 2250
552 2252
552 4213
552 4469
552 5192
552 5966
552 6638
552 6998
552 8977
553 1940
553 2002
553 2263
553 3251
553 3375
553 3473
553 7370
554 1796
554 2439
554 4922
554 5708
554 5870
554 8123
555 895
555 1845
555 7477
555 7807
556 1397
556 4709
556 8584
556 9105
556 9452
556 9470
557 914
557 3408
557 3700
557 3828
557 4115
557 5617
557 6424
557 6430
557 7649
558 2472
558 8761
558 9129
559 1324
559 1707
559 2342
559 3382
559 3514
559 5349
559 5459
559 5797
559 7355
559 9948
560 2400
560 5835
560 7317
560 8298
560 9001
561 3911
561 6063
561 6122
561 8463
562 610
562 670
562 1742
562 3330
562 4559
563 1036
563 2552
563 2620
563 2891
563 6056
563 7292
563 7907
563 9595
564 2177
564 6403
564 6549
565 1617
565 2358
565 2536
565 3532
565 4640
566 4364
566 6133
566 8029
566 8594
566 9280
566 9389
566 9541
567 900
567 2575
567 4193
567 8797
568 9112
569 1192
569 1815
569 2954
569 3043
569 3217
569 5916
569 6958
569 6966
570 1644
570 2456
570 4915
570 6027
570 7936
570 9042
570 9761
571 2887
571 3775
571 4374
571 6481
571 9798
572 1162
572 2489
572 2741
572 3025
572 4980
572 5489
572 7970
573 2472
573 4388
573 5657
573 6679
573 7150
573 8196
573 8585
574 1177
574 1569
574 1836
574 2800
574 4566
574 5282
574 7074
575 607
575 1338
575 1741
575 1891
575 2117
575 5533
575 6354
575 7663
575 7855
576 1267
576 1337
576 1747
576 3633
576 4160
576 4859
576 5169
576 6294
576 6957
576 7042
576 9010
577 1206
577 1482
577 1677
577 1689
577 1919
577 2293
577 2493
577 2631
577 5013
577 5453
577 6841
577 9979
578 3958
578 4984
578 5114
578 5239
578 5718
579 1437
579 3579
579 3702
579 6756
580 1075
580 1530
580 2925
580 3586
580 3604
580 4747
580 8722
580 9029
580 9267
581 1134
581 1280
581 1498
581 4390
581 4617
581 5309
581 7911
581 8519
581 8721
582 1255
582 1483
582 3947
582 4973
583 651
583 1468
583 1742
583 3346
583 3943
583 5491
583 6609
583 7605
583 9527
584 1196
584 2229
584 2987
584 3250
584 4238
584 6366
584 7958
584 8615
585 2938
585 3790
585 4117
585 4137
585 5569
585 5719
585 8428
586 1043
586 1601
586 3265
587 1111
587 1918
587 2786
587 4528
587 5229
587 6064
587 7587
587 8601
587 8976
588 5518
588 5963
588 6181
588 8224
588 9371
588 9861
589 1386
589 1755
589 3196
589 4710
589 4833
589 5627
589 7027
589 7454
590 3691
590 7341
590 7383
590 9334
591 3007
591 3381
591 4396
591 9600
592 875
592 2144
592 8655
593 4775
593 9151
594 698
594 1763
594 2974
594 3929
594 4055
594 6704
594 8013
594 8589
594 8956
595 1132
595 3178
595 5360
595 7646
595 8178
595 8513
595 9553
596 1681
596 2372
596 4531
596 4836
596 6487
596 6523
596 9101
596 9409
597 990
597 1711
597 2111
597 3134
597 4142
597 4278
597 4632
597 6195
597 6413
597 9326
598 3233
598 5841
598 5977
598 9234
598 9936
598 9968
599 896
599 1520
599 2606
599 4222
599 4607
599 6304
599 7289
600 1629
600 3777
600 6229
600 7619
601 739
601 1082
601 1616
601 3591
601 4864
601 5895
601 6633
601 7529
601 8851
601 9449
602 648
602 1157
602 1894
602 3632
602 5874
602 6535
602 7226
603 619
603 2178
603 3672
603 5670
603 6436
603 7375
603 7954
603 9208
604 734
604 1718
604 2268
604 3456
604 6253
604 6522
604 8881
605 653
605 1532
605 2913
605 5848
605 7176
605 8270
605 8778
605 9229
606 1310
606 2570
606 8189
607 940
607 1694
607 4042
607 4415
607 4748
607 5467
607 6178
608 5055
608 7546
608 8133
608 9196
609 746
609 2485
609 3619
609 4018
609 5634
609 6439
609 7266
609 8185
609 9494
610 816
610 2862
610 4705
610 6081
610 7740
611 770
611 1860
611 3036
611 6460
611 6837
611 8921
611 9773
612 1401
612 2301
612 2397
612 2662
612 3651
612 6943
613 703
613 1209
613 1236
613 1456
613 4444
613 6613
614 715
614 3935
614 5139
614 7461
614 8258
614 8889
615 1254
615 1801
615 4366
615 5096
615 5452
615 6649
615 7126
615 8174
615 9000
616 1416
616 2452
616 5643
616 5850
616 6599
616 8323
616 8645
616 9767
617 2873
617 4044
617 4908
617 6721
617 9261
618 3688
618 5955
618 7778
618 8744
619 1103
619 4230
619 6899
619 8131
619 9217
620 1032
620 3180
620 6879
621 3249
621 5112
621 8464
621 8826
622 2631
622 7170
622 7247
623 641
623 793
623 3040
623 4323
623 4993
623 6212
623 6789
623 8873
623 8900
624 745
624 2118
624 5814
624 6021
624 7566
624 9793
625 627
625 1260
625 1521
625 2205
625 2793
625 5395
625 6271
626 1929
626 3228
626 4470
626 4545
626 5051
626 7922
626 9003
626 9852
627 1273
627 1847
627 2739
627 4404
628 6227
628 6363
628 7788
628 9558
629 3661
630 1986
631 2596
631 3117
631 6976
631 7316
631 7472
632 757
632 1020
632 3913
632 5315
633 1537
633 1599
633 1728
633 3868
633 4508
633 4611
633 6469
633 9442
633 9889
634 1543
634 1993
634 4200
634 5530
634 9583
635 1593
635 7582
635 8396
636 841
636 2141
636 3502
636 3706
636 5701
636 6661
636 7910
637 930
637 1041
637 2878
637 4286
637 5327
637 7560
637 9002
638 2952
638 3057
638 6639
638 8650
639 728
639 6139
639 9538
640 2897
640 5038
640 6143
640 7379
640 9529
641 1334
641 3847
641 4273
641 4884
641 5926
641 8514
642 1830
642 2978
642 3146
642 3463
642 5532
642 6343
643 786
643 1650
643 4574
643 5961
643 6775
643 8480
643 9121
644 2190
644 3109
644 5865
644 9874
645 723
645 3824
645 5093
645 6961
645 7714
645 8943
646 6150
646 9593
647 1237
647 1679
647 3000
647 3118
647 4851
647 8692
647 9227
648 1201
648 2133
648 4274
648 6541
649 4773
649 5147
649 7626
649 9078
650 1349
650 2348
650 5686
650 8569
650 9943
651 785
651 1438
651 2249
651 5656
651 6446
651 6702
652 1692
652 2088
652 2210
652 3176
652 3907
652 4232
652 4270
652 4786
652 5982
652 6231
652 6315
653 7037
653 8979
654 4407
654 4512
654 5851
654 6857
654 7160
655 3666
655 7671
655 9445
656 1287
656 1991
656 2246
656 2377
656 3919
656 7692
656 8958
656 9205
656 9578
657 2263
657 2636
657 4409
657 5411
657 7803
657 9393
658 2089
658 5921
658 7237
658 7508
659 5404
659 7243
659 7874
659 8798
659 9034
659 9065
659 9752
660 1150
660 1544
660 2597
660 3431
660 3682
660 9942
661 4315
661 9523
662 808
662 1550
662 1869
662 2316
662 4821
662 6072
662 6617
662 7385
662 8638
663 1466
663 1643
663 2328
663 3881
663 5795
663 8195
664 997
664 4610
664 7681
665 6346
665 9272
666 810
666 2045
666 2723
666 3676
666 7780
667 813
667 1061
667 1542
667 2806
667 8284
667 8363
667 9041
668 1164
668 2415
668 2769
668 3878
668 5059
668 6203
668 8141
669 1695
669 3082
669 4681
669 6152
669 6648
669 9109
670 2936
670 5184
670 9947
671 4294
671 7071
671 9581
672 5873
672 7134
672 9921
673 3558
673 3645
673 6903
673 7203
673 9016
673 9843
674 853
674 4258
674 7352
674 8834
674 9219
675 1867
675 2094
675 6513
675 8890
675 9252
676 986
676 5299
676 9664
677 1309
677 3254
677 4048
677 7064
677 7206
677 8540
677 9067
678 978
678 1932
678 3637
678 6301
678 6372
679 941
679 4793
679 6925
679 9987
680 1899
680 2250
680 2641
680 2669
680 6084
680 6773
680 8988
681 3638
681 6359
681 8246
682 1524
682 1622
682 2274
682 2344
682 2983
682 4595
682 8494
683 4704
684 1624
684 3571
684 4158
684 4957
684 5560
684 5960
684 7789
685 1433
685 1538
685 3561
685 7214
685 7552
685 8498
685 8919
686 939
686 1072
686 1506
686 2582
686 4457
686 5082
687 877
687 3536
687 5068
687 5589
687 7338
688 1022
688 5104
688 6395
688 7590
688 8223
688 9367
689 1937
689 2361
689 3277
689 6810
689 8419
689 9290
690 2246
690 2334
690 7682
690 7888
690 8581
691 4585
691 4609
691 4774
691 4979
692 4560
692 5506
692 5779
692 8077
692 9894
693 1738
693 2740
693 3990
693 4899
694 1302
694 4124
694 6444
694 7124
694 9897
695 1579
695 3402
695 3872
695 5810
695 6566
696 888
696 6774
697 1198
697 3923
697 5012
697 5606
697 6254
697 9251
699 939
699 3831
700 988
700 1908
700 2951
700 3961
700 7094
701 744
701 1025
701 2102
701 2989
701 4733
701 5789
702 1072
702 1384
702 4854
702 4974
702 5097
702 7008
702 9855
703 1145
703 1909
703 1981
703 4386
703 8418
704 1046
704 7981
705 2139
705 3609
705 3941
705 4044
705 5839
706 1662
706 2112
706 2730
706 2791
706 8374
707 759
707 2298
707 2737
707 2958
707 3136
707 5664
707 7674
707 9982
708 1923
708 3372
708 4175
708 7640
708 9702
709 3539
709 5527
709 8219
709 9054
710 1229
710 2567
710 8071
710 8169
710 8629
711 3433
711 4483
711 7540
711 8894
711 9854
712 2435
712 4184
712 4891
712 6770
713 835
713 2353
713 9911
714 1593
714 2621
714 3414
714 3696
714 4808
714 7833
715 904
715 5241
716 4639
716 4829
716 7498
716 8735
717 1958
717 4432
717 6631
717 7358
717 9268
717 9571
717 9953
718 1195
718 1210
718 1637
718 3559
718 4806
718 5539
718 5986
718 7023
718 7248
718 8770
718 9410
719 1545
719 2564
719 3599
719 4284
719 8433
720 3291
720 3476
720 4966
720 7836
721 1922
721 3202
721 5623
721 6634
721 7932
721 9418
721 9708
722 2033
722 2200
722 4712
722 6518
722 7580
722 9499
723 2065
723 8765
724 2213
724 2217
724 3428
724 4801
724 5710
724 9735
725 1680
725 3564
725 9164
726 1776
726 1996
726 4765
726 5255
726 5468
726 5630
726 6859
727 2699
727 3588
727 3723
727 4841
727 5070
727 5462
728 1346
728 1826
728 2140
728 5009
728 7514
728 9031
729 982
729 1356
729 4961
729 5592
729 8265
729 8701
729 9704
730 942
730 2278
730 2868
730 5253
730 5358
731 2000
731 2587
731 2889
731 3829
731 6317
731 6888
731 8939
731 9988
732 1797
732 3023
732 3542
732 6887
733 1598
733 5455
733 6038
733 7937
734 9203
735 1015
735 1234
735 3983
735 6347
735 8817
736 4429
736 4570
736 5175
736 6351
736 6707
736 9479
737 6642
737 7935
738 1942
738 2309
738 4147
738 5931
738 5987
738 6825
738 7985
738 8512
738 9239
738 9582
739 1785
739 1926
739 6473
739 7041
739 7703
739 8140
739 9845
740 1116
740 2658
740 4618
740 5736
740 6090
740 7857
740 9830
741 1648
741 5863
741 6232
741 6772
741 7072
741 7639
741 8287
741 8555
742 3534
742 4122
742 8230
742 8504
742 8616
743 1064
743 2075
743 5773
743 7197
743 7357
744 5854
745 3957
745 4376
745 5564
745 9786
746 1791
746 6796
746 8367
747 1358
747 7224
747 7589
747 7733
747 8863
748 2964
748 3669
748 6434
748 8086
748 8236
748 8793
749 2009
749 4624
749 5226
749 5235
749 8641
750 753
750 3017
750 7969
751 969
751 1268
751 2264
751 2905
751 3452
751 4634
751 5217
751 9358
752 1525
752 3540
752 6872
752 7905
752 9814
753 2378
753 3733
754 2167
754 5852
754 6626
754 6793
755 4555
755 6418
755 7627
755 8916
755 9284
755 9332
756 2460
756 4686
756 4939
756 9721
756 9784
757 3225
757 4578
757 7401
758 3133
758 3933
758 7314
759 1052
759 1158
759 1297
759 3715
759 4625
759 5303
759 6047
759 6130
759 8414
760 794
760 1405
760 6863
761 2796
761 7744
761 8830
761 9386
761 9723
762 855
762 1392
762 1977
762 5882
762 6632
762 6758
762 8572
763 986
763 1342
763 8016
763 8047
764 1491
764 4460
764 6237
764 9586
765 8678
766 3255
766 4608
766 7400
766 9430
767 1211
767 2736
767 3462
767 4029
767 4041
767 4070
767 5140
767 7363
767 7856
767 8550
768 1243
768 3323
768 6515
768 8348
769 3166
769 4343
769 8082
769 9711
770 7838
770 9167
771 818
771 1717
771 3842
771 4228
772 897
772 1053
772 5729
772 6517
772 9945
773 6741
773 7751
774 1172
774 1805
774 4573
774 7199
774 7511
774 9068
775 3340
775 5162
775 6243
775 7325
775 8003
776 4083
776 4442
776 5293
776 6167
776 7453
777 928
777 2042
777 4988
777 8306
778 3819
778 4012
778 4754
778 5152
779 1798
779 3418
779 6708
779 7117
779 9879
780 877
780 1846
780 2447
780 4600
780 7696
780 8829
780 8981
781 1086
781 1900
781 4489
781 7504
781 7799
782 1433
782 2855
782 3798
782 4150
782 4785
782 6866
783 1583
784 1549
784 2598
784 3214
784 3584
784 4674
784 6587
784 7175
784 9495
784 9999
785 2082
785 2672
785 5760
785 7531
785 9433
786 1336
786 1420
786 1459
786 2807
786 3724
786 3749
786 5486
786 8380
786 9288
786 9474
786 9542
786 9730
787 6336
787 7109
788 1009
788 1938
788 7242
788 9019
788 9085
788 9357
788 9471
789 2018
789 2291
789 2838
789 2967
789 3727
789 4753
789 5584
789 6644
789 6946
789 7876
789 9739
789 9930
790 3280
790 5425
790 5985
790 6119
791 837
791 1294
791 8282
791 9961
792 7322
793 4382
793 5101
793 5828
794 848
794 960
794 1676
794 2589
794 4819
794 6854
794 9905
795 877
795 8213
796 2090
796 2546
796 2917
796 3270
796 3577
796 3854
796 8060
796 8343
796 8809
796 9618
797 1298
797 2773
797 3275
797 5756
797 7081
797 7493
797 7802
797 9380
798 817
798 1604
798 2704
798 3644
798 3741
798 3899
798 4130
798 4739
798 6831
798 8502
799 1154
799 1178
799 4095
799 4428
799 6723
800 981
800 3443
800 4525
801 4174
801 7720
802 2142
802 2275
802 3921
802 6596
802 7727
802 9256
802 9737
803 1109
803 5035
803 5280
803 7971
803 9128
804 6100
804 7101
804 7535
804 8379
804 9959
805 1455
805 2011
805 2196
805 2499
805 4892
806 998
806 1656
806 5277
806 5431
806 9166
806 9245
807 2369
807 3849
807 4307
808 1618
808 4626
808 6200
809 1329
809 1456
809 1848
809 3060
809 3841
809 3915
809 4937
809 5176
810 4131
810 5256
810 5311
810 6484
811 1632
811 3789
811 7441
812 1280
812 2044
812 2542
812 3916
812 3996
813 2443
813 5661
813 5745
813 8966
814 983
814 3652
814 7308
815 5558
815 6020
815 9354
816 2797
816 4698
816 5353
816 7115
816 7745
816 8242
817 6895
818 2086
818 2745
818 4824
818 7056
818 9066
819 1964
819 8610
820 1440
820 1605
820 5166
820 5336
820 7049
820 8002
820 8559
820 9871
821 852
821 6987
822 4239
822 7439
823 1971
823 2339
823 2491
823 4926
823 5030
823 8240
823 9491
824 5663
824 9153
825 3224
825 6673
826 2312
826 3053
826 9263
827 1138
827 1674
827 2592
827 5499
827 9591
828 871
828 1920
828 2149
828 4177
828 8095
829 5247
829 7211
830 2846
830 3197
830 4047
830 4064
830 8291
831 1074
831 3518
831 4553
831 6821
831 9891
832 6278
832 8025
833 902
833 3417
833 6945
833 7030
833 8885
834 1546
834 7331
834 9311
834 9748
835 1446
835 1619
835 3936
835 5813
835 7749
835 7800
835 8488
835 9282
835 9844
836 4321
836 8883
836 9706
836 9882
837 1193
837 6066
838 1265
838 3610
838 6677
839 2403
839 2947
839 4755
840 1492
840 6893
840 7809
840 8927
841 3617
841 5099
841 9596
842 1255
842 3838
842 5855
843 2984
843 6138
843 7638
843 8074
844 2043
844 3567
844 3843
844 6414
844 8362
844 9653
845 2901
845 5546
846 6267
846 9734
847 2074
847 2607
847 3093
847 8497
847 8688
848 2818
848 3363
848 9676
849 1755
849 2749
849 5002
849 5254
849 8542
850 1556
850 2163
850 2284
850 2555
850 8583
851 1184
851 5078
851 6251
852 949
852 1361
852 6573
852 6657
852 6790
852 8393
852 9360
853 6373
853 7011
853 7869
854 874
854 6185
854 9204
855 3792
855 4301
855 5573
856 894
856 909
856 4348
856 7141
856 7301
856 8153
857 1147
857 3080
857 5213
857 8404
857 8759
858 1939
858 2528
858 7941
858 9540
859 1488
859 1941
860 2840
860 3800
860 4726
860 5791
860 8580
861 2652
861 4145
861 5281
861 6208
861 6236
861 9574
861 9623
862 1558
862 4038
862 4056
862 9152
862 9220
863 6514
864 869
864 3951
864 4108
864 5831
865 2643
865 6160
865 8964
865 9981
866 2829
866 4347
866 6287
866 7742
866 8672
866 9615
867 1313
867 3073
867 3857
867 5898
867 9302
867 9458
867 9648
868 983
868 4361
868 7171
868 7957
868 9232
869 7198
869 7431
869 9759
870 1087
870 3151
871 2762
871 2819
871 4385
871 5004
871 9237
872 1499
872 3226
872 4178
872 9868
873 1047
873 2517
873 4215
873 5423
873 8264
874 994
874 2311
874 2888
874 4916
874 5734
875 7611
875 7764
875 7933
875 8994
875 9446
875 9622
875 9816
876 916
876 1055
876 1181
876 2098
876 4814
876 7053
876 7083
876 8818
877 1827
877 3544
877 3905
877 7086
878 1723
878 2457
879 2479
879 7658
880 1015
880 3397
880 9176
880 9417
881 1371
881 1692
881 2537
881 2844
881 3051
881 5943
881 6836
882 1135
882 1149
882 1890
882 8134
883 1115
883 1119
884 2016
884 2965
884 4242
884 5220
884 6263
884 6996
884 8346
884 9382
884 9456
885 4652
885 4936
885 6971
885 7755
886 1784
886 8211
886 8606
887 1524
887 2645
887 5193
887 6082
887 7339
887 9950
888 3503
888 4633
888 5942
888 8720
889 1862
889 2836
889 8812
890 7118
891 1217
891 1427
891 3889
891 4340
891 4497
891 7365
891 7915
891 8149
891 8215
892 2949
892 5970
892 9508
893 1496
893 6930
893 7783
893 9362
894 1121
894 1952
894 4097
894 7974
894 9395
895 1202
895 1698
895 1764
895 4500
896 1144
896 4275
896 6149
896 7062
896 9286
897 3560
897 3621
897 5396
897 7455
897 8274
897 8733
898 2501
898 6628
898 8933
899 1095
899 2103
899 4556
899 4919
899 6311
900 2953
900 5181
900 6006
901 1362
901 1613
901 1883
901 4040
901 5041
901 6968
901 7512
902 8769
904 1278
904 1905
904 1975
904 2364
905 5609
906 1509
906 2604
906 3056
906 4995
906 6982
906 9691
907 4873
907 9601
908 1218
908 5086
909 1429
909 2788
909 5922
909 9906
910 4945
911 1107
911 1308
911 5887
911 7735
912 1292
912 1338
912 3072
912 5148
912 7963
912 8860
912 9005
913 1582
913 1753
913 2682
913 8510
914 2851
914 3308
914 3437
914 8590
915 1233
915 1899
915 2766
915 5883
915 6198
915 6533
916 7533
916 7912
916 8562
916 9427
917 2261
917 3342
918 2792
918 3403
918 6350
918 6415
918 7397
918 7452
918 8596
919 2454
919 3774
919 5163
920 1120
920 3748
920 6624
920 7443
921 1382
921 9037
921 9745
922 8155
922 8824
923 972
923 9782
924 1528
924 1983
924 8400
925 1675
925 3939
926 1060
926 1300
926 2720
926 2863
926 2932
926 8867
927 6937
928 8492
928 9385
929 4001
929 6804
929 9285
930 4476
930 5889
930 6724
931 2129
931 2152
931 5185
931 7995
931 8563
932 2189
932 4065
932 6018
932 7815
933 5157
933 6483
933 9462
934 3410
934 7298
934 7579
935 7132
935 7483
936 1452
936 2651
936 3044
936 7212
936 8957
937 1041
937 1948
937 3292
937 4950
937 5378
937 6652
938 6685
938 8091
939 4319
940 1212
940 2172
940 4030
940 4827
940 4956
941 2909
941 9926
942 1261
942 5497
942 9279
943 5203
943 8852
944 1134
944 2969
944 5764
944 5909
944 6374
944 6722
944 7817
945 1529
945 1757
945 3454
945 5272
945 7601
946 1008
946 3806
946 6812
946 7754
946 8743
946 9396
946 9633
947 5405
948 1256
948 1625
948 3206
948 6500
949 1449
949 1774
949 4687
949 5856
949 6618
949 6760
949 8203
950 1762
950 2039
950 6312
950 8737
951 1240
951 4113
951 4654
951 8508
951 8696
951 9833
952 1167
952 2272
952 4192
952 6104
952 6425
952 8535
953 1532
953 4109
953 6214
953 7202
954 2253
954 5879
955 3401
955 5091
956 2266
956 2904
956 7482
956 8565
956 8578
957 6530
957 9514
957 9850
958 5967
959 1882
959 5660
959 5990
960 2533
960 5632
960 8233
960 9408
960 9712
961 1139
961 1184
961 1369
961 2694
961 5534
961 8160
962 1901
962 5744
962 7018
962 7250
963 4264
963 5292
963 7244
963 8503
964 1050
964 6165
964 7236
964 7581
964 8137
965 1643
965 2238
965 3175
965 6115
965 8145
966 974
966 8714
967 1904
967 2448
967 4043
967 5428
967 9258
967 9847
968 8201
969 2341
969 8421
970 4615
970 4952
970 5362
970 6947
970 7344
971 1191
971 2330
971 2673
972 2504
972 6934
973 2056
973 2811
973 5778
973 7155
973 7465
973 8505
974 8116
975 3302
975 4887
975 7826
976 4031
976 6290
976 7827
976 8700
976 9009
977 1243
977 3711
977 4292
977 7356
978 2314
978 4706
978 7684
978 8499
978 8576
979 4727
979 5683
979 6313
979 7259
980 1240
980 3557
980 3937
981 4205
981 4606
981 7007
982 2355
982 4181
982 5619
983 2760
983 3049
983 3189
983 3371
983 8886
984 4511
984 5618
984 6544
984 9375
984 9715
985 2522
985 2998
985 9159
986 2236
986 6230
986 9387
987 2133
987 6388
987 6840
987 7577
988 1078
988 1450
988 3092
988 3761
989 1220
989 1376
989 2001
989 2995
989 4735
989 5787
989 6014
989 7146
990 2502
990 4251
990 4548
990 9269
991 3405
991 4751
991 6871
991 7490
991 9940
992 1237
992 8325
992 8642
992 8773
993 1849
993 9733
994 5801
995 1649
995 2071
995 5171
995 5796
995 7679
996 1807
996 6308
997 2532
997 3817
997 5915
997 7865
997 9502
998 1512
998 2420
998 2624
998 5429
998 5958
998 7899
999 3687
999 5427
999 7261
1000 2231
1000 7994
1001 1712
1001 3883
1001 5366
1001 6113
1002 1134
1002 3583
1002 6477
1003 1019
1003 1409
1003 4446
1003 7075
1003 8762
1004 1475
1004 5170
1005 5397
1005 5475
1005 7312
1005 7332
1006 1051
1006 2243
1006 2402
1007 1136
1007 1406
1007 1434
1007 1822
1007 1982
1007 2234
1007 4198
1007 8386
1007 9960
1008 1417
1008 2469
1008 2968
1008 6733
1008 7158
1008 7217
1008 7602
1008 7872
1008 9669
1008 9777
1009 9760
1010 3181
1010 8057
1011 5215
1012 2080
1012 7110
1012 8124
1013 2012
1013 2357
1013 2758
1013 6078
1014 1438
1014 3324
1015 8668
1016 1592
1016 3732
1016 4201
1016 5861
1016 9539
1017 8726
1018 1125
1018 1415
1018 4280
1018 4393
1018 5905
1018 6332
1019 2385
1019 9964
1020 1806
1021 2926
1021 3845
1021 7953
1021 8342
1021 9383
1022 1829
1022 2376
1022 5720
1022 8806
1023 3648
1023 5214
1023 6709
1024 1679
1024 5448
1024 5498
1024 8675
1025 2166
1025 6355
1025 8533
1025 8644
1026 2592
1026 4146
1026 4253
1026 7814
1027 2181
1027 9762
1028 1881
1028 6361
1028 7335
1029 6508
1030 1331
1031 2120
1031 2780
1031 3760
1032 1584
1032 3084
1032 3891
1032 5775
1032 6643
1032 8255
1032 8986
1033 2062
1033 2197
1033 2357
1033 4697
1033 5647
1034 2488
1034 6650
1035 1970
1035 5740
1035 6076
1035 7468
1035 7738
1035 9972
1036 6902
1036 9149
1036 9460
1037 2064
1037 2116
1037 2195
1037 6201
1037 6238
1037 8801
1038 1440
1038 4303
1038 8910
1038 9629
1039 6896
1040 1092
1040 4720
1041 6777
1041 9209
1042 2296
1042 4406
1042 7437
1043 9241
1044 3098
1044 5198
1044 7162
1044 8152
1044 8690
1045 3511
1045 4740
1046 4484
1046 4671
1047 1627
1047 3276
1047 8914
1048 1200
1048 1259
1048 5034
1048 6678
1048 7371
1048 8187
1048 8214
1048 9084
1048 9399
1049 6328
1049 6696
1050 1572
1050 1967
1050 4106
1050 4316
1050 4831
1050 5127
1050 5322
1050 5510
1051 1489
1051 3289
1051 4350
1051 8357
1051 9036
1052 1876
1052 3738
1053 4349
1053 5517
1053 6026
1053 8151
1053 8973
1054 5118
1054 5535
1054 8975
1055 6606
1056 1651
1056 3137
1056 6735
1056 8403
1057 1388
1057 2656
1057 3505
1057 3719
1057 4658
1057 6878
1058 5335
1058 5807
1059 1301
1059 2050
1059 7320
1059 8456
1060 3445
1061 5860
1062 1402
1062 9873
1063 2193
1063 4229
1063 9531
1064 5954
1064 7123
1064 9340
1065 3194
1065 9511
1066 1091
1066 2282
1066 3148
1066 4524
1066 7201
1066 7938
1067 9796
1068 2814
1068 3453
1068 4912
1068 7390
1068 8893
1069 1174
1069 1570
1069 5477
1069 5900
1069 8865
1070 1104
1070 1997
1070 2905
1070 3317
1070 5228
1070 7654
1071 1480
1071 2052
1071 2690
1072 3736
1072 4653
1072 5574
1072 6059
1072 7956
1072 8739
1072 9697
1073 1529
1073 1709
1073 2794
1073 7131
1073 8297
1074 1871
1074 7391
1074 9546
1075 3430
1075 7055
1076 2984
1076 9969
1077 2981
1077 3121
1078 1691
1078 3970
1078 4199
1078 6352
1079 1680
1080 3141
1081 4425
1081 8617
1081 9978
1082 4227
1082 4455
1082 8295
1082 9490
1083 1433
1083 2608
1084 1345
1084 3272
1084 9146
1085 6889
1085 8669
1086 2287
1086 3526
1086 5693
1086 6659
1087 4136
1088 2732
1088 3968
1088 7715
1088 9193
1089 1427
1089 8259
1091 1727
1091 5027
1091 8516
1091 9076
1091 9625
1092 4111
1092 4328
1092 5731
1092 6914
1092 9082
1093 9448
1094 1893
1094 3904
1095 4423
1095 5355
1095 7328
1095 8846
1096 4477
1096 5679
1097 5319
1097 5951
1097 7430
1098 6681
1099 4619
1099 6260
1100 1262
1101 8320
1102 4437
1102 5743
1103 1123
1103 3438
1104 2886
1105 2059
1106 1605
1106 2370
1106 3298
1106 3373
1106 5890
1106 8127
1108 9247
1109 3332
1109 5948
1109 8754
1109 9087
1109 9563
1110 1578
1110 3492
1110 6766
1111 4051
1111 4788
1112 2539
1112 2986
1112 4052
1112 6869
1112 7709
1113 1655
1113 1835
1113 4153
1113 5032
1113 7741
1113 8313
1113 9736
1114 1957
1114 2988
1114 3930
1114 4351
1114 7388
1114 7545
1116 2419
1116 6136
1116 7354
1117 3959
1118 6686
1119 1133
1119 2772
1119 6788
1119 7781
1119 8717
1120 3179
1120 4763
1120 4776
1120 8340
1121 5794
1121 8469
1122 4263
1122 6695
1123 3050
1123 4298
1123 6682
1124 1702
1124 2227
1124 2600
1124 8118
1124 8358
1125 2688
1125 4185
1125 8439
1126 8938
1127 4204
1127 4448
1128 3237
1128 4778
1128 8040
1129 1574
1129 3499
1129 7930
1130 3345
1130 6465
1131 3984
1131 6675
1132 3067
1132 3213
1132 5933
1132 7191
1133 5020
1133 6282
1133 9094
1133 9116
1134 2955
1134 8570
1134 8911
1135 1348
1136 1721
1139 1780
1139 3031
1140 3115
1140 5106
1140 7001
1140 7962
1140 9081
1140 9353
1140 9594
1141 4591
1142 1701
1142 5368
1142 7193
1143 9123
1143 9763
1144 4623
1144 9099
1145 1861
1146 1547
1147 4898
1147 5271
1147 6074
1147 9533
1147 9789
1148 1758
1148 2241
1148 4024
1148 5868
1149 3328
1149 4355
1149 4421
1149 6787
1150 5792
1150 7690
1150 7752
1151 2507
1152 1723
1152 2407
1152 2515
1152 7728
1153 1230
1153 1322
1153 9482
1154 6042
1154 6564
1154 9517
1154 9667
1155 1925
1155 2303
1156 2806
1156 8163
1157 2095
1157 3998
1157 5568
1157 8122
1158 2081
1158 4683
1159 2224
1159 2269
1159 5393
1159 8931
1159 9507
1160 7908
1161 1442
1161 2462
1161 4676
1162 1291
1163 4542
1163 8007
1164 1874
1164 2114
1164 3232
1165 2557
1165 8020
1166 3901
1166 7395
1167 2705
1167 5512
1168 5401
1169 7629
1169 8573
1169 9473
1170 2561
1170 7775
1170 9506
1171 3470
1171 7569
1172 3683
1172 7739
1173 2157
1174 4811
1174 7622
1174 8724
1174 9770
1175 2945
1175 4932
1175 5075
1175 6880
1176 1760
1176 3528
1176 5005
1176 8271
1176 9824
1177 3112
1177 6378
1178 4076
1178 9028
1179 1461
1179 5461
1180 2478
1180 5579
1181 9643
1181 9655
1182 1295
1182 1732
1182 6135
1182 6703
1182 8112
1182 9564
1184 7977
1184 8208
1184 9222
1186 1921
1186 6939
1186 7568
1187 2330
1187 4120
1187 6582
1187 8405
1188 2719
1188 6326
1188 9910
1189 5829
1190 1823
1190 3125
1190 4616
1190 9309
1191 8697
1192 2054
1192 4464
1192 7246
1193 3649
1194 2709
1194 3301
1195 6915
1196 4713
1197 2268
1197 3262
1197 6492
1197 6781
1199 6809
1199 8350
1204 6321
1204 8795
1204 9314
1204 9420
1205 1607
1206 2566
1206 4458
1206 9620
1206 9651
1207 3873
1208 2599
1208 6404
1208 7882
1208 8262
1210 3434
1210 4419
1210 5478
1210 7448
1210 9189
1211 3379
1211 4067
1212 1299
1212 1567
1213 2529
1213 3863
1213 6664
1213 9008
1214 1383
1214 4900
1214 6817
1214 7931
1215 3260
1216 1360
1216 2123
1216 2678
1216 5550
1216 5553
1217 3565
1217 3631
1217 8670
1218 1305
1218 2877
1218 7841
1219 3587
1219 8618
1220 2414
1220 7060
1220 8730
1221 1803
1221 4810
1221 9565
1222 5722
1222 5857
1223 4838
1223 6894
1224 2647
1225 1562
1225 1782
1225 2619
1227 1262
1227 3697
1227 7000
1227 7746
1228 6448
1229 4086
1230 8256
1230 8395
1230 9799
1231 1592
1231 3701
1232 1810
1232 2668
1232 8965
1233 3918
1233 7784
1234 2996
1234 3851
1234 5556
1235 2693
1235 7924
1236 3686
1237 1897
1237 2513
1237 8897
1238 3083
1239 5440
1239 6068
1239 8194
1240 9671
1241 3042
1241 4925
1241 6942
1242 1305
1242 3735
1242 6751
1243 2548
1243 4295
1244 2053
1244 2774
1244 3283
1245 2371
1245 4435
1246 6567
1247 4549
1247 5707
1247 6949
1247 9657
1248 2079
1249 8136
1249 9296
1249 9766
1250 1853
1250 3385
1251 3210
1252 5717
1254 6325
1254 7012
1254 9412
1256 5991
1257 2403
1257 3797
1257 5234
1258 9726
1259 4025
1259 5164
1259 5978
1259 6339
1259 6672
1259 8249
1260 3523
1260 9825
1261 1561
1261 1973
1261 4514
1261 4692
1262 3221
1262 3450
1262 7729
1264 1803
1264 6097
1264 7494
1264 9692
1265 2660
1265 2803
1265 4191
1265 4299
1265 4305
1265 5052
1266 4792
1266 4844
1266 7466
1267 6742
1267 7563
1267 9434
1268 6763
1268 9716
1268 9826
1269 6886
1270 5652
1270 6983
1270 8767
1271 4394
1271 5611
1272 3707
1272 9185
1273 9406
1274 3107
1275 8699
1276 6612
1276 9378
1277 4490
1277 8741
1277 9432
1278 2280
1278 4629
1279 3927
1280 2759
1280 4171
1280 4564
1280 5339
1280 7810
1281 1313
1281 6129
1282 6223
1282 9996
1284 1488
1284 2680
1285 2043
1285 7501
1286 3944
1287 1333
1287 2185
1287 4526
1287 5364
1287 7210
1288 7345
1288 8870
1289 1791
1289 3331
1289 4399
1289 5008
1290 1486
1290 1799
1290 2394
1290 6168
1290 6747
1291 9435
1293 2155
1293 4162
1293 7860
1293 8366
1294 2520
1294 4416
1294 9088
1295 3171
1296 3679
1296 6762
1297 7182
1298 6526
1299 3764
1299 7497
1299 9370
1300 2869
1300 3853
1301 7349
1302 5409
1302 6706
1303 5758
1303 6979
1304 7845
1304 9728
1305 6128
1305 7252
1306 3130
1306 5992
1306 7013
1306 8436
1306 9567
1308 7080
1309 2976
1309 4441
1309 6062
1311 5173
1311 7655
1311 9946
1312 4331
1313 3313
1313 3377
1313 9738
1314 4823
1315 1944
1315 2333
1315 9328
1316 4879
1317 1587
1317 2433
1317 9548
1318 1452
1318 3299
1318 3731
1318 3890
1318 7939
1318 9681
1318 9756
1319 4152
1320 1688
1320 4651
1320 8048
1323 2360
1323 4157
1324 2634
1325 2567
1326 8038
1327 8398
1327 8842
1330 1340
1330 9030
1332 1895
1332 2765
1332 4515
1332 4702
1333 2574
1333 5243
1333 9997
1334 4073
1334 4631
1335 1414
1335 2580
1335 9242
1336 4078
1336 6365
1337 3612
1337 9064
1337 9291
1338 6844
1340 6993
1341 7595
1342 5126
1343 8856
1344 6048
1344 7165
1344 9484
1345 5680
1345 7515
1345 8609
1345 8659
1346 2021
1346 3770
1346 8171
1346 9207
1346 9925
1347 1895
1347 2779
1347 6040
1349 6462
1349 6536
1349 6730
1349 7502
1349 7633
1349 8099
1350 2632
1351 3081
1351 6699
1351 6848
1352 2585
1352 6614
1353 2352
1354 1707
1354 8940
1355 6470
1356 6670
1356 8296
1358 6858
1358 7046
1358 9512
1359 1503
1359 7851
1360 2335
1361 2340
1362 7891
1362 8866
1363 1497
1363 1764
1363 5434
1363 8337
1363 8394
1365 1893
1365 5529
1365 5616
1367 1454
1367 3369
1367 9056
1368 1924
1368 7488
1369 3987
1369 9971
1370 1383
1371 8352
1371 9168
1371 9270
1372 5786
1372 8180
1372 8430
1373 2320
1373 5050
1374 2226
1374 6548
1375 3244
1375 3782
1375 8574
1375 8772
1377 1445
1377 2104
1379 7507
1380 2235
1380 7078
1381 3740
1381 4173
1381 6199
1381 9110
1382 3615
1382 4734
1382 4784
1382 6853
1382 8042
1385 1813
1385 5826
1385 7476
1385 8925
1386 4079
1386 9717
1387 5029
1387 7021
1388 4336
1388 4485
1389 7135
1391 7998
1392 3763
1392 6532
1392 8311
1393 8785
1395 5612
1395 6233
1396 7234
1396 8751
1397 6861
1398 1606
1398 1809
1399 5231
1399 7313
1400 3126
1403 4360
1403 7645
1404 6399
1404 8130
1405 4724
1406 1410
1406 6055
1407 2026
1407 3274
1407 8067
1408 1839
1409 1474
1409 5804
1409 7636
1410 1877
1410 2664
1410 7942
1410 9316
1411 1858
1411 2148
1411 5666
1411 7631
1412 5045
1412 9992
1413 1834
1413 9201
1414 4256
1414 4583
1416 5724
1417 2096
1417 4400
1417 6265
1417 6516
1418 5061
1418 5641
1418 8065
1419 1517
1419 2105
1420 2915
1421 7923
1422 2398
1422 9680
1423 5980
1424 2550
1424 3972
1425 3094
1425 3432
1425 7378
1425 8115
1427 4826
1427 9188
1428 3170
1428 4673
1429 1580
1429 6794
1429 8487
1430 5067
1430 6252
1430 8963
1431 2105
1432 5752
1432 6738
1432 7530
1432 7895
1433 4249
1435 2140
1435 6383
1436 4513
1438 6109
1439 2576
1439 5269
1439 8138
1440 1786
1440 5415
1441 3185
1442 6193
1443 6121
1444 1591
1444 5625
1446 9683
1447 4326
1448 8360
1451 1609
1453 6783
1453 8460
1454 2202
1454 2910
1454 3457
1454 6986
1454 7009
1454 7178
1455 5928
1457 3481
1457 8608
1458 6952
1459 3306
1459 4466
1459 5523
1460 1551
1460 4822
1462 3079
1463 5218
1463 8354
1465 2180
1466 6655
1467 2383
1467 8709
1469 1831
1470 3622
1470 7309
1471 2451
1471 7478
1474 8643
1475 7425
1476 2186
1476 3065
1476 5168
1477 2273
1477 9580
1478 6116
1479 2257
1479 5488
1481 9916
1482 9255
1483 5536
1483 9788
1484 4401
1484 4934
1484 5222
1484 6209
1485 9315
1486 2727
1486 3207
1486 5386
1486 7291
1486 8210
1486 9901
1487 1704
1487 2152
1488 1722
1488 4380
1488 5675
1490 6249
1491 2119
1491 4334
1491 6757
1491 9477
1491 9486
1491 9990
1494 1748
1495 2066
1496 1875
1496 9859
1497 2345
1497 5640
1498 5080
1500 4943
1500 5696
1500 8567
1501 3818
1502 1724
1502 3722
1503 3421
1504 9214
1505 1806
1507 1645
1507 1698
1507 2356
1507 2768
1507 8779
1508 5581
1510 1778
1511 3430
1511 9323
1511 9778
1512 2523
1513 5457
1513 6621
1514 9175
1518 4684
1519 4132
1520 9283
1520 9742
1521 5268
1521 5575
1521 5629
1522 6141
1522 7506
1524 5484
1525 1771
1525 7541
1527 5732
1527 9722
1528 3334
1528 7844
1528 8031
1529 4579
1529 6734
1530 4948
1530 6658
1530 8193
1531 3399
1532 3030
1533 6824
1533 7359
1534 2503
1534 2630
1535 4745
1535 5088
1535 9504
1536 3158
1537 3006
1537 6440
1537 9447
1538 1972
1538 6511
1538 8103
1540 3703
1540 5601
1540 6341
1540 7045
1542 6881
1543 2461
1544 5725
1545 4148
1545 4320
1546 8050
1547 4621
1547 9489
1549 5153
1551 4045
1551 8582
1552 5043
1553 8156
1556 6924
1556 8202
1558 3316
1558 5408
1560 4218
1560 4297
1560 7586
1560 7598
1561 9500
1563 5044
1564 2387
1564 2677
1564 4630
1565 4394
1565 5165
1566 2613
1567 5936
1568 2583
1568 6700
1568 9027
1570 2805
1570 4412
1570 5087
1570 5117
1570 9829
1573 1736
1574 5700
1575 8869
1576 1589
1576 4648
1579 3480
1580 7010
1583 4662
1583 7186
1584 3400
1585 5463
1585 5727
1586 4847
1586 5387
1586 5480
1586 7253
1589 4756
1589 7163
1590 4498
1592 2628
1593 3886
1594 2399
1595 1716
1595 4165
1595 4584
1597 9895
1598 7573
1600 9047
1602 2490
1603 7811
1603 9257
1604 7235
1606 8164
1607 2993
1608 6588
1612 3362
1612 4616
1612 7346
1614 2422
1614 8782
1615 5201
1615 7418
1615 8312
1616 7666
1617 2124
1618 9012
1619 3625
1619 6452
1620 8356
1621 9322
1622 9568
1623 5544
1624 4413
1625 2525
1625 3282
1625 6559
1626 3562
1626 6572
1627 2130
1627 8026
1629 5251
1630 3311
1630 8637
1631 6118
1632 3338
1632 5759
1633 3527
1635 6067
1635 6829
1637 4803
1638 4346
1639 6845
1640 3684
1641 4036
1641 8780
1641 8789
1642 2982
1642 8036
1642 9865
1647 1669
1647 3451
1647 5721
1647 7794
1648 9438
1650 2994
1650 3208
1650 3646
1650 6795
1651 3156
1651 5057
1651 9528
1652 1729
1652 5981
1652 7624
1654 5572
1654 6206
1654 6386
1655 1668
1655 2722
1657 4964
1657 8607
1659 4373
1659 4680
1660 3408
1661 7406
1662 2455
1663 8389
1664 9617
1666 2006
1666 8536
1667 6428
1667 9246
1668 2307
1668 8399
1669 4818
1669 5635
1669 5687
1670 5730
1670 7949
1671 8937
1671 9536
1672 3555
1672 9365
1674 4293
1674 4612
1674 5939
1674 6467
1676 7489
1677 6581
1677 7609
1678 4877
1679 5186
1679 8959
1680 1714
1680 2721
1681 9765
1682 7269
1682 9823
1683 2148
1683 4509
1683 6808
1684 3767
1684 3912
1684 9017
1686 5830
1686 7705
1687 2253
1689 1773
1690 4250
1690 8438
1691 3634
1691 4494
1691 9182
1692 3705
1692 4646
1692 5331
1692 9190
1696 4245
1697 9363
1701 4217
1702 2876
1702 6689
1703 9051
1703 9955
1704 9324
1704 9402
1705 6778
1705 8888
1706 1717
1706 6369
1707 2032
1707 9298
1708 5067
1709 9052
1711 4403
1711 9305
1713 7576
1715 5048
1717 8333
1718 4853
1723 6736
1724 6713
1725 7446
1725 9090
1726 3737
1728 9848
1729 5398
1729 6928
1731 4558
1731 5649
1732 6357
1734 3489
1735 2849
1737 7219
1738 6901
1739 7108
1739 7311
1741 7615
1742 2809
1744 6186
1744 6630
1744 7257
1744 9213
1745 7871
1746 2060
1747 8509
1750 2388
1750 3720
1750 5691
1751 5811
1752 2416
1752 3501
1753 8128
1755 3339
1755 8682
1758 5210
1759 3493
1759 8674
1760 1912
1760 4240
1762 5412
1764 4930
1764 6978
1766 3491
1768 1937
1769 3946
1770 4532
1771 8444
1773 2237
1773 7396
1773 7558
1774 6094
1774 8547
1776 3135
1777 6984
1777 7040
1779 8222
1781 3613
1782 8599
1783 6882
1785 8191
1786 3808
1786 4728
1787 2232
1787 7113
1789 2893
1790 8041
1790 9114
1791 7065
1791 8666
1792 5712
1793 8491
1793 8941
1795 4212
1795 8837
1798 4699
1798 5380
1798 8447
1799 4062
1799 8771
1800 2093
1800 3804
1802 7145
1804 5578
1806 6666
1806 7263
1808 4333
1812 1980
1812 3045
1813 3416
1813 6528
1814 3138
1817 1864
1820 2036
1820 5296
1822 3374
1822 3541
1822 9107
1825 2920
1826 5187
1826 6330
1826 7106
1826 8755
1827 6512
1828 9924
1831 8407
1832 9496
1833 4265
1834 2665
1834 5328
1834 8967
1836 6784
1837 1867
1837 3641
1837 8485
1839 5000
1839 8882
1840 1866
1840 2702
1841 5058
1842 6494
1842 9685
1843 2952
1843 7964
1844 2377
1844 2569
1844 6668
1845 5999
1846 3245
1846 9966
1847 9521
1849 4719
1851 3507
1851 7039
1851 8059
1853 5505
1855 5017
1855 7229
1857 5149
1863 2251
1863 2510
1864 7621
1865 4817
1872 9815
1875 8879
1876 2310
1877 6207
1878 2265
1879 3250
1880 4007
1880 5179
1883 8458
1884 5949
1885 2072
1886 9226
1890 7084
1891 4472
1892 6080
1892 8166
1893 4643
1896 2666
1897 3516
1897 9544
1900 3412
1901 2494
1901 9572
1902 6177
1903 9049
1903 9986
1904 4688
1906 1952
1906 6767
1910 8075
1910 9488
1911 2835
1912 4816
1914 6245
1916 5763
1916 6539
1918 3751
1918 8847
1918 9118
1919 5689
1920 9231
1921 7415
1921 7748
1924 7795
1927 6743
1927 7978
1929 6991
1930 4100
1930 7725
1931 6406
1933 7662
1934 2155
1937 9025
1940 7702
1942 8749
1945 6433
1945 8033
1946 5190
1950 9308
1953 7804
1954 3312
1954 3458
1956 9929
1959 4381
1961 2123
1961 6485
1962 6125
1962 8619
1963 5833
1963 5893
1964 8566
1966 2433
1969 2069
1969 2870
1970 2937
1970 5959
1972 7491
1973 7997
1975 2830
1975 3902
1976 3234
1976 9532
1978 7737
1979 8515
1981 8895
1983 4707
1983 7429
1986 8999
1988 2916
1988 6053
1991 4287
1991 6476
1992 8170
1992 8237
1994 2646
1995 2443
1996 3566
1997 2883
1997 7875
2003 3131
2003 4247
2004 3425
2004 7537
2005 9569
2006 8995
2009 3784
2011 6224
2011 7470
2013 6940
2013 7221
2014 9636
2015 7823
2017 9221
2018 3513
2018 8212
2021 9549
2023 3942
2023 4782
2027 9361
2028 4308
2032 6432
2038 6752
2040 9388
2041 7509
2044 2562
2045 3215
2046 2107
2048 2406
2048 7980
2051 5673
2052 6589
2052 7918
2053 7973
2055 2230
2055 2940
2055 9262
2058 8872
2060 3892
2061 5549
2063 2535
2067 3870
2067 9631
2069 7852
2073 2692
2073 4772
2074 3981
2076 4557
2077 7035
2077 9803
2078 2189
2078 4369
2081 8651
2084 3633
2084 9699
2087 6474
2088 6935
2089 2591
2092 5638
2092 6739
2094 4660
2095 4714
2099 6215
2101 7459
2102 7147
2103 7166
2103 9233
2104 8962
2106 4454
2107 7821
2108 9453
2109 2590
2116 7564
2117 7159
2119 7594
2121 2131
2121 2162
2121 4009
2123 2465
2126 9840
2131 3543
2133 5674
2133 8221
2134 9802
2136 5204
2136 6575
2136 7093
2139 5800
2141 9695
2142 2956
2142 9956
2144 7567
2147 4262
2149 2716
2155 8804
2156 9199
2158 7274
2159 2960
2161 6323
2162 6228
2163 5329
2166 3354
2166 4345
2166 6220
2167 4717
2167 8375
2169 3967
2169 8244
2170 2687
2170 9368
2171 8443
2174 2921
2174 4467
2174 4474
2179 4828
2188 7808
2192 3595
2194 2472
2195 4874
2195 8281
2196 8918
2199 2706
2201 5645
2202 3142
2202 9304
2204 7066
2207 3585
2207 7886
2207 8483
2223 7284
2230 3685
2232 7285
2234 4463
2234 4723
2234 8204
2239 4087
2242 3931
2242 5283
2245 3024
2245 9554
2246 7934
2249 2813
2251 7653
2251 7770
2255 2467
2258 3015
2258 4387
2263 6170
2267 2790
2267 8415
2268 6740
2270 9849
2273 4541
2273 8070
2273 9329
2276 6154
2276 8197
2277 3659
2278 8107
2281 6504
2281 6529
2282 5947
2283 4562
2283 9749
2285 4300
2285 5726
2290 3494
2291 7003
2292 9747
2295 5974
2295 9469
2297 3522
2302 4289
2304 5586
2305 6912
2306 4255
2309 7376
2310 2626
2312 6860
2316 8216
2317 8671
2323 4539
2325 2549
2328 8758
2329 2860
2330 3960
2332 4059
2338 3985
2343 2404
2343 4476
2343 4789
2347 7734
2347 9682
2349 5697
2352 4379
2353 9187
2355 3885
2367 4871
2368 9141
2373 2569
2374 3165
2378 2476
2382 2629
2382 4750
2384 8372
2385 4054
2392 7608
2395 2640
2400 7881
2403 8028
2404 5236
2405 4807
2408 2605
2409 5622
2412 3519
2412 6108
2416 8293
2417 4953
2417 6799
2418 2482
2420 8521
2421 5182
2430 2707
2431 7726
2432 3231
2438 3341
2439 5460
2443 5205
2444 2536
2449 2695
2449 8008
2449 9877
2452 7616
2452 8592
2455 4277
2456 7475
2458 2761
2462 7975
2466 8448
2472 3041
2475 6349
2475 9289
2480 7350
2481 7521
2491 3278
2492 8478
2493 7368
2495 8370
2496 3139
2496 9307
2500 3762
2500 3999
2503 8181
2504 6292
2506 3203
2513 7667
2514 4395
2515 5672
2528 6919
2533 8114
2535 8190
2538 9896
2543 5357
2543 5576
2550 9336
2553 5270
2554 2573
2559 6729
2560 6920
2567 4703
2573 8454
2574 7583
2576 4601
2578 6565
2581 9503
2583 3186
2591 8319
2602 7979
2604 3550
2605 3310
2612 4161
2613 6737
2613 7790
2614 3551
2614 8308
2622 9927
2627 3036
2634 8371
2635 5388
2637 3871
2639 5487
2640 8844
2642 4316
2643 5367
2643 7168
2653 5092
2655 9467
2657 8942
2661 7016
2662 8093
2663 2833
2667 9585
2668 7177
2668 8624
2672 6579
2675 3337
2677 6344
2690 6985
2691 8235
2693 5383
2697 6561
2700 9718
2703 8253
2708 3144
2712 4214
2725 3717
2726 3420
2742 9100
2755 6977
2758 3837
2764 2970
2767 8766
2774 8434
2776 4485
2786 3383
2786 5751
2786 8501
2793 5046
2800 4433
2802 4142
2804 5929
2811 3429
2813 3358
2813 6847
2815 9295
2828 7765
2829 4690
2841 3814
2846 8324
2848 3664
2849 3216
2852 4186
2854 8843
2857 3096
2885 4188
2885 7698
2893 9592
2896 8948
2917 6112
2926 3693
2926 4324
2935 8952
2943 4785
2950 5143
2952 8090
2952 9414
2982 6007
2985 5443
2990 4563
2997 5633
3009 7164
3015 8723
3028 6916
3033 6744
3043 5681
3070 4160
3081 7816
3081 8862
3082 9344
3089 7664
3090 4915
3112 7660
3114 4314
3115 7114
3116 4061
3133 8100
3137 5655
3140 4209
3164 8228
3166 9379
3172 3365
3173 5151
3185 3663
3189 5684
3198 3991
3213 5767
3214 8787
3219 3269
3222 9060
3225 8687
3252 5899
3255 9096
3277 8917
3286 5403
3321 8451
3330 3997
3349 4445
3358 7853
3359 9918
3364 3533
3374 4679
3394 6328
3395 4571
3412 7518
3412 7588
3417 7184
3430 9661
3450 6445
3464 8032
3477 6229
3478 9073
3517 5347
3537 5972
3545 6013
3552 8731
3554 6592
3587 7412
3601 9922
3627 9537
3662 7999
3681 4461
3691 4261
3695 9547
3700 6164
3700 8278
3704 7940
3747 8307
3755 4060
3755 8035
3761 4341
3765 9907
3782 6603
3820 6620
3830 3892
3833 9519
3872 7189
3876 4569
3920 8980
3956 5260
4037 5894
4043 4700
4047 4451
4088 8756
4199 9483
4215 6765
4375 5128
4483 6801
4510 8084
4623 9132
4770 8147
4846 5276
5044 8165
5445 5888
8064 9072
