1 539
1 1235
1 1336
1 3013
1 3022
1 3167
1 3282
1 3658
1 3666
1 4216
1 4396
1 5361
1 6367
1 7088
1 7389
1 7935
1 7996
1 8061
1 8146
1 8370
1 8609
1 8717
1 9395
1 9704
2 2306
2 2380
2 2453
2 2512
2 3929
2 4079
2 5318
2 5377
2 5729
2 6866
2 7601
2 7607
2 7801
2 8148
2 8362
2 9172
3 188
3 2056
3 2271
3 2669
3 4329
3 4598
3 5594
3 6661
3 6772
3 7118
3 7207
3 7398
3 7549
3 7627
3 7843
4 2391
4 2451
4 3725
4 4290
4 4362
4 5314
4 5591
4 5824
4 7197
4 8033
4 8068
4 8184
4 8875
4 9078
4 9198
5 1164
5 1181
5 1795
5 2222
5 2530
5 2848
5 3261
5 3942
5 4093
5 4336
5 4617
5 5130
5 5335
5 5680
5 6412
5 6671
5 7312
5 7494
5 7611
5 7700
5 7710
5 8811
5 8946
5 9630
5 9825
5 9863
6 2893
6 3115
6 3351
6 4333
6 4371
6 4374
6 4468
6 4488
6 4552
6 8529
7 159
7 1432
7 2102
7 2620
7 4101
7 4352
7 6720
7 7085
7 8213
8 71
8 513
8 637
8 1596
8 2302
8 3905
8 3983
8 4484
8 4614
8 5002
8 5209
8 5515
8 5595
8 6593
8 6893
8 7675
8 7824
8 8369
8 9047
8 9329
8 9611
9 344
9 952
9 1033
9 1037
9 1271
9 2406
9 2443
9 3316
9 3718
9 4805
9 4848
9 5367
9 5671
9 7602
9 8122
9 8293
9 8607
9 9763
10 478
10 492
10 527
10 574
10 611
10 2139
10 2568
10 3354
10 3835
10 4564
10 4773
10 5231
10 5606
10 5914
10 6001
10 6790
10 7122
10 7600
10 9476
10 9661
11 884
11 1830
11 2285
11 3330
11 3427
11 3558
11 3656
11 4422
11 5648
11 5671
11 5983
11 6284
11 6947
11 7016
11 7466
12 324
12 729
12 855
12 878
12 1183
12 2000
12 2823
12 2824
12 3870
12 3914
12 4359
12 4438
12 4444
12 4800
12 5238
12 5817
12 6126
12 6377
12 8372
12 8475
12 8825
13 1898
13 1909
13 2802
13 4392
13 4770
13 5061
13 5114
13 5740
13 5955
13 6065
13 7413
13 7751
13 8113
13 8320
13 8781
13 9758
14 2407
14 3080
14 3617
14 3929
14 4253
14 4399
14 5347
14 5428
14 5705
14 5860
14 6971
14 7006
14 9605
15 963
15 1713
15 3408
15 3682
15 3748
15 3940
15 4097
15 5289
15 5656
15 6352
15 8249
15 8694
15 8795
15 8941
16 506
16 1501
16 1575
16 2934
16 3271
16 3373
16 3893
16 4454
16 5261
16 5262
16 6093
16 7112
16 7150
16 9572
16 9957
17 2886
17 2942
17 3017
17 3038
17 3460
17 4788
17 5810
17 5882
17 6663
17 7398
17 8559
17 8628
17 9253
17 9427
18 137
18 1830
18 3171
18 3411
18 4094
18 7550
18 7635
18 8181
18 8507
18 9738
19 140
19 311
19 1113
19 1370
19 1550
19 2355
19 2797
19 3165
19 4234
19 4419
19 5293
19 6168
19 6363
19 6663
19 6919
19 7213
19 7282
19 7328
19 8709
19 8726
19 8888
19 9926
19 9985
20 1009
20 1014
20 2703
20 3435
20 3793
20 4707
20 5530
20 5826
20 6033
20 6745
20 6769
20 6907
20 8296
20 8777
20 8795
20 8803
20 9549
20 9906
21 1569
21 1806
21 1984
21 3348
21 3424
21 3911
21 4321
21 4577
21 4605
21 5129
21 5159
21 6194
21 7195
21 7340
21 8089
21 8309
21 8789
21 9156
22 2257
22 2511
22 2919
22 3650
22 3841
22 3920
22 4077
22 4158
22 4369
22 5015
22 5044
22 5253
22 5262
22 6212
22 6462
22 6731
22 7221
22 8686
22 8736
22 9154
22 9426
23 1327
23 2850
23 3055
23 3108
23 3298
23 3514
23 4466
23 5172
23 5403
23 6851
23 8152
23 8859
23 9715
24 254
24 788
24 804
24 1104
24 1462
24 1785
24 2019
24 2516
24 3094
24 3096
24 4936
24 5556
24 5699
24 6091
24 6325
24 6585
24 7865
24 8064
24 8107
24 8366
24 8801
24 9034
25 2675
25 4815
25 6270
25 7226
25 7525
25 8677
25 8762
25 8832
25 8864
25 8932
26 826
26 1740
26 2785
26 3733
26 4220
26 4947
26 5264
26 8479
26 8540
26 8846
27 81
27 720
27 852
27 3023
27 3067
27 5023
27 5907
27 5927
27 6008
27 6103
27 6603
27 6655
27 6802
27 7338
27 7716
27 8119
27 8327
27 8498
27 9729
27 9736
28 92
28 2424
28 2881
28 2968
28 3969
28 5509
28 5779
28 5792
28 5893
28 5960
28 6148
28 6259
28 6530
28 8483
28 9665
29 955
29 1722
29 1841
29 3487
29 3901
29 5122
29 6517
29 7391
29 8219
29 8540
29 8640
29 9256
30 570
30 1486
30 1942
30 2560
30 3315
30 3770
30 4029
30 6315
30 7607
30 8971
30 9048
30 9595
31 492
31 4902
31 5308
31 7057
31 7176
31 7328
31 8744
31 9729
31 9779
32 1208
32 1273
32 1461
32 2062
32 2269
32 3518
32 4281
32 4578
32 4900
32 4994
32 5726
32 6355
32 6447
32 7216
32 7620
32 7789
32 8528
32 9422
32 9519
33 470
33 643
33 2201
33 2904
33 3066
33 3487
33 3919
33 4237
33 4709
33 6623
33 7301
33 7549
33 8295
33 9643
34 999
34 1871
34 2013
34 3689
34 3828
34 4116
34 4241
34 4656
34 4934
34 5026
34 7148
34 8190
34 8823
34 9544
34 9994
35 861
35 1894
35 2166
35 2842
35 3508
35 3657
35 4805
35 7640
36 336
36 360
36 622
36 937
36 1624
36 2199
36 2423
36 3008
36 4101
36 5498
36 6868
36 7235
36 9385
36 9590
37 468
37 750
37 1161
37 1616
37 1676
37 1826
37 2054
37 2556
37 3774
37 3815
37 6388
37 6542
37 6763
37 6863
37 7457
37 8579
37 9030
37 9368
38 176
38 1242
38 1850
38 2341
38 3051
38 3517
38 4943
38 5376
38 5690
38 6448
38 6794
38 7606
38 7777
38 8095
38 8710
38 8958
39 269
39 1681
39 2134
39 3006
39 5817
39 9124
40 211
40 1328
40 1568
40 1842
40 3018
40 3259
40 4755
40 5853
40 6039
40 7061
40 8965
40 9211
40 9638
41 171
41 445
41 1033
41 1673
41 2026
41 2085
41 4140
41 4339
41 4484
41 4654
41 4698
41 5746
41 5865
41 6445
41 6840
41 7158
41 8877
41 9328
42 1489
42 1821
42 2226
42 2552
42 2628
42 3165
42 3629
42 3729
42 3757
42 6872
42 8091
42 8578
42 8707
42 8869
43 611
43 783
43 1247
43 1707
43 2091
43 2361
43 3599
43 4853
43 4960
43 5032
43 5092
43 5773
43 6185
43 6471
43 7326
43 8076
43 8477
43 9404
43 9414
43 9634
43 9703
44 181
44 189
44 269
44 343
44 439
44 1165
44 1457
44 2032
44 2095
44 2660
44 2921
44 3379
44 3547
44 3830
44 3952
44 4013
44 4119
44 4302
44 4674
44 5408
44 5857
44 6532
44 7314
44 7997
44 8280
44 8473
44 9262
45 1034
45 1309
45 1794
45 2443
45 3934
45 4818
45 4882
45 5046
45 5123
45 5199
45 6057
45 6910
45 7054
45 7474
45 8230
45 9375
45 9454
45 9575
45 9703
45 9823
46 974
46 1080
46 1478
46 1537
46 2362
46 3046
46 3659
46 4259
46 4508
46 5075
46 5165
46 5592
46 6437
46 6794
46 8923
46 9156
46 9691
47 2331
47 2984
47 4501
47 5576
47 5618
47 5857
47 5907
47 6979
47 7766
47 8068
47 8463
47 8828
47 9074
47 9291
47 9530
47 9995
48 74
48 1934
48 2404
48 3109
48 3875
48 3936
48 4221
48 4496
48 5178
48 5403
48 6721
48 6729
48 7109
48 7349
48 8857
49 650
49 1091
49 1130
49 1180
49 1198
49 1799
49 2210
49 4927
49 5498
49 6304
49 6390
49 6862
49 7726
49 8161
49 8892
49 9347
49 9476
50 247
50 254
50 2850
50 2995
50 4719
50 4843
50 4962
50 5369
50 6528
50 6773
50 7147
50 8176
50 8472
50 9063
50 9179
50 9223
50 9431
50 9753
51 692
51 1553
51 1554
51 1988
51 2861
51 4039
51 4844
51 5279
51 6804
51 9389
52 80
52 668
52 711
52 965
52 2318
52 2424
52 2810
52 5513
52 6111
52 6122
52 6341
52 6522
52 6635
52 6847
52 7155
52 7175
52 7348
52 7666
52 7723
52 7908
52 8216
52 8230
52 8797
52 8949
52 9965
53 275
53 2748
53 4086
53 5327
53 5587
53 6104
53 6411
53 6528
53 7961
53 8102
53 8388
53 8395
53 9953
54 341
54 1535
54 1758
54 1803
54 1901
54 2066
54 2196
54 3970
54 4115
54 4212
54 5417
54 6663
54 7841
54 7977
54 8264
54 9594
55 148
55 998
55 1145
55 1265
55 1290
55 1946
55 2456
55 2497
55 2764
55 4040
55 4358
55 4433
55 5589
55 5877
55 6067
55 6769
55 7243
55 7445
55 8046
55 9047
55 9341
55 9804
56 402
56 1943
56 2885
56 3572
56 3922
56 4628
56 4878
56 5072
56 6694
56 6963
56 7297
56 7350
56 7501
56 9251
56 9963
57 1942
57 2470
57 2829
57 6016
57 6198
57 6717
57 6749
57 7464
57 8070
57 8566
58 111
58 599
58 1248
58 1476
58 2184
58 2225
58 2456
58 2642
58 2977
58 3587
58 3883
58 4373
58 4671
58 4734
58 5318
58 5603
58 5872
58 5974
58 6021
58 6109
58 6523
58 6724
58 8305
59 690
59 1253
59 1435
59 2689
59 3086
59 3673
59 4089
59 5245
59 6021
59 6347
59 7276
59 7512
59 7858
59 8056
59 8220
59 8464
59 8535
59 8685
59 9455
59 9581
60 362
60 2211
60 3032
60 3516
60 3644
60 4198
60 4601
60 4871
60 5485
60 5878
60 6076
60 7469
60 7489
60 8560
60 8844
60 9201
60 9413
60 9560
61 540
61 574
61 1494
61 1588
61 3201
61 6098
61 9270
62 2065
62 2892
62 2919
62 3540
62 3945
62 4129
62 4173
62 4272
62 6217
62 6234
62 6488
62 7301
62 7873
62 8166
62 8408
62 8953
62 9918
63 202
63 658
63 2134
63 2467
63 3115
63 3677
63 4355
63 4593
63 6143
63 6310
63 9011
63 9115
64 505
64 1421
64 3461
64 5007
64 5971
64 6117
64 6521
64 6853
64 6889
64 7599
64 8719
65 857
65 1090
65 2010
65 3016
65 4062
65 5813
65 6349
65 6422
65 6799
65 7178
65 7803
65 8060
65 8324
65 9027
65 9625
66 281
66 567
66 802
66 2081
66 2379
66 2451
66 3071
66 3452
66 3462
66 3519
66 4635
66 5161
66 6083
66 6666
66 7200
66 7476
66 7646
66 7777
66 9652
67 426
67 757
67 1222
67 1481
67 2253
67 2314
67 3534
67 3801
67 4951
67 4959
67 5275
67 5499
67 5689
67 6226
67 6232
67 6381
67 7557
67 8124
67 8844
67 9412
68 623
68 777
68 1301
68 1771
68 2091
68 2578
68 2938
68 3036
68 3579
68 3606
68 3833
68 3847
68 4449
68 4529
68 6152
68 7425
68 7431
68 8340
68 9116
68 9694
69 107
69 916
69 1237
69 1392
69 2624
69 3175
69 3757
69 4096
69 4607
69 5014
69 5360
69 5828
69 5871
69 6442
69 6940
69 8086
69 8774
69 8829
69 9540
69 9818
69 9826
69 9988
70 120
70 750
70 781
70 1490
70 1505
70 5276
70 5364
70 5461
70 5636
70 5827
70 5910
70 5984
70 6855
70 6987
70 8039
70 8826
71 382
71 1090
71 2350
71 3012
71 3137
71 3268
71 3856
71 3966
71 4418
71 4742
71 5024
71 6399
71 6455
71 6828
71 7475
71 8107
71 9002
71 9405
71 9496
71 9631
71 9810
72 560
72 1280
72 1913
72 3621
72 3874
72 3889
72 4917
72 5483
72 5659
72 6165
72 6308
72 6361
72 6932
72 7005
72 7309
72 7378
72 7510
72 7703
72 8250
72 8628
72 8794
72 8845
72 9580
72 9759
73 2015
73 2489
73 2627
73 6482
73 7088
73 7859
73 7926
73 8778
73 9308
73 9601
74 389
74 426
74 762
74 849
74 1115
74 1310
74 1692
74 1853
74 2395
74 2619
74 2743
74 3661
74 4034
74 4228
74 5054
74 5313
74 5401
74 5512
74 5617
74 6611
74 6859
74 6934
74 6992
74 7895
74 8391
74 8902
75 2224
75 2393
75 2514
75 2807
75 3557
75 3606
75 5534
75 5920
75 6509
75 8196
75 8745
75 9014
75 9984
76 1118
76 1344
76 2351
76 2557
76 3177
76 3287
76 3795
76 4316
76 6164
76 6236
76 6760
76 6773
76 8708
76 9452
77 175
77 583
77 1303
77 1442
77 2712
77 3241
77 4201
77 4758
77 5092
77 5370
77 6313
77 7201
77 7402
77 7759
77 8074
77 8781
78 1185
78 2364
78 3936
78 4782
78 8649
78 9835
79 781
79 1902
79 3236
79 3460
79 4117
79 4613
79 7506
79 9189
80 1270
80 2508
80 2696
80 2855
80 3382
80 3468
80 3524
80 5281
80 5378
80 5415
80 5829
80 6483
80 6588
80 7018
80 7533
80 7599
80 8186
80 8632
80 8998
80 9125
81 105
81 572
81 983
81 1422
81 1926
81 2376
81 2732
81 3090
81 3869
81 4462
81 5354
81 6207
81 8592
81 8881
81 9333
81 9373
82 325
82 759
82 1239
82 2348
82 3081
82 3244
82 3910
82 4211
82 4261
82 4373
82 4945
82 6690
82 7042
82 9102
82 9112
82 9792
83 1069
83 1408
83 1469
83 1503
83 1880
83 2389
83 2696
83 2724
83 3613
83 3731
83 4288
83 6095
83 6386
83 6446
83 6561
83 7417
83 8000
83 8065
83 8115
83 8516
83 8988
83 9226
83 9912
84 137
84 721
84 1149
84 1289
84 1364
84 3139
84 3159
84 3269
84 3787
84 4636
84 4863
84 4986
84 5687
84 6068
84 6356
84 7102
84 7568
84 7587
84 8956
84 9320
84 9393
84 9927
84 9975
85 905
85 1417
85 1532
85 1865
85 2441
85 2946
85 3442
85 4443
85 4533
85 4816
85 5526
85 6082
85 6937
85 7207
85 7347
85 7831
85 8127
85 8137
85 8454
85 8938
85 9109
85 9911
86 605
86 707
86 1354
86 1971
86 2303
86 2643
86 2897
86 5081
86 5337
86 5352
86 5440
86 5452
86 6199
86 6889
86 6956
86 7649
86 8487
86 8670
86 9382
86 9551
86 9885
87 903
87 1868
87 2297
87 2659
87 2837
87 3166
87 3429
87 3667
87 5036
87 6453
87 7488
87 9080
87 9086
87 9404
87 9460
87 9531
88 717
88 1443
88 1868
88 2939
88 6963
88 7268
88 7433
88 7832
88 8335
88 8586
88 9132
89 94
89 1272
89 4256
89 4740
89 5989
89 6828
89 7017
89 7227
89 8712
89 9325
90 590
90 1129
90 1563
90 2543
90 2780
90 3139
90 3215
90 3389
90 4793
90 5479
90 5480
90 5608
90 7321
90 7767
91 2515
91 2739
91 3278
91 3285
91 3533
91 4417
91 4706
91 5183
91 5473
91 5686
91 6549
91 6648
91 7711
91 7876
92 1359
92 2308
92 3136
92 3303
92 3309
92 3556
92 3614
92 4941
92 5546
92 5869
92 7959
92 8776
92 9106
92 9113
92 9550
93 319
93 1340
93 1394
93 2687
93 2929
93 3635
93 3742
93 3943
93 5003
93 5322
93 5464
93 8327
93 9031
93 9311
93 9415
94 331
94 1044
94 2178
94 2206
94 2721
94 3355
94 3857
94 5053
94 5188
94 5328
94 7817
94 9218
94 9402
95 297
95 805
95 875
95 1383
95 1471
95 2065
95 2073
95 2261
95 3276
95 4289
95 4502
95 6370
95 6672
95 9117
96 308
96 938
96 1727
96 2696
96 3846
96 4146
96 4440
96 4924
96 5686
96 6484
96 7483
96 8330
96 8546
96 9637
97 436
97 490
97 593
97 783
97 1255
97 1258
97 1601
97 1700
97 3242
97 3251
97 4450
97 5590
97 7878
97 8624
97 8647
98 867
98 1999
98 2305
98 3657
98 3933
98 4169
98 5447
98 5935
98 6311
98 7281
98 7515
98 7629
98 8604
98 8677
98 9487
98 9895
99 126
99 760
99 882
99 1018
99 2225
99 2532
99 3420
99 6647
99 7044
99 7204
99 7911
99 8697
99 9462
99 9849
99 9936
100 1894
100 2265
100 2294
100 3877
100 3971
100 4204
100 4600
100 4710
100 5343
100 5641
100 5838
100 5843
100 5993
100 6722
100 7620
100 7722
100 7984
100 8131
100 8318
100 8884
101 415
101 1156
101 2066
101 2986
101 3088
101 3417
101 4579
101 5299
101 5315
101 6491
101 8171
101 8882
101 9071
102 286
102 836
102 1018
102 2539
102 3472
102 3852
102 4331
102 7760
102 7828
102 9023
103 125
103 431
103 701
103 879
103 1087
103 1372
103 1797
103 3086
103 4387
103 5511
103 5632
103 5756
103 6380
103 7295
103 7954
103 9909
104 674
104 1040
104 3061
104 3205
104 4566
104 5510
104 5886
104 6276
104 6634
104 6752
104 7211
104 7490
104 7824
104 8704
104 9064
104 9556
105 582
105 698
105 845
105 1600
105 1671
105 1695
105 1895
105 2830
105 2844
105 4057
105 5090
105 5579
105 6811
105 7667
105 8159
105 9245
106 1355
106 3296
106 3578
106 3704
106 3800
106 3803
106 4659
106 5054
106 9811
106 9814
107 562
107 1369
107 1961
107 2288
107 4175
107 4925
107 5001
107 5016
107 5906
107 6972
107 7762
107 7799
107 8215
108 345
108 435
108 552
108 1443
108 3357
108 4229
108 4673
108 5375
108 5853
108 8301
108 8544
108 9087
108 9273
108 9366
108 9706
108 9793
108 9987
109 635
109 759
109 2127
109 2629
109 3001
109 3083
109 5297
109 5368
109 5772
109 6486
109 7752
109 8019
109 8725
109 9108
109 9924
109 9943
110 762
110 911
110 1626
110 2677
110 3451
110 4082
110 4098
110 4170
110 5163
110 6367
110 6861
110 7652
110 8271
110 9224
110 9289
110 9407
110 9433
111 579
111 1352
111 2656
111 3073
111 3477
111 3639
111 6819
111 7320
111 8359
112 699
112 757
112 784
112 2979
112 3722
112 4556
112 5196
112 6264
112 6917
112 7089
112 7362
112 7565
112 8945
112 9561
113 382
113 502
113 926
113 1311
113 1513
113 1567
113 1974
113 2765
113 2809
113 2945
113 3996
113 4051
113 8350
114 440
114 499
114 649
114 660
114 846
114 1566
114 4387
114 4538
114 5064
114 5136
114 6476
114 7246
114 8867
114 9018
114 9168
114 9197
115 728
115 1550
115 1651
115 1793
115 2863
115 4022
115 4318
115 5031
115 5601
115 6458
115 6903
115 7082
115 9045
116 640
116 1265
116 1611
116 2301
116 2916
116 3781
116 5816
116 6140
116 7794
116 8199
116 9265
117 1397
117 1902
117 2818
117 2964
117 3927
117 5806
117 6139
117 7166
117 7684
117 8097
117 8144
117 9428
117 9716
118 428
118 751
118 1314
118 1397
118 1796
118 2372
118 3349
118 5844
118 6071
118 6933
118 7453
118 7642
118 8569
118 8673
118 8811
119 470
119 837
119 1773
119 2510
119 2551
119 2999
119 3288
119 3450
119 4425
119 5292
119 6213
119 8267
119 9701
119 9997
120 221
120 309
120 511
120 689
120 1837
120 2332
120 2733
120 3359
120 3430
120 4317
120 5833
120 6047
120 6857
120 9103
120 9432
121 2850
121 4677
121 5612
121 7100
121 7184
121 7255
121 7574
121 8603
121 9806
122 553
122 1571
122 1686
122 1934
122 2034
122 3492
122 3603
122 4558
122 4833
122 5682
122 6480
122 6715
122 6914
122 7677
122 7872
122 8759
122 9770
122 9969
123 426
123 474
123 764
123 2504
123 2653
123 2956
123 3345
123 4166
123 5486
123 5738
123 5745
123 5986
123 6608
123 6688
123 9039
124 452
124 2508
124 4470
124 5718
124 6120
124 6278
124 7784
124 8424
124 9439
125 529
125 823
125 838
125 951
125 1720
125 1937
125 2120
125 4490
125 6158
125 7094
125 7154
125 7623
125 8508
125 9387
125 9521
126 295
126 475
126 848
126 1064
126 2756
126 3082
126 4251
126 5570
126 5768
126 5947
126 6097
126 7686
126 8013
126 8204
126 8571
126 8692
126 9213
127 728
127 3505
127 6686
128 614
128 676
128 1855
128 1943
128 4018
128 5394
128 5545
128 5891
128 6028
128 6733
128 7103
128 7436
128 7690
128 7998
128 8527
128 9833
129 1192
129 2644
129 3661
129 4061
129 7728
129 8269
129 8843
130 682
130 813
130 1616
130 1829
130 2207
130 4164
130 5505
130 5822
130 6584
130 7275
130 7559
130 7906
130 8032
130 8503
130 9510
131 927
131 944
131 1464
131 2223
131 3219
131 4453
131 5186
131 6967
131 7587
131 7729
131 8815
131 9537
132 202
132 500
132 686
132 877
132 1696
132 5190
132 5502
132 5638
132 5956
132 5996
132 6274
133 336
133 1786
133 2944
133 4210
133 4341
133 4810
133 5396
133 5478
133 5970
133 6105
133 6513
133 7215
133 7462
133 8357
133 9187
133 9501
133 9658
134 677
134 754
134 1017
134 1708
134 1773
134 2138
134 2529
134 2767
134 5849
134 6144
134 6637
134 6651
134 6885
134 7696
134 8260
135 391
135 626
135 1537
135 3170
135 5728
135 5879
135 5924
135 7848
135 9017
135 9379
136 297
136 739
136 1097
136 1109
136 4560
136 4892
136 6751
136 7032
136 7365
136 7785
136 8363
137 578
137 1002
137 1173
137 2577
137 2626
137 5741
137 8322
138 156
138 808
138 1440
138 1654
138 1954
138 3313
138 4365
138 4585
138 5515
138 5776
138 6077
138 6955
138 7223
138 8970
138 9240
138 9552
139 507
139 770
139 957
139 1091
139 1229
139 1916
139 2249
139 2928
139 3157
139 3708
139 3769
139 6443
139 6808
139 7528
139 7556
139 7938
140 1238
140 2801
140 3716
140 4518
140 6570
140 6881
140 7405
140 9635
140 9720
140 9785
141 399
141 408
141 436
141 603
141 1413
141 2162
141 3976
141 4311
141 5280
141 5285
141 5482
141 6108
141 7252
142 1051
142 1765
142 2425
142 4697
142 5055
142 5273
142 5784
142 5870
142 6382
142 6530
142 9069
142 9088
142 9120
142 9874
143 489
143 866
143 988
143 1863
143 2167
143 3306
143 3568
143 3659
143 4074
143 4606
143 4845
143 5373
143 5644
143 5657
143 6127
143 7588
143 7637
143 7765
143 9229
143 9536
143 9664
144 1187
144 1279
144 1792
144 1924
144 2049
144 2831
144 2843
144 4066
144 4148
144 5539
144 5553
144 5669
144 6448
144 6540
144 6681
144 7080
144 9781
144 9831
144 9974
145 203
145 401
145 3052
145 3794
145 4000
145 4028
145 4647
145 5254
145 5363
145 5536
145 7035
145 7214
145 7919
145 8938
145 9046
145 9700
146 515
146 1343
146 1669
146 2241
146 2683
146 3113
146 3765
146 3837
146 3933
146 5624
146 5899
146 6193
146 6754
146 7868
146 8406
146 9766
147 296
147 310
147 979
147 1060
147 1148
147 1220
147 1544
147 1927
147 3197
147 3207
147 3937
147 4318
147 6218
147 6338
147 7043
147 8011
147 9142
148 251
148 536
148 809
148 874
148 1721
148 3369
148 4110
148 5155
148 5752
148 5917
148 6342
148 8961
148 9689
149 218
149 2252
149 3928
149 4233
149 4978
149 7047
149 7405
149 8727
149 9040
149 9317
150 907
150 1101
150 1449
150 1592
150 2309
150 3068
150 4007
150 4580
150 4711
150 4716
150 5227
150 5512
150 7492
150 7521
150 8537
150 9121
150 9304
150 9542
151 1395
151 1532
151 1787
151 2988
151 3804
151 4072
151 5980
151 6243
151 8863
151 8966
151 9389
151 9464
152 361
152 2264
152 2345
152 2356
152 2793
152 3634
152 4862
152 5145
152 5433
152 5513
152 6926
152 7009
152 7265
152 8162
152 8332
152 8499
152 8648
152 9065
152 9099
152 9714
153 612
153 937
153 1871
153 2346
153 2541
153 2672
153 3185
153 3428
153 4708
153 6305
153 6789
153 8550
153 9657
153 9681
154 439
154 1105
154 2118
154 2481
154 4622
154 5213
154 6075
154 6373
154 9627
155 1492
155 1636
155 2606
155 3230
155 3292
155 3798
155 4113
155 4169
155 4838
155 5404
155 5888
155 6590
155 6685
155 6734
155 8457
155 8614
156 584
156 1300
156 1338
156 2419
156 2609
156 3234
156 3620
156 4273
156 4377
156 4729
156 5284
156 6564
156 6674
156 7096
156 7819
156 8099
156 8809
156 9182
157 2261
157 2292
157 2992
157 3441
157 4563
157 7451
157 8023
157 8112
158 505
158 1472
158 1691
158 2608
158 2625
158 3025
158 5211
158 7816
158 8053
158 8096
158 8118
158 8403
159 424
159 827
159 1045
159 1079
159 1366
159 1444
159 1911
159 2082
159 2991
159 6128
159 6912
159 6961
159 8154
159 8787
160 1666
160 1930
160 4783
160 4987
160 7319
160 7959
160 8126
160 8323
160 9175
161 357
161 515
161 1299
161 2146
161 3767
161 4208
161 4713
161 4921
161 4966
161 5912
161 6319
161 7355
161 8580
161 8585
161 8989
161 9673
162 809
162 817
162 970
162 2197
162 2522
162 3478
162 3960
162 4546
162 5372
162 5919
162 7001
162 7847
163 772
163 1904
163 2154
163 2599
163 2933
163 4015
163 4108
163 4700
163 5207
163 5839
163 7072
163 7100
163 9710
163 9946
164 353
164 395
164 613
164 806
164 2172
164 3096
164 3948
164 4639
164 6402
164 6953
164 7880
164 9678
165 239
165 877
165 1483
165 2220
165 2352
165 2403
165 3719
165 4054
165 5975
165 6662
165 6707
165 6990
165 7782
165 7857
165 8303
165 9104
165 9202
165 9577
165 9879
166 203
166 421
166 645
166 869
166 1466
166 3245
166 5252
166 5901
166 7232
166 7244
166 7315
166 7856
166 8552
166 8646
166 8770
166 8865
166 9733
167 168
167 592
167 1911
167 3726
167 6409
167 7449
167 8631
167 9491
168 1445
168 2155
168 2527
168 3402
168 4741
168 6282
168 7310
168 9377
168 9409
169 680
169 895
169 1115
169 1784
169 2180
169 2558
169 3397
169 3526
169 4630
169 4680
169 5117
169 5981
169 5994
169 7132
169 7808
169 8217
169 8878
169 9298
170 693
170 748
170 1868
170 2003
170 4038
170 4589
170 5107
170 5222
170 5463
170 7330
170 7764
170 8042
171 231
171 1387
171 1517
171 1986
171 3076
171 6815
171 7160
171 7277
171 7540
171 7562
171 7913
171 9828
172 420
172 769
172 3237
172 3882
172 4102
172 5257
172 6593
172 6684
172 7573
172 8349
172 8723
172 9819
173 418
173 1054
173 1596
173 1993
173 4205
173 5033
173 7234
173 7352
173 7597
173 7626
173 8029
173 8504
173 8674
174 414
174 1130
174 1377
174 1677
174 3056
174 4123
174 4197
174 4623
174 4817
174 4989
174 5459
174 5668
174 6432
174 6768
174 6777
174 7289
174 7917
174 9292
174 9824
175 1306
175 1990
175 7139
175 8618
176 449
176 530
176 2600
176 6114
176 7578
176 7896
176 8048
176 9248
176 9557
177 1431
177 2250
177 2321
177 3834
177 4327
177 4699
177 5021
177 5417
177 6854
177 7173
177 7311
177 7975
177 8800
177 8872
178 1353
178 2155
178 4335
178 4348
178 4376
178 4705
178 4884
178 5445
178 6189
178 6387
178 8268
179 440
179 497
179 995
179 1275
179 1576
179 1678
179 2050
179 2330
179 4133
179 4875
179 5371
179 6710
179 7527
179 9266
180 783
180 1350
180 3646
180 3891
180 4576
180 4642
180 5355
180 6980
180 7695
180 7884
180 9935
181 400
181 1637
181 2313
181 2825
181 5134
181 5578
181 6821
181 6984
181 9569
181 9603
182 227
182 654
182 807
182 878
182 2046
182 2112
182 2187
182 2445
182 2594
182 2634
182 3622
182 6215
182 6867
182 7624
182 8435
182 8554
182 9353
182 9559
182 9628
183 239
183 517
183 2104
183 2421
183 2580
183 4356
183 6337
183 6431
183 6981
183 9723
184 634
184 1468
184 2143
184 2598
184 2906
184 2914
184 3440
184 3491
184 4470
184 5288
184 5580
184 7121
184 9283
184 9313
185 334
185 1417
185 2215
185 2234
185 2390
185 2535
185 2591
185 3367
185 4690
185 4822
185 5008
185 5247
185 5621
185 5703
185 5704
185 6078
185 6727
185 7049
185 7636
185 8245
186 1355
186 2209
186 2896
186 3200
186 5326
186 6535
186 7944
186 8653
187 252
187 801
187 983
187 2872
187 3126
187 3979
187 5791
187 5859
187 6451
187 7718
187 7948
187 8130
187 9082
187 9676
187 9807
187 9903
188 715
188 5101
188 5977
188 6172
188 6490
188 7137
188 7151
188 7153
188 7914
188 8101
188 8493
188 8594
188 8876
189 358
189 1189
189 1882
189 2587
189 2889
189 4017
189 4608
189 7055
189 7141
189 7586
189 7990
189 8254
189 8400
190 729
190 1981
190 2295
190 2410
190 2695
190 4511
190 4807
190 6501
190 6838
190 7086
190 9669
190 9772
191 452
191 1011
191 2052
191 3343
191 4020
191 6960
191 7304
191 7416
191 7862
191 8160
191 8885
191 9558
191 9564
192 283
192 950
192 1871
192 3209
192 3577
192 4266
192 5732
192 6858
192 7247
192 8310
192 8713
193 772
193 1578
193 2116
193 2718
193 3253
193 4475
193 4806
193 5071
193 6100
193 6374
193 6436
193 6894
193 7292
193 7300
193 7617
193 7839
193 9865
194 368
194 688
194 4392
194 5890
194 6784
194 7580
194 8312
195 480
195 567
195 793
195 2959
195 3284
195 3498
195 4196
195 5169
195 7209
195 7991
195 9383
195 9434
195 9677
196 821
196 1137
196 1503
196 2382
196 4134
196 4893
196 5940
196 6548
196 6988
196 8021
197 1032
197 1041
197 1353
197 1495
197 3571
197 3724
197 4299
197 4980
197 5268
197 5744
197 5938
197 6870
197 7317
197 8246
197 8401
197 9062
198 464
198 855
198 2125
198 6074
198 6555
198 7511
198 7811
198 9090
198 9135
198 9915
199 573
199 950
199 1360
199 3120
199 3336
199 4657
199 5410
199 5564
199 7189
199 7291
199 7731
199 9469
199 9834
200 650
200 935
200 1757
200 2726
200 3040
200 3740
200 4393
200 7364
200 9162
200 9337
200 9778
200 9798
201 1243
201 1810
201 1996
201 2418
201 2885
201 3545
201 3576
201 3720
201 4648
201 4956
201 5693
201 6086
201 7124
201 8861
201 9152
202 1429
202 2537
202 3125
202 3272
202 3297
202 4572
202 4909
202 5723
202 7308
202 7380
202 7631
202 8035
203 457
203 1860
203 3790
203 6204
203 6652
203 7432
203 7885
203 8364
203 9194
203 9349
203 9408
203 9684
204 1604
204 2014
204 2266
204 4129
204 4874
204 4938
204 5143
204 5150
204 5302
204 5446
204 6053
204 6546
204 7140
204 7257
204 7608
205 1602
205 1765
205 1878
205 2731
205 5128
205 5475
205 5864
205 6896
205 8290
205 9340
205 9438
205 9653
206 378
206 927
206 1240
206 1520
206 3222
206 3334
206 4372
206 5342
206 5666
206 6568
206 8229
206 8514
206 9001
207 776
207 1311
207 2429
207 2958
207 2994
207 5491
207 6964
207 6997
207 7904
207 8037
207 8088
207 8835
208 398
208 542
208 1626
208 2997
208 3763
208 4239
208 8393
208 9588
209 1769
209 1953
209 3294
209 4809
209 5332
209 5694
209 5860
209 6434
209 6675
209 8764
210 484
210 1325
210 1918
210 2523
210 3750
210 4130
210 4478
210 5559
210 5618
210 5939
210 6323
210 6328
210 6493
210 6753
210 9272
210 9584
210 9702
211 1001
211 2037
211 2980
211 4670
211 4808
211 4953
211 5625
211 5964
211 6036
211 6665
211 8434
211 8950
212 727
212 2305
212 3183
212 3384
212 6879
212 8374
213 769
213 1013
213 1075
213 1729
213 2028
213 2260
213 2363
213 2840
213 2880
213 3189
213 4296
213 4301
213 4640
213 6242
213 8286
213 8568
213 9602
214 937
214 1221
214 1384
214 2790
214 4413
214 4939
214 5034
214 5035
214 5834
214 6795
214 9467
214 9809
215 729
215 876
215 1687
215 2579
215 3099
215 3412
215 4516
215 5013
215 5171
215 5236
215 5391
215 5948
215 6256
215 6928
215 7539
215 8050
215 9359
215 9999
216 378
216 4789
216 7538
216 8816
217 331
217 3632
217 6428
217 6921
217 7074
217 7253
217 7383
217 7523
217 8819
218 501
218 798
218 1512
218 2917
218 4090
218 4295
218 4297
218 6254
218 6378
218 6832
218 7106
218 7334
218 7371
219 1015
219 1163
219 1478
219 1528
219 1679
219 2325
219 5548
219 6350
219 6415
219 7392
219 7881
219 8103
219 8655
220 314
220 1995
220 2402
220 5457
220 5617
220 5643
220 6413
220 6452
220 6515
220 7705
220 8534
220 9401
221 458
221 467
221 989
221 2148
221 2554
221 2655
221 4416
221 6723
221 8194
221 8512
222 3988
222 4210
222 9687
222 9692
223 1028
223 1810
223 2374
223 4342
223 4536
223 6222
223 6239
223 7495
223 8205
223 8854
224 469
224 1315
224 2245
224 3938
224 4353
224 4906
224 6022
224 6125
224 6736
224 7532
224 8021
224 9696
225 1275
225 1555
225 2909
225 2932
225 3998
225 4193
225 4268
225 4457
225 4903
225 4944
225 7663
225 9805
226 898
226 2362
226 4525
226 4940
226 5057
226 5646
226 9134
226 9688
226 9769
227 2121
227 2582
227 3705
227 4168
227 4390
227 4786
227 7761
227 8765
227 8808
227 9708
228 2944
228 4890
228 5025
228 6864
228 7233
228 7835
228 7910
228 8045
228 8491
228 9128
228 9288
229 609
229 806
229 2339
229 5164
229 6740
229 8480
229 8495
229 9158
229 9267
230 269
230 1131
230 2033
230 2490
230 2584
230 3600
230 3753
230 4652
230 4928
230 6020
230 6187
230 8150
231 631
231 1178
231 1605
231 1805
231 2255
231 2475
231 2762
231 2864
231 3643
231 4723
231 6300
231 6405
231 6463
231 6633
232 2592
232 2739
232 2849
232 2965
232 3502
232 4049
232 6941
232 7177
232 7810
232 9147
232 9619
233 520
233 3861
233 4260
233 4980
233 7187
233 8104
233 8172
233 8360
233 8468
233 8645
233 9050
233 9369
233 9787
234 946
234 1714
234 3567
234 4337
234 4527
234 4607
234 4743
234 5250
234 6906
234 7584
234 8996
234 9070
234 9578
235 724
235 929
235 1697
235 1997
235 2244
235 4557
235 5181
235 6336
235 6923
235 6928
235 7698
236 658
236 1073
236 4031
236 5501
236 6317
236 6582
236 7438
236 8294
237 372
237 2712
237 3925
237 4738
237 4949
237 5380
237 7194
237 7288
237 7386
237 7655
238 478
238 595
238 1514
238 1790
238 2258
238 3003
238 3376
238 4053
238 4720
238 5434
238 5946
238 5987
238 8643
238 9301
239 1900
239 2571
239 3912
239 5324
239 5533
239 5751
239 5997
239 6423
239 8277
239 9166
240 496
240 1305
240 1496
240 1564
240 1685
240 2268
240 2361
240 4112
240 4176
240 4575
240 4727
240 6461
240 6475
240 7110
240 7905
240 7930
241 455
241 686
241 1035
241 2367
241 3000
241 4003
241 5460
241 5537
241 5700
241 6004
241 7182
241 9239
242 1079
242 1119
242 2518
242 2888
242 3280
242 3522
242 5027
242 6569
242 9199
242 9533
243 390
243 1438
243 1738
243 1826
243 2915
243 3660
243 6263
243 6496
243 8613
243 8799
244 1048
244 1181
244 2300
244 3095
244 3859
244 4025
244 5422
244 5496
244 7327
244 7855
245 744
245 876
245 3538
245 3597
245 3862
245 4030
245 4207
245 6069
245 6162
245 6416
245 6711
245 6716
245 7717
245 9367
245 9447
246 2724
246 3818
246 4750
246 5020
246 5168
246 8069
246 8319
246 8421
247 1123
247 1266
247 3084
247 4526
247 5063
247 5861
247 6748
247 7822
247 8266
247 8385
247 9411
248 345
248 1232
248 2856
248 3192
248 3475
248 3713
248 4746
248 6607
248 7076
248 7185
248 7579
248 8028
248 8445
248 8584
248 8925
248 9493
249 724
249 992
249 1660
249 1798
249 1992
249 2447
249 2650
249 2913
249 3543
249 5696
249 7770
249 8524
249 8939
249 8974
250 361
250 1994
250 2952
250 3089
250 5358
250 5670
250 6454
250 6952
250 8004
250 8134
250 8482
250 9364
250 9425
251 1928
251 2053
251 2307
251 2449
251 3878
251 5889
251 7163
251 7345
251 7966
251 8342
251 8441
251 8572
251 8588
252 370
252 2103
252 4107
252 4480
252 5325
252 6641
252 6829
252 7120
252 7403
252 8513
252 8695
252 8991
252 9004
252 9007
253 451
253 521
253 1793
253 2035
253 2974
253 3228
253 3515
253 4730
253 5176
253 5341
253 7077
253 8549
253 9127
254 1139
254 1557
254 2937
254 2978
254 3670
254 4144
254 4517
254 5174
254 8914
254 9122
255 478
255 1076
255 2789
255 2884
255 6321
255 9748
256 456
256 1085
256 3085
256 3711
256 4535
256 4881
256 5332
256 5925
256 6154
256 6306
256 9247
257 873
257 1440
257 2004
257 4067
257 4257
257 5184
257 6019
257 7267
257 8577
257 9012
258 1765
258 1967
258 2132
258 2796
258 3118
258 3221
258 4420
258 4539
258 5113
258 5237
258 6714
258 6983
258 7294
258 8440
258 8564
259 829
259 854
259 1710
259 2696
259 3894
259 4271
259 4650
259 5692
259 6044
259 6596
259 7053
259 8711
260 852
260 2310
260 4026
260 4088
260 5201
260 5277
260 7342
260 8079
260 8218
261 955
261 1931
261 3020
261 3031
261 3128
261 3583
261 4992
261 5267
261 5311
261 5541
261 6959
261 8616
262 390
262 471
262 731
262 888
262 2811
262 3129
262 3690
262 3866
262 4243
262 4728
262 5204
262 5294
262 5489
262 5695
262 6320
262 6357
262 7560
262 8627
262 8756
262 9822
263 551
263 1805
263 3421
263 6798
263 7853
263 8207
263 8511
263 9338
263 9861
263 9937
264 323
264 386
264 533
264 1710
264 2018
264 2427
264 6293
264 7418
264 7721
264 9410
264 9570
264 9645
265 837
265 3701
265 5685
265 6058
265 6280
265 8210
265 8852
266 305
266 727
266 732
266 1056
266 1775
266 3612
266 4185
266 4264
266 4777
266 7651
266 9274
266 9964
266 9978
267 2611
267 3233
267 3880
267 3958
267 4073
267 4724
267 4851
267 5455
267 5701
267 6178
267 7054
267 7981
267 9282
268 799
268 1019
268 1047
268 1332
268 1368
268 1734
268 1864
268 2361
268 2860
268 2907
268 4224
268 6138
268 6657
268 6730
268 7517
268 7844
268 9024
269 407
269 4595
269 5660
269 6037
269 8121
269 9481
269 9910
270 611
270 1276
270 3453
270 3611
270 5050
270 5320
270 8444
270 8668
270 8900
270 9913
271 284
271 362
271 675
271 896
271 2969
271 3890
271 3980
271 5918
271 6227
271 7258
271 7673
271 8239
271 8247
271 9319
272 323
272 672
272 1543
272 4918
272 4998
272 6595
272 6786
272 6895
272 8300
272 8687
273 407
273 1521
273 2011
273 2548
273 2936
273 3216
273 3523
273 4236
273 4246
273 4543
273 4586
273 5665
273 7052
273 7116
273 8281
273 8345
273 8459
273 8720
273 8973
274 278
274 1359
274 1777
274 2239
274 3641
274 3723
274 5937
274 6088
274 9141
275 666
275 1203
275 1399
275 1704
275 1719
275 3817
275 4827
275 5241
275 6024
275 7702
275 7776
275 9178
276 1327
276 2290
276 3078
276 3300
276 3444
276 5029
276 5051
276 5074
276 5300
276 6112
276 6966
276 7078
276 7278
276 8405
276 8830
276 9453
277 711
277 1760
277 2128
277 3283
277 3326
277 3714
277 4184
277 4319
277 5427
277 7526
277 7974
277 9400
278 1024
278 1767
278 1906
278 2828
278 2960
278 5291
278 5436
278 6427
278 9149
278 9514
279 1220
279 1252
279 1460
279 1869
279 2495
279 2681
279 3027
279 3647
279 4014
279 5056
279 5431
279 7368
279 8040
279 9755
280 1207
280 1590
280 2001
280 3009
280 3112
280 3734
280 6105
280 6613
280 7837
281 1063
281 1136
281 2117
281 3507
281 5549
281 5725
281 6379
281 7062
281 8455
281 8547
281 9928
282 1034
282 3625
282 7534
282 7941
282 8328
282 8542
283 287
283 453
283 1847
283 2875
283 3509
283 3604
283 3892
283 3995
283 4682
283 4735
283 6389
284 2023
284 4338
284 7135
284 7477
284 9077
284 9670
285 2195
285 3054
285 3684
285 3924
285 4526
285 4633
286 1127
286 2366
286 2412
286 3672
286 4155
286 5783
286 5944
286 7091
286 8760
286 9529
287 1167
287 1401
287 3978
287 5042
287 5672
287 5798
287 7131
287 8041
287 9654
287 9983
288 579
288 996
288 1367
288 3024
288 3974
288 5140
288 5734
288 6197
288 7273
288 7323
288 8634
289 917
289 1562
289 1773
289 1938
289 2561
289 3868
289 4046
289 4381
289 4984
289 5466
289 5973
289 7129
289 7344
289 7353
289 7603
289 7957
289 9511
290 1290
290 4877
290 5795
290 6135
290 6597
290 7963
290 8412
290 8669
290 8690
290 9230
290 9816
291 848
291 4167
291 8317
291 8414
291 8742
291 8879
291 9817
291 9902
291 9914
292 1171
292 1266
292 2457
292 3816
292 4471
292 5235
292 7582
292 8623
293 544
293 571
293 722
293 2533
293 2739
293 3637
293 3923
293 4553
293 6844
293 7162
293 7441
294 1396
294 1826
294 2784
294 5448
294 8638
294 9547
294 9980
295 300
295 794
295 2638
295 3168
295 3799
295 5400
295 6179
295 6820
295 7709
295 7730
295 8139
295 9961
295 9998
296 704
296 3808
296 4284
296 4952
296 6583
296 9061
296 9954
297 3536
297 3807
297 6107
297 6211
297 6659
297 7947
297 8478
297 9801
298 365
298 1929
298 2636
298 4179
298 4481
298 4918
298 5819
298 8954
299 1270
299 2661
299 3111
299 3464
299 5923
299 6418
299 9548
299 9812
300 1055
300 1591
300 2144
300 5301
300 5405
300 5731
300 6543
300 7156
300 7545
301 699
301 1219
301 1488
301 2151
301 2336
301 3931
301 4492
301 5598
301 5760
301 6560
301 6803
301 7026
301 8761
302 1310
302 6220
302 6683
302 7769
302 7882
302 8201
302 9429
303 1773
303 2076
303 4016
303 5654
303 5957
303 6054
303 6658
303 8007
303 8731
303 9118
303 9746
304 574
304 2859
304 3213
304 5047
304 5633
304 6063
304 7007
304 9977
305 632
305 899
305 1629
305 2622
305 2922
305 4068
305 4519
305 6322
305 6833
305 8563
305 8600
305 9083
305 9866
306 518
306 2030
306 3553
306 5939
306 6141
306 6761
306 7146
306 7983
306 8149
306 8622
306 9200
307 673
307 1906
307 3063
307 6333
307 8749
308 394
308 561
308 819
308 1026
308 2993
308 3768
308 5442
308 6884
308 7239
308 8545
308 9044
308 9192
309 1525
309 2070
309 2358
309 3331
309 4203
309 6031
309 6456
309 8185
309 9177
309 9525
309 9609
310 842
310 1160
310 2176
310 2262
310 5566
310 6779
310 8136
310 8792
311 1983
311 6283
311 9233
311 9485
312 2461
312 2791
312 3240
312 3318
312 3646
312 3876
312 7097
312 7220
312 7699
312 8839
312 9437
312 9891
313 385
313 445
313 1498
313 1717
313 1856
313 2238
313 4161
313 4232
313 6785
313 8203
313 9096
313 9371
313 9582
314 775
314 2931
314 3727
314 9180
315 644
315 1044
315 2640
315 3187
315 3252
315 3419
315 3863
315 5185
315 5504
315 5909
315 6849
315 8298
315 8748
315 9435
316 2727
316 3059
316 3226
316 3653
316 4577
316 6332
316 7068
316 7519
317 3605
317 3699
317 4554
317 4938
317 5950
317 6309
317 6410
317 7544
317 8490
318 762
318 815
318 2228
318 3098
318 6015
318 6904
318 8972
318 9971
319 1226
319 1274
319 2149
319 2464
319 2486
319 2631
319 3675
319 4298
319 4473
319 4847
319 5060
319 5781
319 6366
319 9309
320 1150
320 1765
320 2200
320 2686
320 3100
320 4836
320 5402
320 6070
320 7104
320 7660
320 7661
321 374
321 751
321 2405
321 2446
321 3638
321 5805
321 6090
321 6106
321 6511
321 6845
321 9901
322 435
322 1241
322 1849
322 2674
322 3301
322 3305
322 3415
322 5043
322 5774
322 7357
322 7385
322 8387
322 9933
323 2329
323 3581
323 3941
323 4482
323 8426
323 9446
323 9463
323 9952
324 459
324 987
324 2954
324 3935
324 5118
324 7351
324 7496
324 8476
324 9238
325 7025
325 7354
325 9279
326 801
326 1341
326 2990
326 3190
326 4702
326 4911
326 4923
326 5921
326 7921
326 8285
326 9623
326 9853
327 708
327 1019
327 1619
327 1642
327 2233
327 2852
327 4147
327 5432
328 927
328 1776
328 2333
328 3043
328 3849
328 5655
328 6151
328 7283
328 7788
328 8533
328 8728
328 8788
329 926
329 1574
329 1755
329 3680
329 3991
329 5065
329 5111
329 5426
329 5586
329 6163
329 9091
330 335
330 500
330 1923
330 2602
330 3494
330 9718
331 1159
331 1371
331 3308
331 4584
331 4767
331 4790
331 5831
331 9579
332 548
332 668
332 1138
332 2191
332 2275
332 3151
332 3254
332 4010
332 5941
332 6580
332 8315
332 8951
332 9153
332 9480
333 514
333 959
333 1162
333 1587
333 2807
333 4367
333 6646
333 7203
333 9899
334 1623
334 1749
334 1950
334 2501
334 4191
334 4378
334 4931
334 5488
334 9741
335 1286
335 4905
335 5883
335 7228
335 9067
335 9310
335 9494
336 1205
336 1912
336 2029
336 2090
336 3119
336 4406
336 5287
336 6598
336 8378
336 9005
336 9620
336 9671
336 9981
337 882
337 2614
337 3196
337 4274
337 4380
337 5215
337 9235
338 1153
338 1300
338 1675
338 1824
338 2027
338 2484
338 2652
338 4926
338 5154
338 5881
338 8005
338 8660
339 389
339 1614
339 2067
339 2137
339 2291
339 2563
339 3274
339 3473
339 4532
339 4819
339 6556
339 7894
339 8381
339 9092
340 875
340 922
340 1312
340 2024
340 3143
340 3916
340 4215
340 8114
340 8899
340 9666
340 9907
341 1497
341 2101
341 3346
341 5018
341 7329
341 9610
341 9650
342 373
342 382
342 3150
342 6046
342 6826
342 7134
342 7406
342 9567
343 1419
343 1866
343 3608
343 4286
343 5808
343 5835
343 6035
343 7973
343 9297
343 9378
344 601
344 6900
344 7259
344 8522
344 9360
345 2287
345 2617
345 2815
345 3454
345 3569
345 3602
345 3872
345 5542
345 5815
345 8175
345 8422
345 8518
345 8984
345 9399
345 9490
346 966
346 1395
346 2676
346 3697
346 4961
346 5316
346 6050
346 8661
346 9944
347 357
347 765
347 1202
347 3286
347 4037
347 4668
347 5151
347 5593
347 5647
347 6978
347 9174
348 568
348 1087
348 3184
348 3319
348 5931
348 7435
348 9970
349 2564
349 2581
349 2860
349 3855
349 5085
349 7929
349 8639
349 8672
350 547
350 1331
350 1744
350 3155
350 3807
350 3959
350 6184
350 7668
350 9535
351 973
351 1227
351 1377
351 2759
351 2816
351 3121
351 3438
351 6433
351 7318
351 7694
351 8994
351 9672
351 9922
352 598
352 993
352 1536
352 1618
352 2245
352 3030
352 3944
352 4033
352 4263
352 7263
352 7714
352 8025
352 8420
352 8804
353 2462
353 2612
353 3820
353 4983
353 7186
353 9374
354 1312
354 1625
354 2156
354 2282
354 2521
354 2657
354 3624
354 7618
354 8331
354 8555
355 356
355 1815
355 3134
355 3518
355 3739
355 4076
355 5202
355 6902
355 6954
355 7747
355 8311
355 9840
356 1439
356 2347
356 2890
356 3858
356 4262
356 4982
356 6092
356 6180
356 6372
356 6425
357 580
357 1283
357 1410
357 1617
357 1718
357 1945
357 2725
357 4070
357 4249
357 4747
357 4990
357 7331
357 7999
357 9293
358 380
358 2752
358 3050
358 3709
358 6150
358 9799
359 555
359 634
359 1250
359 1530
359 3122
359 3741
359 4080
359 4357
359 4626
359 6942
359 7452
359 7592
359 7736
360 532
360 870
360 5265
360 5298
360 5381
360 6559
360 7614
360 7771
360 9571
361 1319
361 1385
361 1573
361 2105
361 2365
361 2610
361 5708
361 5785
361 9649
362 1233
362 3495
362 7198
363 390
363 1390
363 2544
363 2649
363 4619
363 8740
364 1443
364 4122
364 7370
364 7805
364 9461
364 9713
364 9851
365 657
365 1334
365 1812
365 3146
365 3375
365 4513
366 919
366 1210
366 1729
366 1914
366 2240
366 7481
366 9381
367 2858
367 4789
367 6487
367 6642
367 7520
367 7609
367 8373
367 9474
367 9829
367 9830
368 4451
368 4791
368 5177
368 7050
368 8587
368 9041
368 9502
369 1457
369 1541
369 2284
369 2953
369 3975
369 5575
369 6444
369 7303
369 7615
369 7798
369 8928
369 8952
369 8978
370 651
370 2213
370 3033
370 3044
370 3754
370 3965
370 4625
370 5558
370 5978
370 6209
370 6865
370 7367
370 8358
370 8606
370 8666
370 9726
371 554
371 636
371 2131
371 2533
371 3101
371 3366
371 6301
371 6558
371 6788
371 7254
371 8248
371 9299
371 9562
371 9644
371 9832
372 2414
372 3481
372 5083
372 5418
372 6329
372 6502
372 8071
372 8918
373 2545
373 3784
373 5520
373 6945
373 8008
373 8460
374 1480
374 4675
374 4859
374 8780
374 9668
375 1674
375 2486
375 2719
375 7424
375 7459
375 8641
375 8985
375 9280
376 827
376 1170
376 1831
376 2190
376 3805
376 4846
376 6023
376 9492
377 1129
377 4095
377 4528
377 9216
377 9448
377 9837
378 2216
378 3246
378 4922
378 5290
378 5706
378 6190
378 6261
378 7976
378 8014
378 8741
378 8779
378 9697
379 1426
379 1757
379 1846
379 2084
379 3457
379 4811
379 4971
379 5078
379 5115
379 5351
379 9089
380 2231
380 6395
380 7269
380 9747
381 395
381 3977
381 4375
381 5304
381 5678
381 6124
381 7863
382 904
382 2152
382 4522
382 5000
382 6503
382 6767
382 8437
382 9321
383 873
383 1910
383 2788
383 3064
383 3070
383 3091
383 3721
383 4515
383 6541
383 7070
383 7346
383 9721
384 1588
384 1739
384 4306
384 4929
384 6414
384 7335
384 7372
384 9076
385 576
385 853
385 2281
385 3561
385 3758
385 4744
385 5443
385 5754
385 6504
385 6687
385 7048
385 8590
385 8743
385 8824
386 2378
386 2868
386 3560
386 4036
386 8083
386 8501
386 8791
386 9679
387 778
387 1348
387 1378
387 2400
387 2672
387 4294
387 7149
387 8901
387 9897
388 1073
388 1096
388 1433
388 2110
388 3788
388 4609
388 7356
388 7701
389 2452
389 2783
389 3485
389 8073
389 9775
389 9894
390 558
390 2492
390 5017
390 6406
390 6450
390 8043
390 8325
390 9181
391 504
391 621
391 2411
391 3362
391 3380
391 5832
391 6182
391 8747
391 8968
391 9976
392 1215
392 3000
392 6604
392 8442
392 9370
393 1880
393 2630
393 2912
393 7632
393 8183
393 9629
394 1791
394 2179
394 2398
394 4908
394 8278
394 9587
395 2433
395 5110
395 6958
395 7251
395 8615
395 8937
395 8964
395 9884
396 798
396 1811
396 2263
396 3853
396 4828
396 4950
396 4970
396 6805
396 7379
397 893
397 3085
397 4693
397 5263
397 7491
398 702
398 5356
398 6408
398 7414
398 8307
398 8314
398 8531
398 9243
398 9690
399 910
399 1092
399 1502
399 2279
399 4354
399 4855
399 5296
399 7298
399 8610
399 9938
400 669
400 3104
400 3836
400 5766
400 6404
400 8519
400 9483
401 1010
401 3636
401 4363
401 7119
401 8658
401 9642
402 2923
402 4549
402 4937
402 5961
402 6791
402 7879
402 9159
403 418
403 1201
403 2124
403 3559
403 9396
404 866
404 971
404 2323
404 3075
404 3687
404 3789
404 3898
404 6085
404 6962
404 7316
404 8509
405 1500
405 1936
405 1955
405 2084
405 2119
405 3797
405 4477
405 4841
405 8012
405 8558
405 9398
406 521
406 863
406 1577
406 3352
406 4312
406 4382
406 5583
406 6982
407 1098
407 4217
407 5630
407 7133
407 7792
407 9026
408 719
408 3077
408 4139
408 4313
408 4326
408 8094
408 8449
409 1005
409 1010
409 1337
409 1339
409 1613
409 2334
409 2871
409 3333
409 4412
409 4504
409 7083
409 8520
409 9962
410 624
410 782
410 1089
410 2521
410 2679
410 4149
410 4254
410 5348
410 6005
410 6081
410 6228
411 518
411 524
411 2662
411 3607
411 3671
411 7732
411 7869
412 743
412 1000
412 1001
412 2079
412 2439
412 3266
412 4279
412 4737
412 5724
412 8962
412 9886
413 1860
413 2975
413 3527
413 3913
413 4891
413 5278
413 5451
413 6703
413 7333
413 8010
413 8235
414 725
414 758
414 1420
414 1783
414 1951
414 8995
415 619
415 2778
415 3227
415 4592
415 4991
415 5845
415 7358
415 9208
415 9608
416 2647
416 2881
416 5233
416 7210
416 8044
416 8182
416 8886
417 430
417 615
417 725
417 1071
417 1582
417 4021
417 5622
417 7022
418 642
418 792
418 1016
418 2304
418 5062
418 5966
418 6552
418 6610
418 6843
418 8003
418 9022
418 9751
419 546
419 552
419 924
419 1728
419 2063
419 3832
419 4069
419 4520
419 4916
419 5719
419 6225
419 6619
419 7272
419 8551
419 8896
419 9762
419 9857
420 1862
420 1964
420 4858
420 5762
420 6806
420 6920
420 7713
420 9286
420 9951
421 3426
421 3850
421 7123
421 7302
422 466
422 725
422 2164
422 5179
422 5635
422 5664
422 5856
422 6457
422 6986
422 6999
422 7548
422 7598
423 809
423 939
423 3053
423 3488
423 4151
423 4244
423 8855
423 9898
424 1081
424 2961
424 3399
424 8947
425 1567
425 1872
425 2717
425 3824
425 5030
425 6130
425 7737
425 8715
426 3702
426 5180
426 5979
426 6055
426 7836
426 8462
426 9307
426 9893
427 1531
427 1944
427 3387
427 3665
427 3673
427 9727
428 462
428 1487
428 4582
428 4649
428 5830
428 7107
428 8233
428 8465
428 9354
428 9520
429 815
429 1861
429 2559
429 3967
429 5087
429 5713
429 6599
429 6644
429 7444
429 7463
429 7756
430 2169
430 3347
431 486
431 2280
431 2741
431 2746
431 4599
431 5144
431 6469
431 6492
431 7360
431 7706
431 8927
431 9016
431 9764
432 1210
432 1308
432 2237
432 2420
432 4159
432 7412
433 1229
433 2887
433 5749
433 7749
433 8188
433 9173
433 9275
434 597
434 1210
434 2008
434 2792
434 3057
434 3946
434 4537
434 4995
434 7196
435 1835
435 2734
435 5425
435 5661
435 6072
435 6500
435 7397
435 7842
436 465
436 1067
436 8368
436 9261
436 9888
436 9892
437 1143
437 1520
437 2416
437 6741
437 7807
437 8611
437 8942
437 9330
437 9568
438 1392
438 4574
438 4752
438 7720
438 8919
438 9591
439 1774
439 2342
439 6157
439 8138
440 1088
440 1770
440 2061
440 3949
440 5562
440 6246
440 7958
440 8853
440 9698
441 1325
441 3371
441 4999
441 7325
441 8790
442 699
442 1329
442 2663
442 3092
442 3503
442 3907
442 5529
442 5990
442 6358
442 7685
443 1509
443 2125
443 3410
443 3570
443 3645
443 4509
443 4631
443 5070
443 6468
443 6479
443 7172
443 9479
444 580
444 1100
444 1184
444 1893
444 3982
444 4230
444 6026
444 7065
444 8651
444 9170
445 2219
445 3002
445 3249
445 4303
445 8237
445 9745
446 753
446 1130
446 1195
446 1267
446 1412
446 2879
446 3649
446 4665
446 5605
446 5932
446 7299
446 7396
446 9052
446 9424
446 9495
447 3168
447 3258
447 4386
447 4915
447 4997
447 9145
448 746
448 1553
448 4436
448 4695
448 5406
448 7409
448 7689
448 8256
448 8702
448 9856
449 3772
449 5799
449 6286
449 6899
449 6989
449 7815
449 7940
449 9146
450 1418
450 4096
450 4346
450 4781
450 5522
450 6176
450 6512
450 7093
450 7670
450 8179
450 9269
451 1632
451 2623
451 5735
451 5767
451 6719
451 6782
451 7111
451 7138
451 9821
451 9880
452 1204
452 2493
452 5904
452 6049
452 7095
452 8917
453 2857
453 4400
453 4696
453 4779
453 5094
453 7450
453 7455
453 8724
453 9790
453 9908
454 492
454 1963
454 3005
454 4282
454 5069
454 5875
454 6898
454 9193
454 9950
455 472
455 1939
455 2671
455 3311
455 8453
456 811
456 3141
456 4383
456 6810
456 6943
456 8451
456 9600
457 1122
457 2768
457 5005
457 7170
457 8231
457 8443
457 8515
458 2970
458 3037
458 3756
458 3839
458 4398
458 4446
458 6519
458 6905
458 7157
458 7242
458 7992
458 9441
459 3011
459 3685
459 6230
459 7612
459 7931
459 8051
459 9035
459 9277
460 551
460 900
460 3370
460 6497
460 7590
460 7630
460 8085
460 8180
460 9036
460 9271
461 628
461 755
461 1506
461 3800
461 4455
461 5124
461 5842
461 7682
461 8158
461 8338
461 8793
461 9084
461 9237
462 1732
462 2094
462 2320
462 2567
462 3238
462 3541
462 6848
462 7390
462 7659
463 1063
463 2317
463 5675
463 6116
463 6295
464 756
464 795
464 2022
464 3164
464 3194
464 5596
465 710
465 4368
465 4864
465 5411
465 5854
465 6200
466 1065
466 1403
466 1965
466 2971
466 3392
466 7994
466 9749
467 2693
467 4011
467 6394
467 6702
467 6758
467 8992
468 1693
468 2531
468 5127
468 6009
468 8081
468 8576
468 8908
468 9254
469 912
469 1551
469 1978
469 5259
469 5414
469 5584
469 7619
469 7780
469 8020
470 510
470 1107
470 1225
470 2737
470 2822
470 3116
470 6245
470 6587
471 940
471 1140
471 1548
471 2685
471 4531
471 4681
471 7576
471 7742
471 9231
471 9430
471 9513
472 1539
472 3045
472 3957
472 4190
472 4840
472 5836
472 7165
472 7916
472 8302
472 9752
472 9873
473 1747
473 2462
473 3279
473 3642
473 5099
473 6269
474 2170
474 2354
474 5851
474 6147
475 1070
475 7387
475 7763
475 7933
475 8767
475 9056
475 9219
476 2231
476 2353
476 6626
476 6949
476 8448
476 8497
477 642
477 1415
477 3381
477 4620
477 5187
477 5968
477 6134
477 7735
477 9534
477 9919
478 491
478 1516
478 2814
478 6174
478 6670
478 7796
478 8078
478 9332
479 553
479 1800
479 2682
479 3394
479 5312
479 9756
480 1745
480 1905
480 3513
480 3544
480 3819
480 4968
480 5444
480 8450
480 8573
480 9343
481 1260
481 1583
481 1687
481 2086
481 5820
481 5934
481 6202
481 7633
482 491
482 1463
482 2286
482 2436
482 2678
482 2806
482 2966
482 4213
482 4343
482 5350
482 5469
483 1073
483 1146
483 1546
483 1743
483 2397
483 3899
483 4136
483 7420
484 2007
484 5862
484 8223
484 8979
484 9068
485 2765
485 3404
485 3780
485 6728
485 9612
486 655
486 1112
486 2247
486 2827
486 2894
486 9314
486 9348
487 1230
487 1332
487 1388
487 1801
487 5203
487 6614
487 8326
487 9871
488 2097
488 3463
488 4885
488 5614
488 6260
488 6462
488 6609
488 8595
488 8922
489 908
489 1068
489 1526
489 6048
489 6909
490 1877
490 2710
490 4278
490 4497
490 6136
490 6477
490 6654
490 6936
490 8090
490 9133
490 9522
491 982
491 1665
491 2639
491 4569
491 5195
491 5649
491 5721
491 6485
491 7971
491 8428
491 9025
491 9081
492 1857
492 1976
492 4500
492 4869
492 6296
492 7458
492 7567
493 769
493 1698
493 2051
493 2720
493 2903
493 3409
493 4314
493 5240
493 8432
493 8637
493 9794
494 611
494 3145
494 3320
494 3762
494 5162
494 6175
494 6420
495 1118
495 1545
495 1655
495 3484
495 3500
495 3511
495 5764
495 7125
495 8209
496 1257
496 3107
496 5139
496 8084
497 549
497 1212
497 3596
497 4137
497 5897
497 6255
497 9555
498 857
498 890
498 1177
498 2031
498 3590
498 9021
498 9722
499 661
499 1236
499 2963
499 8189
499 8492
499 9323
500 1110
500 1854
500 5474
500 5582
500 6214
500 6353
500 7410
500 7470
500 8963
501 2596
501 5476
501 5551
501 5809
501 6396
502 646
502 915
502 2384
502 2692
502 4797
502 9365
503 1226
503 4458
503 4460
503 6294
503 6470
503 8334
504 600
504 1190
504 1709
504 1762
504 3706
504 4993
504 5374
504 7099
504 7212
504 7503
505 796
505 1084
505 2185
505 4459
505 6153
505 7188
506 730
506 2648
506 2773
506 3214
506 3327
506 4776
506 4889
506 5949
506 7030
506 7225
506 9160
507 1106
507 1782
507 3335
507 3827
507 3956
507 4679
507 5239
507 5958
507 6985
507 8848
508 2055
508 2156
508 2901
508 3550
508 6145
508 7786
509 1203
509 2632
509 5600
509 5667
509 7485
510 608
510 3163
510 9165
511 1684
511 3573
511 4186
511 7542
512 1755
512 3332
512 3791
512 5629
512 8701
512 8750
512 9791
513 712
513 1061
513 5041
513 5500
513 6474
513 6577
513 8157
513 8253
513 8619
514 969
514 2232
514 2542
514 2770
514 4428
514 9685
515 1825
515 6330
515 6616
515 9836
516 1328
516 1593
516 4964
516 5951
516 9032
516 9255
517 868
517 5390
517 6915
517 7692
517 8022
517 8163
517 8912
518 839
518 3130
518 3506
518 3695
518 4602
518 5142
518 9960
519 3573
519 7594
519 7888
519 8375
519 9613
520 1870
520 1960
520 2776
520 2845
520 4726
520 5398
520 6545
520 8047
520 8944
521 1404
521 2194
521 2550
521 3390
521 4823
521 7205
521 8415
522 781
522 1166
522 1333
522 1879
522 2498
522 4604
522 5992
522 7989
522 9420
523 820
523 1063
523 2503
523 2799
523 2920
523 3229
523 3663
523 5720
523 6401
523 7942
523 9143
524 566
524 2603
524 3900
524 5080
524 5477
524 5555
524 7284
524 7555
524 9100
524 9335
524 9394
524 9598
525 886
525 1117
525 1598
525 2096
525 2267
525 2923
525 3688
525 4189
525 9709
526 1636
526 1956
526 3700
526 3997
526 5616
526 7426
526 8494
526 9144
527 1957
527 2068
527 4442
527 4717
527 6265
527 8058
527 9771
528 1264
528 1697
528 2832
528 4142
528 5439
528 7145
528 7965
528 8187
528 9136
528 9457
529 3047
529 4052
529 4078
529 4495
529 6346
529 7890
530 4542
530 5702
530 7733
530 9507
530 9878
531 1362
531 2356
531 4206
531 4588
531 5100
531 5317
531 9421
532 556
532 865
532 3264
532 3764
532 4487
532 5571
532 5908
532 8849
533 679
533 942
533 1768
533 2069
533 2293
533 3302
533 3655
533 4452
533 5758
533 5902
533 8367
533 9695
533 9754
534 1007
534 1811
534 2846
534 3074
534 3549
534 5423
534 7454
534 7596
534 8117
534 8129
534 8836
535 722
535 1099
535 1484
535 2113
535 7439
535 8652
535 9993
536 5388
536 5790
536 6481
536 7569
537 5497
537 5508
537 5682
537 7401
537 8644
537 8870
538 842
538 2460
538 5106
538 5453
538 6066
538 7980
538 8601
538 8688
538 8782
538 9459
539 786
539 1508
539 2072
539 2099
539 3142
539 3465
539 4309
539 4332
539 5707
539 5953
539 6191
539 6297
539 6562
539 7928
539 9171
539 9252
540 3851
540 3961
540 4456
540 4974
540 6498
540 7680
540 8785
540 9503
541 2871
541 3310
541 3972
541 4250
541 4561
541 5330
541 6012
541 8236
541 9488
542 5438
542 7864
542 8474
543 808
543 2738
543 6901
543 9615
543 9728
543 9921
544 1907
544 2882
544 3964
544 4643
544 4996
544 7461
544 8145
545 2714
545 3164
545 4570
545 5251
545 7970
545 8072
545 8805
546 2432
546 5528
546 5626
546 6248
546 7516
546 7524
546 7886
546 9049
547 2020
547 4479
547 7000
547 8768
547 8773
548 767
548 2009
548 3291
548 8016
548 8394
548 8521
548 8821
548 9416
549 602
549 620
549 3616
549 3986
549 5125
549 7004
549 7739
549 8833
550 1108
550 1686
550 2505
550 2613
550 3344
550 3954
550 5349
550 6680
550 6764
550 7639
550 7978
550 8292
550 9992
551 3773
551 5855
551 7953
552 901
552 2017
552 2071
552 8858
553 2357
553 3218
553 4402
553 6524
553 6735
553 7180
553 7547
553 9339
554 1622
554 2316
554 2479
554 2982
554 4138
554 7427
554 8059
555 4121
555 5599
555 6290
555 7045
555 7505
556 2549
556 5722
556 6467
556 7174
556 9327
556 9606
557 1350
557 2867
557 4083
557 6062
557 7951
557 8671
558 825
558 1381
558 3149
558 3281
558 5157
558 6938
559 715
559 958
559 2038
559 2930
559 4759
559 5126
559 5210
559 5789
559 6426
559 7015
559 7108
559 7604
559 8982
560 1043
560 1245
560 2147
560 3712
560 4441
560 6631
560 8346
560 8608
560 9264
561 2941
561 3363
561 4559
561 5340
561 5357
561 9475
562 1284
562 1694
562 1827
562 3179
562 3443
562 3668
562 6166
562 7337
563 653
563 1362
563 1524
563 4505
563 4972
563 5916
564 933
564 1250
564 4969
564 8986
565 1584
565 2482
565 2994
565 3504
565 3812
565 5998
565 6638
565 6998
565 7037
565 7128
565 8758
566 585
566 1157
566 1657
566 3321
566 4541
566 5821
566 7704
566 8306
566 9003
566 9019
567 1053
567 3391
567 3398
567 5353
567 6653
567 9331
568 1411
568 3593
568 7806
569 913
569 1274
569 5225
569 8354
569 9290
570 3619
570 3844
570 4612
570 6326
570 6640
570 8553
570 9281
570 9742
571 2761
571 3138
571 4114
571 6002
571 6781
571 9512
572 986
572 3848
572 6160
573 985
573 1473
573 4043
573 5674
573 7262
573 8734
574 2174
574 3489
575 1789
575 2878
575 2963
575 4872
575 5786
575 6007
575 8282
575 9186
576 1268
576 1962
576 2804
576 4328
576 5568
576 8192
577 723
577 769
577 1175
577 3510
577 4087
577 7664
578 906
578 2480
578 3792
578 5084
578 5775
578 7897
579 6216
580 2589
580 3358
580 4248
580 4954
580 6080
580 7171
581 761
581 1848
581 3054
581 6746
581 7332
581 9054
582 4322
582 5121
582 5563
582 6836
582 7087
582 7561
582 8699
582 8706
582 8905
582 9060
582 9445
582 9841
583 1209
583 4027
583 5873
583 6327
583 7478
583 7674
584 7708
584 7927
584 8738
584 9958
585 3186
585 4942
585 5991
585 7514
585 8470
585 8866
585 9444
586 603
586 997
586 3338
586 5711
586 8251
587 1548
587 1788
587 2140
587 7027
587 8906
587 8969
587 9101
588 1010
588 1610
588 3860
588 4780
588 5303
588 5737
588 8036
588 8967
588 9730
589 981
589 1377
589 1844
589 2800
589 3825
589 4252
589 4565
589 5803
589 8353
589 8817
590 2415
590 2517
590 3953
590 5393
590 6343
590 8820
591 710
591 1977
591 3323
591 7937
591 8141
591 8574
591 8842
592 687
592 2715
592 3329
592 4153
592 5620
592 5930
592 7903
592 8822
593 616
593 1262
593 2045
593 4769
593 5468
593 7422
594 1115
594 3395
594 8656
594 9190
595 1447
595 2763
595 3035
595 3760
595 4364
595 6916
595 9683
596 1643
596 1689
596 1961
596 2165
596 3445
596 3537
596 6742
598 1523
598 2779
598 3069
598 4655
598 7909
598 8506
598 8626
599 607
599 816
599 1103
599 1389
599 1479
599 2375
599 6219
599 7206
599 7712
599 8030
600 1840
600 3374
600 4547
600 6796
601 2078
601 4171
601 4765
601 5212
601 6991
601 7936
601 8418
602 1398
602 1452
602 4270
602 4763
602 5116
602 6969
603 695
603 1838
603 1920
603 2160
603 2667
603 4568
603 6770
603 9278
604 949
604 1124
604 3354
604 3683
604 6312
604 9111
605 2496
605 2851
605 4104
605 6229
605 8485
606 1045
606 1597
606 1952
606 2002
606 3250
606 5249
606 7002
606 9110
607 2621
607 4135
607 7013
607 7092
607 9724
608 1645
608 2388
608 2494
608 2905
608 3652
608 4615
608 5295
608 6056
608 8006
608 9968
609 742
609 1933
609 1948
609 2673
609 7922
609 9093
610 1120
610 1162
610 1650
610 1668
610 2153
610 4154
610 4745
610 4887
610 5255
610 5481
610 5585
610 8721
611 1733
611 3026
611 8052
612 1197
612 1959
612 3193
612 4757
612 5503
613 709
613 833
613 1594
613 4177
613 5887
613 9183
614 943
614 1621
614 1890
614 2042
614 2775
614 5757
614 6891
615 977
615 1581
615 2555
615 5465
615 8308
615 8351
615 8657
616 2862
616 3368
616 3917
616 5093
616 5540
616 5554
616 6973
616 9241
616 9504
617 1556
617 1667
617 1933
617 3356
617 3378
617 8123
618 1101
618 1809
618 1921
618 2135
618 2586
618 5841
618 6800
618 7522
619 652
619 6698
619 7665
619 8751
619 9419
619 9499
620 5040
620 7361
620 9355
621 1008
621 1133
621 2107
621 2782
621 5413
621 6825
621 7374
621 8173
621 9877
622 2208
622 3456
622 4395
622 9813
623 2337
623 4603
623 5782
623 6565
623 8313
623 8556
623 9246
624 1441
624 4883
624 5219
624 6551
624 7924
625 707
625 1873
625 2039
625 2059
625 5484
625 6592
625 7395
625 8200
626 7031
626 9075
627 1317
627 1846
627 4408
627 5019
627 6860
627 9449
628 4379
628 7126
628 9217
629 1378
629 2278
629 2918
629 3554
629 4041
630 949
630 2093
630 5683
630 6438
630 8847
631 4465
631 6233
631 9000
631 9336
632 1004
632 1635
632 2319
632 2728
632 5197
632 8054
633 1543
633 2387
633 3154
633 3588
633 7653
633 9565
634 2536
634 5191
634 6096
634 7972
634 9471
634 9890
635 2940
635 3135
635 4391
635 4981
635 7683
635 9220
635 9478
635 9920
636 2989
636 4181
636 4794
636 4979
636 8883
637 2349
637 2900
637 3117
637 3609
637 3751
637 4831
637 6823
637 9010
637 9872
638 734
638 889
638 1109
638 1285
638 2476
638 3132
638 6167
638 6262
638 6291
638 7056
638 8077
638 8427
638 9797
639 912
639 3908
639 8221
640 1147
640 1935
640 4219
640 8018
640 8411
640 9497
641 2121
641 3838
641 4099
641 5153
641 5771
641 6600
641 8049
641 8430
641 9639
642 3295
642 3737
642 5850
642 7036
642 7407
642 7645
642 8633
643 3785
643 5969
643 7854
644 2618
644 2697
644 3290
644 3962
644 6040
644 8910
645 4825
645 5761
645 5858
645 6303
645 7507
646 1261
646 2488
646 8784
646 9038
647 716
647 1185
647 4195
647 5224
647 8814
647 8930
648 687
648 1579
648 5009
648 5982
649 6510
649 7384
649 7575
649 9788
650 4351
650 4686
651 3551
651 3552
651 8105
651 9516
651 9827
652 1038
652 1211
652 1970
652 3633
652 8382
653 1881
653 3039
653 4435
653 6273
654 2256
654 9357
655 976
655 2205
655 3829
655 4172
655 6629
655 7249
655 8935
655 9210
655 9212
656 838
656 2048
656 2064
656 2491
656 2597
656 3360
656 3548
656 3782
656 4307
656 9930
657 1754
657 2590
657 3004
657 6334
657 6924
657 6930
658 6359
658 9517
659 798
659 1639
659 3328
659 4955
659 5557
659 7400
659 9538
659 9660
660 1482
660 1638
660 2973
660 5102
660 6240
660 6911
660 7168
660 7745
661 2709
661 4594
661 9982
662 1168
662 1762
662 3436
662 3884
662 4227
662 4494
662 6238
662 6927
662 8526
662 8755
663 731
663 894
663 4394
663 6419
663 7363
663 7641
664 1098
664 1599
664 1609
664 2670
664 3365
664 3520
664 7964
664 8009
664 8783
665 1665
665 6250
665 7740
665 8341
665 9789
666 5753
666 6087
666 7804
667 1537
667 2368
667 2651
667 4662
667 9151
667 9470
668 1699
668 2766
668 2924
668 3172
668 3681
668 5218
668 5750
668 5929
668 6516
668 7613
668 9686
668 9776
669 1558
669 2089
669 4183
669 4407
669 9356
669 9380
670 700
670 720
670 3467
670 6210
670 7236
670 7687
671 693
671 705
671 1072
671 3471
671 5334
671 6775
672 1690
672 2296
672 3483
672 4163
672 9731
673 4621
673 7648
673 9659
673 9717
674 1852
674 3497
674 4401
674 5223
674 6639
674 7508
674 7724
674 8402
675 1701
675 2821
675 3199
675 3821
675 4787
675 5091
675 5430
675 7437
675 9844
676 4762
676 8002
676 8168
676 8893
676 8931
677 2962
677 4493
677 6913
677 7075
677 7191
678 993
678 1345
678 2469
678 3434
678 4065
678 6718
678 6883
678 7240
678 8621
679 1409
679 2041
679 3065
679 3156
679 3918
679 8903
680 3686
680 7787
681 919
681 1036
681 5365
681 5619
681 5743
681 6161
681 6944
681 8987
682 2891
682 3406
682 6617
682 7754
682 9295
683 1327
683 1752
683 4867
683 6526
683 9131
684 710
684 1858
684 4157
684 4439
684 4618
684 4722
684 5999
684 9259
685 1579
685 4427
685 7399
686 1218
686 3386
686 4629
686 9956
687 1351
687 1947
687 2043
687 5898
687 8140
687 9991
688 3029
688 6084
688 6345
688 8232
688 9887
689 822
689 5458
689 6650
689 7593
689 7986
690 948
690 1470
690 1897
690 3674
690 4012
690 6064
690 7778
691 1825
691 5045
691 9388
692 5205
692 5338
693 3610
693 4024
693 6208
693 7011
694 695
694 1322
694 6183
694 6579
695 3525
695 4830
696 1221
696 6223
697 1560
697 1595
697 1721
697 2705
697 3865
697 5359
697 8730
697 9947
698 1663
698 2466
698 2658
698 4731
699 1741
699 7202
699 7529
699 7995
699 9195
700 4059
700 4285
700 5226
700 5736
701 2935
701 4644
702 1093
702 5437
702 8916
702 8924
703 1185
703 2836
703 4160
703 6620
703 6737
703 9667
703 9900
704 1975
704 3114
704 3383
705 3015
705 3542
705 7339
705 7860
705 9773
706 1014
706 2458
706 2853
706 6886
706 8111
707 7224
707 8532
708 2749
708 5082
708 5523
708 6837
708 9033
709 7499
709 7900
709 8433
709 8662
710 2925
710 3486
710 6159
710 8561
710 8732
710 8926
711 3563
711 3779
711 4267
711 6018
712 4587
712 5152
712 5963
713 1008
713 6624
714 788
714 4084
715 1223
715 1278
715 1565
715 4774
715 5088
715 5421
715 7802
715 9073
716 1608
716 1763
716 2326
716 2641
716 3437
716 4641
716 9760
717 6602
718 1870
718 4001
718 4977
718 6281
718 6391
719 897
719 4839
719 5514
719 8975
720 2702
720 4325
720 8753
721 1214
721 5846
721 5952
721 7993
721 9184
722 5615
722 6170
722 7825
723 2950
723 5915
723 6221
723 7570
723 9167
723 9705
724 2276
724 3566
724 9138
725 923
725 1375
725 2576
725 3586
725 4573
725 4688
725 6351
725 6376
725 6994
725 7456
725 9098
725 9640
726 1505
726 4330
726 4985
726 5788
727 1705
727 1772
727 2794
727 4464
727 5765
727 6205
727 6520
727 7838
728 1313
728 1493
728 1874
728 4645
728 7014
728 8178
729 3902
729 8297
729 8348
729 8517
730 1356
730 2927
730 3041
730 3531
730 8409
730 9532
730 9896
731 2435
731 2758
731 3262
731 7988
731 9761
732 3955
732 4795
732 5407
732 7324
732 7746
733 801
733 1711
733 4105
733 5900
733 7827
733 8929
734 3749
734 5623
734 6014
734 6615
734 8093
734 9990
735 1790
735 2926
735 3501
735 5874
735 6102
736 898
736 1424
736 1644
736 2040
736 5089
736 6887
736 7260
736 9207
737 855
737 3124
737 4409
737 5037
737 5105
737 9662
738 1199
738 2322
738 2501
739 1659
739 2826
739 8856
739 9509
740 930
740 1837
740 4150
740 6142
741 1282
741 2626
741 3431
741 3469
741 3626
741 5232
741 6780
741 7067
741 8530
742 2229
742 6550
742 8934
742 9955
743 3594
743 3743
743 6324
743 7493
743 8120
744 1102
744 4426
745 1484
745 1631
745 2841
745 3703
745 3939
745 5793
746 1228
747 763
747 1037
747 1295
747 2967
747 3963
747 9711
748 3679
748 4514
749 1665
749 6574
750 2401
750 4293
750 9870
751 4634
751 6622
751 9656
752 886
752 1819
752 7376
753 1155
753 5543
753 7920
754 1391
754 4292
755 1534
755 3595
755 6925
755 8500
756 2698
756 3993
756 4967
756 6809
756 7471
756 7691
757 3413
757 3693
757 5769
757 9882
758 5206
758 7010
758 8565
758 9206
758 9592
759 925
759 2593
759 5246
759 7373
759 8664
759 9774
760 968
760 3217
760 4118
760 6299
760 6743
760 7060
760 7907
761 5228
761 6725
761 8212
761 9037
761 9316
762 1552
762 3867
762 4124
762 5156
762 6017
762 6669
762 9043
763 2338
763 3353
763 4414
763 5167
763 6364
764 3615
764 5800
764 5928
764 7024
764 8467
765 2181
765 2386
765 2866
765 6371
765 9489
766 1126
766 1169
766 2022
767 3921
767 5385
767 6206
768 1325
768 3062
768 3745
768 4754
768 8377
769 1012
769 7296
769 7381
769 8596
769 9881
770 2459
770 3482
770 6354
770 7753
771 1583
771 1736
771 5149
771 7423
771 9526
772 1630
772 6713
772 7219
772 9589
773 1400
773 1612
773 1643
773 2005
773 3822
773 4826
773 6539
773 6708
773 6750
773 9616
773 9743
774 1198
774 7583
774 9085
774 9845
775 2519
775 3906
775 5073
775 7536
776 1723
776 2409
776 3400
776 6797
777 4265
777 4919
777 6316
777 9020
779 2257
779 4111
779 6977
780 1040
780 4913
781 800
781 1559
781 3182
781 6025
781 6393
781 7834
782 1296
782 1549
782 1628
782 5943
782 6682
783 4222
783 6268
783 6403
783 7058
784 4666
784 4946
784 5602
784 7898
784 9732
785 1753
785 2268
785 3176
785 3981
785 6816
785 6931
785 7287
785 8831
786 2217
786 5283
786 9105
787 1216
787 2042
787 5389
787 8133
787 8291
787 8990
788 8681
788 8909
789 1996
789 6822
790 1791
790 3178
790 3888
790 4524
790 4820
790 5456
790 6331
790 8343
791 2218
791 2529
791 6571
791 6869
791 7553
791 7946
792 3385
792 3630
792 8288
793 3598
793 6699
793 7923
793 9663
794 2428
794 7502
794 7657
795 2426
795 4209
795 6285
795 7610
796 3144
796 4856
796 5230
797 861
798 1200
798 2820
798 6839
798 8447
798 9458
799 2315
799 4182
799 6011
799 6383
799 9739
800 972
800 1125
800 2708
800 3028
800 3203
801 3337
801 7581
801 9376
801 9883
802 3676
802 3810
802 4360
802 8771
802 9586
803 884
803 4842
803 6287
803 7899
803 9051
803 9296
804 4667
804 9442
805 1456
805 1876
805 3388
805 9057
805 9482
806 1683
806 4397
807 4958
807 6970
807 7768
807 8398
807 9107
808 1058
808 6348
808 6830
808 7286
808 7366
808 8538
809 3930
809 7840
810 1468
810 2524
810 9486
811 1078
811 1891
811 2434
811 7889
812 1768
812 3034
812 3439
812 4410
813 1436
813 4718
813 7040
814 1481
814 3885
814 4324
814 6073
814 7497
816 3418
816 4320
816 4868
816 9013
817 843
817 1050
817 1365
817 2998
817 3582
817 4385
817 7870
818 1313
818 7029
818 8955
819 1111
819 1607
819 2036
819 2328
819 4768
819 5077
819 5104
820 2324
820 5847
820 8337
820 9059
821 3225
821 7237
821 7447
821 8716
822 4506
822 6697
822 8873
822 9465
823 1231
823 2839
824 1224
824 1509
824 5852
824 6835
825 3746
825 4275
825 6892
825 9554
825 9989
826 3048
826 4935
826 5420
827 1748
827 3049
827 3575
827 4658
827 7008
827 7901
828 1069
828 1251
828 1899
829 1042
829 2684
829 5200
829 9312
830 993
830 2943
830 6149
830 9599
830 9855
831 1272
831 3628
831 6527
831 6701
831 6771
831 7012
832 2107
832 5131
832 6314
833 4092
833 4799
833 6656
833 7697
833 8202
833 8258
834 1154
834 1225
834 4415
834 6231
834 6375
835 926
835 1402
835 4886
835 5048
835 7852
836 7912
837 1086
837 1269
837 1603
837 8147
838 1182
838 1326
838 5995
838 6506
838 7290
838 7772
838 9925
839 2547
839 7845
839 9780
840 1682
840 2166
840 2565
840 5538
840 5627
840 8436
841 1205
841 9334
842 2566
842 4461
842 5884
842 7783
843 4540
843 9843
844 1504
844 2231
844 2472
844 4870
844 5096
844 7217
844 8355
844 8754
845 2635
845 2769
845 4486
846 7960
847 878
847 1023
847 2538
847 3247
847 5244
847 5307
847 5379
848 5079
848 5673
849 9258
850 1554
850 3813
850 4226
850 4685
850 5518
850 8810
851 1036
851 1321
851 3195
851 4009
851 4523
851 8642
851 8827
853 980
854 3208
854 5714
854 7063
854 7369
854 8599
855 7616
855 9986
856 1631
856 1884
856 6573
857 1908
857 2817
857 6678
857 8630
858 862
858 1220
858 9456
859 921
859 1674
860 882
860 5010
860 8860
861 2730
861 3840
861 5098
862 2450
862 2910
862 3640
862 4430
863 3014
863 3738
863 5454
864 1717
864 8735
865 4932
865 7071
865 8557
866 8419
866 9176
867 5132
867 7715
867 8380
868 1641
868 2604
868 3664
868 6133
869 3470
870 3968
870 5493
870 6950
870 7564
870 8976
870 9350
871 2013
871 2126
871 5573
871 5936
871 6156
872 907
872 4751
873 1172
873 5248
873 6824
873 8057
874 7222
875 2637
875 3079
875 4366
875 6538
875 6993
875 8344
875 8737
876 3562
877 2525
877 2540
877 4616
877 6975
877 8993
878 3324
878 5103
878 9015
878 9263
879 3694
879 6339
879 6935
879 8915
879 9137
879 9418
880 2335
880 2948
880 3084
881 903
882 3479
883 1266
883 2729
883 8390
883 8913
884 1580
884 3153
884 3204
884 3273
884 4180
884 6094
884 8678
885 1346
885 4007
885 8868
886 4200
886 6289
887 1529
887 2217
887 4804
887 5382
888 1361
888 5194
888 8255
889 2277
890 3529
890 3864
890 5787
890 6038
891 1616
891 3691
891 8746
891 8841
891 9875
892 1284
892 4058
892 8265
892 8525
893 1652
893 3405
893 3696
893 6247
893 6818
893 8226
893 8936
893 8948
893 9363
893 9768
894 1291
894 4771
894 7046
895 6948
895 7264
895 7823
895 8502
895 8818
896 6957
896 7421
896 7693
896 8898
897 3148
897 4047
897 9802
898 3210
898 5688
898 7073
898 7190
898 9973
899 4056
899 6494
899 7814
899 9196
900 1892
900 3097
900 5634
900 6929
900 9744
901 4044
901 9757
902 930
902 3802
902 4861
902 5812
902 6267
902 8329
903 1451
903 6368
904 964
904 4499
904 6507
904 6765
904 8197
905 1414
905 2654
905 9205
905 9249
906 2757
906 6137
906 8999
907 1477
907 1979
907 8066
908 2012
908 3433
908 3589
908 4739
908 5814
908 8082
909 1388
909 8488
910 3831
910 5258
910 6369
910 8675
911 1428
911 6852
912 3260
912 3299
912 4276
912 5487
912 5662
913 2665
913 4269
913 6169
913 8659
914 1146
914 1724
914 2483
914 4476
914 7572
914 8484
915 2235
915 2251
915 2633
915 3755
915 5962
915 8739
916 3007
916 6089
916 7375
916 7982
917 2444
917 4404
917 5323
917 7081
917 7781
918 1363
918 1648
918 2855
919 2289
919 5346
919 5747
919 6000
919 7293
919 7622
920 1169
920 2645
920 3662
920 5175
920 6759
920 6850
920 7537
920 7744
921 3449
921 4489
921 7861
922 1702
922 5604
923 5331
923 6392
923 9934
924 1889
924 4899
924 7628
924 8098
924 9028
925 4280
925 6385
925 9948
926 1446
926 1519
926 2690
926 4914
927 3103
927 3423
927 3584
927 3843
927 3989
927 9979
928 1125
928 2431
929 3897
929 4192
929 6318
930 1716
930 2193
930 3574
930 5913
930 9214
930 9707
931 1260
931 6996
931 8208
931 9358
932 1398
933 2157
933 2274
933 5120
933 5567
933 7893
933 9484
934 3121
934 5552
934 6968
934 7945
934 9228
935 1342
935 1373
935 1572
935 2605
935 4687
935 5049
935 8446
936 3075
936 4866
936 4963
936 5609
937 3105
938 1380
938 5837
938 7208
938 9236
939 4242
939 7028
940 3783
940 5840
940 9417
941 2690
941 2787
941 3796
941 8429
942 6201
943 4042
943 4075
943 8689
943 9185
943 9848
945 2076
945 5135
945 7430
945 7465
946 10000
947 1165
947 4447
947 7090
947 7136
947 7605
947 8279
948 2273
949 3631
949 5903
949 7034
949 7500
950 1980
951 6778
951 7644
951 9260
952 1888
952 2506
952 3202
952 3710
952 4880
952 6625
952 8691
953 1886
953 2059
953 3181
953 4703
954 1130
954 2188
954 2526
954 2572
954 6508
954 9585
955 4965
955 7738
955 9563
956 1187
956 1813
956 7241
957 3627
957 4214
957 8225
957 8541
957 8887
958 1627
958 4653
958 9066
958 9351
959 2399
959 9917
960 1579
960 2083
960 4637
960 7650
961 1086
961 1989
961 3651
961 7812
961 8287
962 2958
963 4162
964 1246
964 5133
964 6030
964 6706
964 8038
964 8486
965 4660
965 6027
965 6643
966 3932
966 5229
966 8654
966 9119
967 993
967 3814
967 5560
967 6196
967 9626
968 3102
968 4315
968 4873
968 6110
968 7979
968 8510
968 8703
969 1547
969 1589
969 4008
970 4796
970 5965
971 5507
971 9053
971 9541
972 3021
972 5544
972 8252
972 9148
973 1144
973 4048
973 4646
973 5610
973 9523
974 3717
974 7541
975 1096
975 3312
975 5321
975 9372
975 9846
976 1985
976 2122
976 3432
976 4835
976 5386
976 6812
977 3403
977 8693
978 1133
978 1756
978 1969
978 7821
978 7846
979 3223
979 9945
980 5309
980 7051
980 7830
982 1288
982 2760
982 4692
982 5663
982 6673
982 7167
983 1606
984 1432
984 4498
984 7161
984 7546
984 9352
985 3133
985 5577
985 6060
986 1450
986 4291
986 5807
986 7987
986 8371
987 3407
987 4091
987 6529
988 1174
988 6888
989 2123
989 4145
989 4424
989 4491
989 4521
989 5867
989 7307
989 9524
990 1039
990 2657
990 4812
990 5550
990 5811
991 1122
991 6787
991 8170
992 5698
992 6747
993 1434
993 7256
993 7829
994 1996
995 1922
995 8806
996 8766
997 4165
998 3994
998 6237
998 6251
998 6621
998 7554
999 2502
999 4126
999 4235
999 7084
999 8067
1000 1374
1000 1851
1000 3823
1001 3270
1001 7585
1002 1114
1002 1459
1002 5639
1002 7467
1003 1055
1003 6874
1004 3350
1004 3416
1004 7230
1004 9674
1005 5146
1005 7404
1005 7877
1005 7883
1006 1059
1006 1071
1006 4106
1006 5470
1006 8379
1007 8386
1008 4712
1008 8410
1009 3585
1010 5535
1010 5628
1010 8227
1010 9655
1010 9905
1011 1561
1011 5527
1012 2562
1013 1191
1013 4610
1013 6618
1013 6744
1014 6776
1014 8889
1015 1425
1016 6566
1017 2573
1017 3854
1018 2528
1018 6664
1019 1634
1019 7229
1019 7826
1019 8153
1019 9966
1020 1429
1021 1282
1022 1123
1023 3564
1023 4803
1023 5429
1024 6974
1025 1033
1025 4661
1025 5282
1026 2133
1026 2723
1027 1385
1027 3904
1027 4085
1028 5755
1028 6266
1029 1472
1029 3493
1029 4581
1029 8333
1030 1339
1030 1875
1030 4583
1030 7023
1030 9967
1031 2419
1031 5112
1031 9767
1032 2834
1032 7117
1033 2381
1034 2803
1034 8471
1035 3042
1035 3127
1035 4300
1035 6536
1036 1049
1036 5449
1037 1406
1037 2163
1037 5059
1038 2394
1038 8907
1038 9868
1039 4485
1039 8392
1040 4002
1040 4910
1040 7064
1041 9318
1042 2455
1042 8273
1043 7322
1044 1807
1044 2254
1044 3158
1044 8683
1045 2198
1046 2011
1047 1323
1047 2168
1048 5681
1048 9303
1049 1818
1049 2074
1049 8612
1050 3535
1051 9942
1052 2349
1052 5387
1052 8389
1052 9735
1053 5166
1053 6518
1053 7734
1053 9583
1054 5306
1055 6755
1055 7518
1055 8757
1055 9515
1055 9777
1056 3446
1056 7279
1057 2126
1057 2283
1057 2588
1057 7874
1057 8722
1058 1664
1058 5942
1058 6051
1059 3845
1059 4255
1062 1311
1062 6594
1062 6693
1062 8536
1062 9862
1063 9315
1064 1297
1064 4199
1065 1834
1065 4597
1065 8063
1066 1435
1066 2575
1067 2751
1068 1586
1068 2957
1068 6177
1068 8679
1068 8943
1068 9386
1069 4714
1071 3678
1071 5959
1072 2311
1072 3263
1072 6612
1072 6801
1072 7656
1073 3496
1074 1622
1074 4933
1075 3447
1075 3987
1075 9203
1077 2132
1078 1620
1078 7688
1078 8591
1079 1206
1079 1940
1079 5384
1079 9055
1080 1430
1080 5137
1080 8665
1081 1808
1081 5274
1082 1146
1082 3377
1082 5362
1082 8383
1083 1936
1084 3499
1084 5416
1084 6360
1085 2192
1085 2371
1085 3881
1085 8481
1087 6676
1087 9215
1088 7105
1088 9436
1088 9518
1089 7393
1089 7849
1089 8583
1090 4120
1090 4973
1090 5076
1090 5160
1091 1759
1092 2343
1092 4854
1093 4894
1093 4897
1094 1947
1095 2092
1095 2168
1095 4801
1095 6362
1095 7411
1095 7775
1096 5613
1097 2370
1097 5336
1098 2075
1098 4683
1098 5712
1100 4023
1101 3307
1101 4530
1104 6079
1105 3152
1106 3180
1106 7460
1106 8015
1107 2189
1107 6203
1107 9029
1107 9923
1108 9204
1109 5395
1110 5972
1111 3474
1111 8838
1112 1217
1112 2161
1112 6045
1113 5419
1114 2058
1114 4258
1114 4678
1115 3809
1115 4832
1115 6171
1116 1798
1116 3555
1116 6253
1117 1585
1117 8198
1117 8234
1118 5945
1118 6155
1118 6472
1119 1658
1119 5216
1119 8132
1121 1824
1121 7571
1122 1859
1122 4128
1122 8676
1122 9734
1123 1141
1123 1259
1123 2183
1123 5742
1123 9450
1124 6766
1125 1823
1125 7280
1125 8404
1126 1764
1126 1778
1126 4895
1126 8128
1127 3715
1128 1442
1128 3601
1128 4389
1128 4651
1128 8165
1128 8890
1129 9632
1130 6440
1131 6692
1132 1554
1132 3448
1132 5710
1133 2044
1133 6041
1133 9140
1134 3063
1134 5652
1135 1149
1135 1751
1135 5866
1135 6398
1135 6834
1135 7041
1135 7643
1135 8617
1136 1932
1136 4948
1137 3521
1138 8733
1138 9682
1139 1833
1139 5926
1139 8206
1140 2115
1140 2487
1140 4904
1140 6277
1141 1316
1141 2214
1141 7434
1141 8775
1141 9406
1141 9624
1142 2021
1142 2691
1142 3068
1142 4474
1142 5885
1142 6554
1142 7969
1144 6407
1144 6572
1144 8195
1145 1647
1145 4611
1145 5344
1146 1828
1146 4345
1146 9867
1147 3530
1147 7341
1147 7498
1147 9782
1148 2471
1148 4055
1148 6473
1149 4132
1149 6757
1151 1859
1151 7440
1151 8650
1152 1217
1152 4006
1152 6576
1152 7343
1152 7566
1153 8316
1154 5286
1154 7820
1155 2722
1155 5494
1156 4852
1156 5658
1156 5684
1156 7480
1156 9443
1157 2408
1157 2805
1157 4467
1157 5640
1157 5717
1158 1377
1158 8496
1159 3775
1160 2585
1160 4218
1161 2202
1161 2753
1161 4879
1162 4231
1162 4624
1162 5193
1163 1968
1163 3393
1163 4060
1163 7274
1164 3224
1164 3364
1165 2570
1165 6192
1166 2463
1168 1194
1168 1335
1168 4238
1168 4672
1168 5653
1168 6965
1168 7169
1169 1475
1169 3265
1170 5004
1170 7504
1170 9294
1171 5804
1171 8620
1172 7487
1172 9889
1173 1358
1173 8581
1174 2478
1174 6010
1174 6429
1174 8347
1174 9618
1175 5730
1175 7336
1176 1811
1176 2025
1176 8772
1177 7621
1179 1320
1179 2379
1179 3060
1179 3811
1179 8700
1180 5067
1181 2270
1182 1903
1182 4143
1182 5467
1182 8174
1182 8598
1185 5472
1185 8336
1185 8834
1186 1726
1186 1784
1186 2707
1187 1263
1188 1463
1188 2385
1188 3087
1188 3951
1189 2312
1189 7887
1189 9850
1190 2129
1190 3174
1190 4347
1190 7181
1190 7755
1192 9876
1193 1315
1194 2106
1194 5141
1194 7479
1195 3886
1195 9712
1196 2821
1196 8438
1198 4814
1198 7388
1200 4240
1201 2500
1202 7647
1203 6871
1204 2574
1204 7115
1204 8940
1205 1293
1205 2150
1205 2646
1205 2951
1205 4753
1205 6099
1206 7892
1206 8024
1206 9362
1207 2016
1207 3211
1207 7114
1208 7473
1208 8629
1209 7678
1209 7939
1209 9860
1210 1766
1210 4888
1211 1386
1211 2513
1211 6628
1212 2534
1212 2711
1213 1406
1213 3414
1213 9614
1214 1453
1214 9384
1215 8957
1216 5778
1218 8763
1219 6586
1219 7950
1219 8116
1219 9506
1219 9508
1220 3546
1220 3926
1221 2327
1221 4334
1221 4684
1221 7563
1221 8812
1223 7164
1223 9940
1224 9725
1224 9740
1226 2583
1226 6292
1226 6897
1226 8570
1227 3669
1227 4388
1227 9858
1228 6042
1228 8026
1228 9699
1231 6384
1231 7152
1231 9346
1232 3257
1232 5495
1233 5780
1234 2227
1234 2259
1234 3415
1237 2895
1237 8466
1239 2854
1239 6006
1240 5863
1241 6606
1242 2699
1242 3777
1242 9500
1243 2080
1243 7790
1244 1339
1244 8001
1245 6817
1245 8698
1247 8356
1248 7833
1248 9242
1248 9473
1249 1657
1249 9157
1251 3532
1251 7725
1251 8262
1252 6831
1252 7757
1252 8977
1253 8567
1253 9126
1254 1946
1254 6449
1254 7394
1254 8897
1255 1507
1255 2442
1255 9169
1256 1792
1256 8241
1257 9783
1258 1915
1258 2507
1259 3058
1259 6846
1260 7443
1260 9839
1261 4483
1262 3871
1262 6435
1262 6660
1262 8100
1263 1467
1263 8813
1264 1347
1265 2242
1265 2819
1265 8017
1266 3985
1266 8575
1267 2396
1268 9403
1270 1318
1270 1761
1270 2248
1270 5892
1271 2771
1271 3123
1271 3231
1271 3909
1271 4050
1271 5119
1271 6344
1272 6636
1275 2972
1275 7727
1276 2595
1276 2781
1276 4689
1277 1968
1277 9737
1279 2668
1279 5642
1279 6876
1279 9287
1280 9505
1281 1335
1281 3873
1282 6533
1283 7638
1284 3401
1284 5611
1284 6880
1285 2212
1285 6275
1285 7875
1286 9221
1287 1430
1288 6553
1289 3235
1289 5985
1290 2158
1291 3314
1291 4283
1292 2725
1293 3425
1294 1725
1294 2688
1294 3729
1294 4063
1294 4156
1294 6668
1295 9675
1296 6689
1297 3072
1298 2649
1298 3771
1299 1458
1299 3973
1299 5333
1299 8894
1299 9633
1300 8164
1300 8718
1300 8895
1300 9864
1301 1987
1301 2774
1302 1708
1302 5802
1304 1493
1304 2869
1304 6632
1305 1941
1305 5677
1305 6505
1306 2060
1306 5412
1306 6466
1307 1616
1307 2838
1307 3466
1308 5170
1309 3752
1309 9139
1310 4127
1310 9651
1311 7774
1313 6061
1314 1653
1314 2246
1315 4701
1315 4857
1315 6537
1315 7248
1317 4715
1317 5581
1318 3289
1318 7531
1320 5058
1322 5492
1322 7183
1323 1781
1323 3173
1323 9079
1324 2020
1324 8270
1326 4544
1326 6032
1326 8299
1327 5192
1327 7530
1327 8142
1328 8242
1328 8682
1329 7066
1330 2135
1330 5441
1330 7305
1331 2177
1333 1465
1333 6976
1333 8244
1333 8752
1334 3896
1335 9932
1337 1839
1337 2182
1338 2835
1338 6705
1340 9621
1342 5217
1342 7779
1342 9852
1343 4432
1344 4247
1344 5329
1345 2392
1346 5006
1346 5896
1348 8274
1349 1648
1349 9322
1350 2876
1350 5182
1350 7313
1351 3826
1351 4850
1351 9114
1352 1883
1352 6922
1353 1570
1353 6807
1354 8589
1357 1560
1357 4849
1357 5392
1358 6856
1358 8880
1359 6258
1360 2454
1360 5108
1361 8055
1364 3160
1364 3275
1364 5525
1365 3565
1365 5109
1365 5220
1366 7658
1367 3248
1368 7891
1370 4429
1372 1919
1372 5198
1372 5597
1373 6557
1374 8361
1375 2186
1375 6123
1376 1387
1376 6691
1377 5305
1377 6696
1378 1454
1378 5967
1379 1534
1379 4896
1380 2750
1380 7003
1381 4071
1381 4308
1381 9815
1382 1604
1382 1925
1382 6882
1382 7429
1382 9342
1383 2740
1383 3162
1384 3692
1384 7199
1384 8339
1384 9397
1385 2077
1385 2473
1385 7101
1385 7359
1386 1822
1387 4005
1387 7193
1387 8684
1388 5607
1388 7231
1389 5727
1390 4733
1390 9750
1392 4829
1393 1625
1393 2777
1393 5147
1395 4287
1395 9800
1396 1538
1396 4834
1396 6013
1396 9929
1397 3806
1398 1750
1398 8413
1399 4824
1400 1731
1402 6059
1403 2417
1404 6581
1404 7245
1404 8714
1404 9390
1405 1514
1405 2136
1405 7192
1405 7925
1407 2899
1407 3818
1407 5574
1409 2175
1409 5922
1409 8177
1412 4304
1412 7679
1415 2108
1415 3887
1415 4323
1416 1494
1416 3580
1416 7902
1418 8087
1419 2145
1421 5012
1422 2173
1422 8284
1423 1478
1424 4756
1425 4988
1425 7591
1426 4503
1427 1490
1427 2883
1427 9094
1429 5272
1429 7098
1430 4567
1431 8920
1432 7967
1432 8156
1432 9191
1433 1515
1434 2546
1435 6738
1436 4510
1437 1697
1437 5490
1437 9097
1439 2716
1440 5256
1442 3591
1442 5588
1443 8431
1445 4802
1447 2911
1448 1983
1448 4669
1449 1735
1449 4860
1450 2704
1450 2870
1451 5450
1452 1661
1452 1706
1452 3984
1452 7654
1453 3730
1453 6430
1454 2098
1454 6827
1454 7867
1454 8850
1455 2268
1455 2981
1455 6335
1455 9225
1456 6195
1456 7535
1459 4100
1459 7069
1460 4930
1460 5876
1460 7866
1461 1843
1461 2430
1462 5221
1464 5038
1464 6700
1466 2865
1467 1972
1467 7662
1468 3990
1468 5095
1468 8469
1469 3476
1471 6877
1472 4721
1473 1527
1474 2153
1474 4627
1475 8959
1477 6460
1477 6873
1480 2976
1480 7513
1481 6534
1485 1921
1485 7813
1486 9472
1486 9941
1487 1917
1487 3786
1487 6630
1488 2947
1488 2983
1488 7266
1488 8807
1489 8458
1490 1633
1490 5650
1491 1553
1492 4141
1492 6307
1494 8862
1495 6340
1498 3766
1498 4178
1498 6793
1498 8539
1499 1712
1499 1727
1500 4109
1501 5243
1501 6946
1502 3304
1502 4512
1502 5637
1504 1542
1504 6113
1505 9250
1506 6951
1507 8259
1509 7377
1509 8224
1510 1647
1510 2898
1511 1559
1511 4551
1511 6732
1512 1540
1512 1656
1512 8289
1513 2680
1514 6774
1514 7669
1515 6279
1515 8489
1516 2111
1516 5547
1517 7159
1518 1901
1519 5715
1519 6601
1519 9784
1521 4225
1522 1587
1522 6756
1523 6043
1523 6224
1523 7871
1524 8283
1526 9276
1527 5759
1527 8980
1528 3198
1530 3490
1531 2735
1531 8505
1533 3009
1534 1742
1534 5138
1534 7238
1536 7943
1538 8397
1539 9641
1540 5383
1542 1802
1542 7800
1542 8696
1543 3191
1544 8080
1545 1615
1545 1991
1545 2509
1545 2902
1546 7250
1547 8798
1548 6397
1548 8240
1549 9042
1549 9095
1549 9163
1550 3220
1550 8352
1551 5569
1552 7019
1553 8384
1554 5823
1554 9326
1555 4957
1555 8663
1555 9847
1556 5517
1559 4562
1559 6563
1562 7968
1564 4749
1566 3322
1567 7681
1567 7795
1569 2812
1570 4590
1570 6649
1570 9693
1571 9324
1574 2448
1575 6739
1575 9869
1577 2087
1580 2243
1581 1885
1585 3736
1585 7850
1587 7955
1587 9617
1588 6547
1588 8960
1589 6298
1590 2088
1591 2987
1593 8933
1598 8562
1600 4194
1601 1820
1602 2701
1602 4761
1603 6712
1603 8214
1604 2272
1604 7038
1604 7059
1606 7962
1607 7558
1608 4865
1608 8911
1610 6132
1613 5462
1613 9155
1616 3648
1617 2141
1617 4534
1617 9423
1620 1737
1620 7020
1621 6288
1621 6302
1623 1672
1623 5266
1626 7179
1627 9796
1628 4350
1628 9344
1630 8261
1631 4445
1633 6052
1633 6465
1633 6918
1633 7915
1637 5409
1638 2744
1638 3747
1638 6890
1640 1766
1641 3232
1642 1804
1645 3480
1645 3654
1645 4064
1646 1808
1646 4421
1649 2667
1652 4004
1652 5242
1655 4725
1655 5905
1656 9765
1657 8425
1658 2908
1659 3539
1660 8027
1661 9854
1662 1816
1662 2930
1662 3623
1662 7949
1663 3458
1663 8548
1664 4975
1665 8439
1666 7419
1666 8871
1670 2442
1672 7985
1672 8667
1673 9648
1673 9842
1674 1680
1674 4463
1677 8523
1678 9916
1679 1845
1679 8636
1681 6544
1686 8272
1686 9786
1687 5801
1688 1736
1689 2360
1689 2413
1690 4778
1691 4691
1691 7486
1693 6459
1693 8106
1694 4901
1694 7748
1694 9234
1695 3093
1695 9244
1699 4775
1703 2457
1704 2754
1704 4907
1704 7218
1705 7932
1710 4431
1711 2221
1711 7130
1712 4663
1714 4764
1715 2196
1717 8605
1718 6495
1719 6814
1720 8399
1722 3761
1722 8075
1724 9468
1725 5086
1730 3676
1730 4403
1732 7448
1734 5260
1735 4898
1735 8705
1736 8769
1737 5345
1739 4798
1741 8597
1746 1777
1746 2607
1746 9440
1747 5911
1748 9129
1750 6589
1751 8108
1752 5572
1754 3396
1755 7743
1755 9009
1756 8135
1759 1998
1759 6235
1759 6272
1760 5189
1762 2694
1762 4813
1763 5651
1763 7934
1764 3267
1764 9257
1765 8840
1770 5524
1772 3915
1773 7552
1774 9150
1776 3732
1778 9284
1779 2742
1779 5046
1780 1989
1780 3019
1781 3903
1781 3947
1781 7589
1781 7952
1783 2520
1783 9209
1784 6129
1786 3728
1787 6257
1788 4676
1789 6645
1790 4131
1790 5269
1791 3188
1794 9528
1798 3744
1799 8167
1802 7707
1803 6627
1803 6709
1807 5868
1807 9972
1808 4448
1809 8365
1810 4837
1810 5158
1810 8417
1810 9576
1812 4596
1813 4188
1813 6131
1814 2295
1817 2085
1817 7741
1819 5397
1821 3106
1821 8257
1821 8921
1822 9058
1822 9361
1823 6271
1824 8786
1827 4437
1828 9859
1830 2299
1831 4370
1831 4785
1832 1876
1832 2203
1833 2955
1834 2499
1834 2996
1836 2245
1836 4469
1838 7261
1839 2615
1841 6424
1841 9302
1842 4349
1842 7482
1843 5797
1843 8031
1843 8034
1851 3592
1852 7956
1852 8155
1853 6783
1855 5709
1857 5022
1857 9008
1858 2373
1859 6499
1862 2057
1865 9392
1865 9573
1867 2097
1869 2745
1870 7039
1870 9838
1872 8416
1873 8837
1874 4472
1875 3950
1876 2847
1877 9232
1886 6003
1887 2362
1887 2369
1888 5631
1890 9539
1891 3256
1891 7791
1891 8981
1894 7033
1894 9305
1896 2341
1896 3147
1896 5739
1902 3169
1905 6034
1905 7285
1905 9996
1906 8904
1907 4103
1908 2485
1910 6186
1912 3131
1912 4821
1913 3895
1918 4760
1921 3255
1921 4152
1922 4045
1923 6115
1925 6939
1925 9006
1926 4548
1927 4638
1927 5895
1935 4361
1936 2706
1941 5028
1941 5796
1943 3422
1944 2474
1946 4591
1946 6173
1946 8191
1948 3455
1949 2011
1950 4405
1952 8125
1953 2006
1958 1972
1958 8169
1962 8543
1964 7446
1965 3372
1965 7625
1966 2549
1966 4632
1967 5733
1968 4174
1969 5933
1972 2438
1972 2985
1972 6478
1973 2584
1977 2713
1978 9545
1979 3459
1981 4277
1981 5691
1982 2327
1982 4019
1982 4305
1983 4748
1984 5531
1991 5173
1991 5679
1992 6101
1997 2813
1997 2877
2000 3999
2001 2440
2001 9636
2002 5848
2002 6679
2003 9300
2007 4912
2009 9939
2010 5310
2013 2236
2014 4411
2016 8211
2018 4766
2020 6441
2023 9566
2025 5818
2026 7509
2030 9130
2033 6249
2033 9477
2038 3342
2039 4732
2039 6525
2040 2100
2041 8582
2047 2048
2048 7021
2048 8456
2049 3243
2050 2204
2050 3778
2051 4202
2054 5645
2056 7408
2057 7634
2059 7809
2059 8238
2060 8109
2061 5716
2062 2736
2062 7671
2062 8680
2064 6244
2066 9820
2071 9391
2072 6489
2081 2747
2083 3707
2083 5988
2084 7595
2086 7793
2089 2468
2092 2130
2092 8276
2094 4772
2099 5424
2099 9949
2100 5052
2104 8193
2104 8263
2106 8376
2107 7382
2109 3447
2109 6695
2110 5148
2110 8997
2113 8983
2114 2553
2114 5983
2117 3992
2121 6241
2122 5011
2124 9188
2127 4507
2128 5561
2130 8602
2134 3317
2135 9543
2140 3735
2141 7918
2142 2186
2142 5777
2142 8635
2143 7818
2144 6119
2144 7750
2145 4125
2149 2772
2150 6842
2151 4245
2155 7270
2158 4550
2159 2428
2161 9719
2164 6439
2165 2340
2165 9222
2171 3167
2171 5770
2173 5954
2175 5435
2176 3339
2181 4423
2183 4344
2184 8796
2189 9647
2190 7551
2192 3528
2194 8228
2195 9285
2197 5319
2198 7543
2205 2383
2208 5532
2210 2422
2217 2344
2218 9904
2221 9123
2226 8321
2229 9795
2230 2293
2236 9164
2238 2601
2238 7142
2239 2437
2242 2755
2242 8625
2245 2808
2247 6531
2253 4664
2253 6575
2256 5399
2264 8874
2270 3341
2274 2949
2277 2874
2279 8243
2281 6181
2282 7271
2298 2330
2301 9553
2303 6813
2304 9622
2305 7758
2308 7415
2318 5676
2319 3842
2330 7577
2333 6464
2335 7428
2340 4876
2358 5068
2359 4942
2371 3206
2372 6400
2377 3151
2382 6875
2383 2477
2384 8461
2386 6121
2388 5506
2388 8222
2390 2569
2390 9593
2391 8110
2398 6762
2398 8275
2410 8151
2413 6726
2414 9803
2414 9959
2417 3759
2418 9268
2423 7719
2426 9680
2427 5763
2430 9161
2433 5565
2434 9466
2442 7306
2444 3618
2445 6677
2445 9808
2446 7484
2448 6029
2465 2759
2465 4223
2468 5066
2476 7676
2480 7143
2494 5097
2494 5519
2500 9072
2500 9227
2506 4187
2507 5234
2510 3239
2513 7851
2525 9596
2527 4384
2528 8593
2531 5748
2533 4571
2543 6365
2562 6188
2566 5894
2567 6667
2572 2798
2574 5270
2575 9306
2582 4545
2600 2786
2616 3492
2621 7797
2625 5794
2627 6792
2629 9646
2630 6591
2632 5471
2635 8891
2641 3361
2642 4310
2646 5521
2658 3512
2664 3521
2666 2977
2673 4694
2678 5339
2681 9546
2691 3212
2700 2839
2709 3879
2719 5366
2721 5880
2726 9451
2734 4434
2734 5976
2756 9574
2761 5825
2772 3140
2778 8851
2779 4035
2788 3340
2795 3776
2795 4557
2801 8062
2817 7079
2821 4704
2831 7442
2833 3184
2850 6995
2854 8423
2873 3045
2902 6514
2908 3010
2917 3110
2930 6578
2933 9498
2961 5271
2974 9607
2982 4784
2995 4081
3023 3325
3039 3293
3055 3698
3074 6118
3093 8802
3114 6908
3136 8407
3140 6252
3158 7144
3161 4742
3164 6878
3176 6421
3191 9345
3197 8729
3212 7468
3231 8304
3274 4792
3277 3774
3309 6146
3328 7113
3358 8092
3365 8143
3370 5516
3387 5039
3389 9597
3461 6605
3520 7127
3524 4032
3540 7472
3550 5697
3581 9527
3591 5214
3616 6841
3619 4340
3623 7773
3656 4555
3749 9604
3752 4976
3788 4920
3814 4736
3824 5208
3859 6704
3891 6417
3891 6567
4006 8452
4043 8396
4077 7672
4456 9931
