1 33
1 35
1 49
1 107
1 134
1 169
1 202
1 275
1 300
1 335
1 337
1 389
1 443
1 448
1 492
2 19
2 52
2 61
2 77
2 103
2 148
2 183
2 192
2 199
2 272
2 344
2 404
2 417
2 437
3 35
3 39
3 149
3 481
4 25
4 94
4 320
4 341
4 379
4 410
4 413
4 414
4 436
4 455
4 459
5 23
5 106
5 172
5 271
5 277
5 300
5 323
5 324
5 367
5 368
6 55
6 73
6 171
6 231
6 255
6 274
6 344
6 356
6 414
7 165
7 183
7 297
7 365
7 458
7 461
7 500
8 29
8 39
8 44
8 99
8 161
8 180
8 210
8 267
8 403
8 452
8 453
8 475
8 484
9 13
9 26
9 43
9 201
9 227
9 249
9 295
9 299
9 389
9 392
9 427
9 441
10 186
10 196
10 235
10 248
10 280
10 306
10 314
10 399
11 17
11 56
11 58
11 75
11 103
11 105
11 123
11 139
11 277
11 315
11 336
11 360
11 361
12 23
12 50
12 357
12 440
13 175
13 339
13 383
13 401
13 442
13 476
14 19
14 127
14 190
14 211
14 238
14 262
14 278
14 311
14 319
14 432
14 444
15 85
15 131
15 149
15 182
15 219
15 223
15 257
15 284
16 17
16 18
16 20
16 102
16 225
16 289
16 390
16 454
17 31
17 92
17 145
17 354
18 68
18 125
18 155
19 98
19 143
19 185
19 193
19 213
19 252
19 347
19 374
19 396
19 402
19 418
19 426
20 38
20 166
20 208
20 266
20 398
20 487
21 108
21 124
21 141
21 256
21 275
21 451
21 483
22 33
22 115
22 160
22 333
22 424
23 34
23 97
23 133
23 195
23 276
23 362
23 430
23 463
23 494
23 497
24 44
24 259
24 280
24 294
24 310
24 349
24 352
25 60
25 70
25 76
25 93
25 116
25 119
25 224
25 302
25 313
25 449
25 464
26 59
26 246
26 433
27 196
27 212
27 222
27 244
27 386
28 36
28 143
28 239
28 263
29 136
29 144
29 174
29 207
29 253
29 408
29 473
30 87
30 161
30 415
30 488
31 220
31 288
31 303
31 353
32 75
32 331
32 416
32 486
33 82
33 100
33 110
33 153
33 191
33 232
33 328
33 387
34 95
34 135
34 237
34 243
34 329
34 343
34 439
35 47
35 51
35 88
35 140
35 298
35 351
35 428
36 189
36 282
36 471
37 82
37 456
38 147
38 206
38 214
38 304
39 114
39 188
39 260
39 345
39 359
39 366
40 104
40 111
40 115
40 261
40 412
41 77
41 129
41 317
41 364
41 467
42 151
42 174
42 330
42 435
43 74
43 326
43 380
43 423
44 46
44 177
44 230
44 247
44 285
44 382
44 446
44 496
45 48
45 49
45 90
45 198
45 269
45 287
45 291
45 327
46 62
47 163
47 176
47 251
47 407
47 419
47 450
48 57
48 117
48 215
48 216
48 268
48 363
49 67
49 301
49 342
49 465
50 168
50 371
50 421
51 482
52 122
52 197
52 292
53 89
53 93
53 242
53 316
53 355
53 388
53 397
54 93
54 142
54 152
54 226
54 321
55 112
55 194
58 312
59 128
59 158
59 420
59 425
59 480
60 217
60 241
60 447
60 474
61 384
62 83
62 309
62 457
63 192
63 422
64 85
64 132
64 204
64 218
64 478
65 74
65 84
65 377
66 69
66 80
66 241
66 307
66 381
66 431
67 281
67 376
68 130
68 373
68 462
68 466
68 470
69 385
69 477
70 121
70 270
70 283
71 111
71 254
71 499
72 196
72 234
72 245
73 221
73 405
73 438
74 118
74 126
78 82
79 112
79 434
80 378
81 184
81 203
81 267
81 394
83 460
85 348
85 485
86 87
86 187
87 200
88 498
89 109
89 340
89 391
90 375
91 147
91 240
91 264
92 173
93 156
93 250
93 273
93 369
93 489
93 493
94 120
94 181
94 305
96 98
96 400
97 159
97 209
97 395
98 164
99 279
100 138
101 215
101 406
101 409
102 372
103 157
104 325
107 150
107 154
108 370
111 178
112 113
113 228
113 308
114 338
115 350
117 146
118 179
119 170
119 479
124 286
124 358
125 233
125 293
127 322
128 429
129 318
129 346
132 290
132 495
137 148
139 332
140 445
142 334
144 491
145 205
159 469
162 177
165 468
167 202
178 393
191 258
210 265
216 236
229 341
231 472
237 411
250 490
296 347
